param-n,autorewrite-noop-regression-quadratic-real,autorewrite-noop-regression-quadratic-sys,autorewrite-noop-regression-quadratic-user,try-rewrite!-evar-noop-regression-quadratic-real,try-rewrite!-evar-noop-regression-quadratic-sys,try-rewrite!-evar-noop-regression-quadratic-user,try-rewrite!-noop-regression-quadratic-real,try-rewrite!-noop-regression-quadratic-sys,try-rewrite!-noop-regression-quadratic-user,try-rewrite-evar-noop-regression-quadratic-real,try-rewrite-evar-noop-regression-quadratic-sys,try-rewrite-evar-noop-regression-quadratic-user,try-rewrite-noop-regression-quadratic-real,try-rewrite-noop-regression-quadratic-sys,try-rewrite-noop-regression-quadratic-user,try-rewrite?-evar-noop-regression-quadratic-real,try-rewrite?-evar-noop-regression-quadratic-sys,try-rewrite?-evar-noop-regression-quadratic-user,try-rewrite?-noop-regression-quadratic-real,try-rewrite?-noop-regression-quadratic-sys,try-rewrite?-noop-regression-quadratic-user,try-ssr-rewrite!-evar-noop-regression-linear-real,try-ssr-rewrite!-evar-noop-regression-linear-sys,try-ssr-rewrite!-evar-noop-regression-linear-user,try-ssr-rewrite!-noop-regression-linear-real,try-ssr-rewrite!-noop-regression-linear-sys,try-ssr-rewrite!-noop-regression-linear-user,try-ssr-rewrite-evar-noop-regression-linear-real,try-ssr-rewrite-evar-noop-regression-linear-sys,try-ssr-rewrite-evar-noop-regression-linear-user,try-ssr-rewrite-noop-regression-linear-real,try-ssr-rewrite-noop-regression-linear-sys,try-ssr-rewrite-noop-regression-linear-user,try-ssr-rewrite?-evar-noop-regression-linear-real,try-ssr-rewrite?-evar-noop-regression-linear-sys,try-ssr-rewrite?-evar-noop-regression-linear-user,try-ssr-rewrite?-noop-regression-linear-real,try-ssr-rewrite?-noop-regression-linear-sys,try-ssr-rewrite?-noop-regression-linear-user
1,0.,0.,0.,0.,0.,0.,0.,0.,0.,0.,0.,0.,0.,0.,0.,0.,0.,0.,0.,0.,0.,0.,0.,0.,0.,0.,0.,0.,0.,0.,0.,0.,0.,0.,0.,0.,0.,0.,0.
2,0.,0.,0.,0.,0.,0.,0.,0.,0.,0.,0.,0.,0.,0.,0.,0.,0.,0.,0.,0.,0.,0.,0.,0.,0.,0.,0.,0.,0.,0.,0.,0.,0.,0.,0.,0.,0.,0.,0.
3,0.,0.,0.,0.,0.,0.,0.,0.,0.,0.,0.,0.,0.,0.,0.,0.,0.,0.,0.,0.,0.,0.,0.,0.,0.,0.,0.,0.,0.,0.,0.,0.,0.,0.,0.,0.,0.,0.,0.
4,0.,0.,0.,0.,0.,0.,0.,0.,0.,0.,0.,0.,0.,0.,0.,0.,0.,0.,0.,0.,0.,0.,0.,0.,0.,0.,0.,0.,0.,0.,0.,0.,0.,0.,0.,0.,0.,0.,0.
8,0.,0.,0.,0.,0.,0.,0.,0.,0.,0.,0.,0.,0.,0.,0.,0.,0.,0.,0.,0.,0.,0.,0.,0.,0.,0.,0.,0.,0.,0.,0.,0.,0.,0.,0.,0.,0.,0.,0.
12,0.,0.,0.,0.,0.,0.,0.,0.,0.,0.,0.,0.,0.,0.,0.,0.,0.,0.,0.,0.,0.,0.,0.,0.,0.,0.,0.,0.,0.,0.,0.,0.,0.,0.,0.,0.,0.,0.,0.
16,0.,0.,0.,0.,0.,0.,0.,0.,0.,0.,0.,0.,0.,0.,0.,0.,0.,0.,0.,0.,0.,0.,0.,0.,0.,0.,0.,0.,0.,0.,0.,0.,0.,0.,0.,0.,0.,0.,0.
20,0.,0.,0.,0.,0.,0.,0.,0.,0.,0.,0.,0.,0.,0.,0.,0.,0.,0.,0.,0.,0.,0.,0.,0.,0.,0.,0.,0.,0.,0.,0.,0.,0.,0.,0.,0.,0.,0.,0.
24,0.,0.,0.,0.,0.,0.,0.,0.,0.,0.,0.,0.,0.,0.,0.,0.,0.,0.,0.,0.,0.,0.,0.,0.,0.,0.,0.,0.,0.,0.,0.,0.,0.,0.,0.,0.,0.,0.,0.
28,0.,0.,0.,0.,0.,0.,0.,0.,0.,0.,0.,0.,0.,0.,0.,0.,0.,0.,0.,0.,0.,0.,0.,0.,0.,0.,0.,0.,0.,0.,0.,0.,0.,0.,0.,0.,0.,0.,0.
32,0.,0.,0.,0.,0.,0.,0.,0.,0.,0.,0.,0.,0.,0.,0.,0.,0.,0.,0.,0.,0.,0.,0.,0.,0.,0.,0.,0.,0.,0.,0.,0.,0.,0.,0.,0.,0.,0.,0.
36,0.,0.,0.,0.,0.,0.,0.,0.,0.,0.,0.,0.,0.,0.,0.,0.,0.,0.,0.,0.,0.,0.,0.,0.,0.,0.,0.,0.,0.,0.,0.,0.,0.,0.,0.,0.,0.,0.,0.
40,0.,0.,0.,0.,0.,0.,0.,0.,0.,0.,0.,0.,0.,0.,0.,0.,0.,0.,0.,0.,0.,0.,0.,0.,0.,0.,0.,0.,0.,0.,0.,0.,0.,0.,0.,0.,0.,0.,0.
44,0.,0.,0.,0.,0.,0.,0.,0.,0.,0.,0.,0.,0.,0.,0.,0.,0.,0.,0.,0.,0.,0.,0.,0.,0.,0.,0.,0.,0.,0.,0.,0.,0.,0.,0.,0.,0.,0.,0.
48,0.,0.,0.,0.,0.,0.,0.,0.,0.,0.,0.,0.,0.,0.,0.,0.,0.,0.,0.,0.,0.,0.,0.,0.,0.,0.,0.,0.,0.,0.,0.,0.,0.,0.,0.,0.,0.,0.,0.
50,0.,0.,0.,0.,0.,0.,0.,0.,0.,0.,0.,0.,0.,0.,0.,0.,0.,0.,0.,0.,0.,0.,0.,0.,0.,0.,0.,0.,0.,0.,0.,0.,0.,0.,0.,0.,0.,0.,0.
52,0.,0.,0.,0.,0.,0.,0.,0.,0.,0.,0.,0.,0.,0.,0.,0.,0.,0.,0.,0.,0.,0.,0.,0.,0.,0.,0.,0.,0.,0.,0.,0.,0.,0.,0.,0.,0.,0.,0.
56,0.,0.,0.,0.,0.,0.,0.,0.,0.,0.,0.,0.,0.,0.,0.,0.,0.,0.,0.,0.,0.,0.,0.,0.,0.,0.,0.,0.,0.,0.,0.,0.,0.,0.,0.,0.,0.,0.,0.
60,0.,0.,0.,0.,0.,0.,0.,0.,0.,0.,0.,0.,0.,0.,0.,0.,0.,0.,0.,0.,0.,0.,0.,0.,0.,0.,0.,0.,0.,0.,0.,0.,0.,0.,0.,0.,0.,0.,0.
64,0.,0.,0.,0.,0.,0.,0.,0.,0.,0.,0.,0.,0.,0.,0.,0.,0.,0.,0.,0.,0.,0.,0.,0.,0.,0.,0.,0.,0.,0.,0.,0.,0.,0.,0.,0.,0.,0.,0.
68,0.,0.,0.,0.,0.,0.,0.,0.,0.,0.,0.,0.,0.,0.,0.,0.,0.,0.,0.,0.,0.,0.,0.,0.,0.,0.,0.,0.,0.,0.,0.,0.,0.,0.,0.,0.,0.,0.,0.
72,0.,0.,0.,0.001,0.,0.001,0.,0.,0.,0.001,0.,0.001,0.,0.,0.,0.001,0.,0.001,0.,0.,0.,0.,0.,0.,0.,0.,0.,0.,0.,0.,0.,0.,0.,0.,0.,0.,0.,0.,0.
76,0.,0.,0.,0.001,0.,0.001,0.,0.,0.,0.001,0.,0.001,0.,0.,0.,0.001,0.,0.001,0.,0.,0.,0.,0.,0.,0.,0.,0.,0.,0.,0.,0.,0.,0.,0.,0.,0.,0.,0.,0.
80,0.,0.,0.,0.001,0.,0.001,0.,0.,0.,0.001,0.,0.001,0.038,0.,0.038,0.001,0.,0.001,0.,0.,0.,0.,0.,0.,0.,0.,0.,0.,0.,0.,0.,0.,0.,0.,0.,0.,0.,0.,0.
84,0.,0.,0.,0.001,0.,0.001,0.,0.,0.,0.001,0.,0.001,0.,0.,0.,0.001,0.,0.001,0.,0.,0.,0.,0.,0.,0.,0.,0.,0.,0.,0.,0.,0.,0.,0.,0.,0.,0.,0.,0.
88,0.,0.,0.,0.001,0.,0.001,0.,0.,0.,0.001,0.,0.001,0.,0.,0.,0.001,0.,0.001,0.,0.,0.,0.,0.,0.,0.,0.,0.,0.,0.,0.,0.,0.,0.,0.,0.,0.,0.,0.,0.
92,0.,0.,0.,0.001,0.,0.001,0.,0.,0.,0.001,0.,0.001,0.,0.,0.,0.001,0.,0.001,0.,0.,0.,0.,0.,0.,0.,0.,0.,0.,0.,0.,0.,0.,0.,0.,0.,0.,0.,0.,0.
96,0.,0.,0.,0.001,0.,0.001,0.,0.,0.,0.001,0.,0.001,0.,0.,0.,0.001,0.,0.001,0.,0.,0.,0.,0.,0.,0.,0.,0.,0.,0.,0.,0.,0.,0.,0.,0.,0.,0.,0.,0.
100,0.001,0.,0.,0.001,0.,0.,0.001,0.,0.,0.046,0.,0.045,0.001,0.,0.001,0.001,0.,0.001,0.001,0.,0.001,0.,0.,0.,0.,0.,0.,0.,0.,0.,0.,0.,0.,0.,0.,0.,0.,0.,0.
104,0.001,0.,0.001,0.002,0.,0.002,0.001,0.,0.001,0.001,0.,0.001,0.001,0.,0.001,0.001,0.,0.001,0.001,0.,0.001,0.,0.,0.,0.,0.,0.,0.,0.,0.,0.,0.,0.,0.,0.,0.,0.,0.,0.
108,0.001,0.,0.001,0.001,0.,0.001,0.001,0.,0.001,0.001,0.,0.001,0.001,0.,0.001,0.001,0.,0.001,0.001,0.,0.001,0.,0.,0.,0.,0.,0.,0.,0.,0.,0.,0.,0.,0.,0.,0.,0.,0.,0.
112,0.001,0.,0.001,0.001,0.,0.001,0.001,0.,0.001,0.001,0.,0.001,0.001,0.,0.001,0.001,0.,0.001,0.001,0.,0.001,0.,0.,0.,0.,0.,0.,0.,0.,0.,0.,0.,0.,0.,0.,0.,0.,0.,0.
116,0.001,0.,0.001,0.001,0.,0.001,0.001,0.,0.001,0.001,0.,0.001,0.001,0.,0.001,0.001,0.,0.001,0.001,0.,0.001,0.,0.,0.,0.,0.,0.,0.,0.,0.,0.,0.,0.,0.,0.,0.,0.,0.,0.
120,0.001,0.,0.001,0.002,0.,0.002,0.001,0.,0.001,0.001,0.,0.001,0.001,0.,0.001,0.001,0.,0.001,0.001,0.,0.001,0.,0.,0.,0.,0.,0.,0.,0.,0.,0.,0.,0.,0.,0.,0.,0.,0.,0.
124,0.001,0.,0.001,0.001,0.,0.001,0.001,0.,0.001,0.001,0.,0.001,0.001,0.,0.001,0.001,0.,0.001,0.001,0.,0.001,0.,0.,0.,0.,0.,0.,0.,0.,0.,0.,0.,0.,0.,0.,0.,0.,0.,0.
128,0.001,0.,0.001,0.002,0.,0.002,0.001,0.,0.001,0.002,0.,0.002,0.001,0.,0.001,0.002,0.,0.002,0.001,0.,0.001,0.,0.,0.,0.,0.,0.,0.,0.,0.,0.,0.,0.,0.,0.,0.,0.,0.,0.
132,0.001,0.,0.001,0.002,0.,0.002,0.001,0.,0.001,0.002,0.,0.002,0.001,0.,0.001,0.002,0.,0.002,0.001,0.,0.001,0.,0.,0.,0.,0.,0.,0.,0.,0.,0.,0.,0.,0.,0.,0.,0.,0.,0.
136,0.001,0.,0.001,0.002,0.,0.002,0.001,0.,0.001,0.002,0.,0.002,0.001,0.,0.001,0.002,0.,0.002,0.001,0.,0.001,0.,0.,0.,0.,0.,0.,0.,0.,0.,0.,0.,0.,0.,0.,0.,0.,0.,0.
140,0.001,0.,0.001,0.002,0.,0.002,0.001,0.,0.001,0.002,0.,0.002,0.001,0.,0.001,0.002,0.,0.002,0.001,0.,0.001,0.,0.,0.,0.,0.,0.,0.,0.,0.,0.,0.,0.,0.,0.,0.,0.,0.,0.
144,0.001,0.,0.001,0.002,0.,0.002,0.001,0.,0.001,0.002,0.,0.002,0.001,0.,0.001,0.002,0.,0.002,0.001,0.,0.001,0.,0.,0.,0.,0.,0.,0.,0.,0.,0.,0.,0.,0.,0.,0.,0.,0.,0.
148,0.001,0.,0.001,0.002,0.,0.002,0.001,0.,0.001,0.002,0.,0.002,0.001,0.,0.001,0.002,0.,0.002,0.001,0.,0.001,0.,0.,0.,0.,0.,0.,0.,0.,0.,0.,0.,0.,0.,0.,0.,0.,0.,0.
150,0.001,0.,0.001,0.002,0.,0.002,0.001,0.,0.001,0.002,0.,0.002,0.001,0.,0.001,0.002,0.,0.002,0.001,0.,0.001,0.,0.,0.,0.,0.,0.,0.,0.,0.,0.,0.,0.,0.,0.,0.,0.,0.,0.
152,0.001,0.,0.001,0.002,0.,0.002,0.001,0.,0.001,0.002,0.,0.002,0.001,0.,0.001,0.002,0.,0.002,0.001,0.,0.001,0.,0.,0.,0.,0.,0.,0.,0.,0.,0.,0.,0.,0.,0.,0.,0.,0.,0.
156,0.001,0.,0.001,0.002,0.,0.002,0.001,0.,0.001,0.002,0.,0.002,0.001,0.,0.001,0.002,0.,0.002,0.001,0.,0.001,0.,0.,0.,0.,0.,0.,0.,0.,0.,0.,0.,0.,0.,0.,0.,0.,0.,0.
160,0.002,0.,0.002,0.002,0.,0.002,0.001,0.,0.001,0.002,0.,0.001,0.001,0.,0.001,0.002,0.,0.002,0.001,0.,0.001,0.,0.,0.,0.,0.,0.,0.,0.,0.,0.,0.,0.,0.,0.,0.,0.,0.,0.
164,0.001,0.,0.001,0.002,0.,0.002,0.001,0.,0.001,0.002,0.,0.002,0.001,0.,0.001,0.002,0.,0.002,0.001,0.,0.001,0.,0.,0.,0.,0.,0.,0.,0.,0.,0.,0.,0.,0.,0.,0.,0.,0.,0.
168,0.001,0.,0.001,0.003,0.,0.003,0.001,0.,0.001,0.002,0.,0.002,0.001,0.,0.001,0.002,0.,0.002,0.001,0.,0.001,0.,0.,0.,0.,0.,0.,0.,0.,0.,0.,0.,0.,0.,0.,0.,0.,0.,0.
172,0.001,0.,0.001,0.003,0.,0.003,0.001,0.,0.001,0.003,0.,0.003,0.001,0.,0.001,0.003,0.,0.003,0.001,0.,0.001,0.,0.,0.,0.,0.,0.,0.,0.,0.,0.,0.,0.,0.,0.,0.,0.,0.,0.
176,0.001,0.,0.001,0.003,0.,0.002,0.001,0.,0.001,0.003,0.,0.003,0.001,0.,0.001,0.003,0.,0.003,0.001,0.,0.001,0.,0.,0.,0.,0.,0.,0.,0.,0.,0.,0.,0.,0.,0.,0.,0.,0.,0.
180,0.002,0.,0.002,0.003,0.,0.003,0.002,0.,0.002,0.003,0.,0.003,0.002,0.,0.002,0.003,0.,0.003,0.002,0.,0.002,0.,0.,0.,0.,0.,0.,0.,0.,0.,0.,0.,0.,0.,0.,0.,0.,0.,0.
184,0.002,0.,0.002,0.003,0.,0.003,0.002,0.,0.002,0.003,0.,0.003,0.002,0.,0.002,0.003,0.,0.003,0.002,0.,0.002,0.,0.,0.,0.,0.,0.,0.,0.,0.,0.,0.,0.,0.,0.,0.,0.,0.,0.
188,0.002,0.,0.002,0.003,0.,0.003,0.002,0.,0.002,0.003,0.,0.003,0.002,0.,0.002,0.003,0.,0.003,0.002,0.,0.002,0.,0.,0.,0.,0.,0.,0.,0.,0.,0.,0.,0.,0.,0.,0.,0.,0.,0.
192,0.002,0.,0.002,0.003,0.,0.003,0.002,0.,0.002,0.003,0.,0.003,0.002,0.,0.002,0.003,0.,0.003,0.002,0.,0.002,0.,0.,0.,0.,0.,0.,0.,0.,0.,0.,0.,0.,0.,0.,0.,0.,0.,0.
196,0.002,0.,0.002,0.003,0.,0.003,0.002,0.,0.002,0.003,0.,0.003,0.002,0.,0.002,0.003,0.,0.003,0.002,0.,0.001,0.,0.,0.,0.,0.,0.,0.,0.,0.,0.,0.,0.,0.,0.,0.,0.,0.,0.
200,0.002,0.,0.002,0.003,0.,0.003,0.002,0.,0.002,0.003,0.,0.003,0.002,0.,0.002,0.003,0.,0.003,0.002,0.,0.002,0.,0.,0.,0.,0.,0.,0.,0.,0.,0.,0.,0.,0.,0.,0.,0.,0.,0.
204,0.002,0.,0.002,0.003,0.,0.003,0.002,0.,0.002,0.003,0.,0.003,0.002,0.,0.002,0.003,0.,0.003,0.002,0.,0.002,0.,0.,0.,0.,0.,0.,0.,0.,0.,0.,0.,0.,0.,0.,0.,0.,0.,0.
208,0.002,0.,0.002,0.004,0.,0.004,0.002,0.,0.002,0.004,0.,0.004,0.002,0.,0.002,0.004,0.,0.004,0.002,0.,0.002,0.,0.,0.,0.,0.,0.,0.,0.,0.,0.,0.,0.,0.,0.,0.,0.,0.,0.
212,0.002,0.,0.002,0.004,0.,0.004,0.002,0.,0.001,0.004,0.,0.004,0.002,0.,0.002,0.004,0.,0.004,0.002,0.,0.002,0.,0.,0.,0.,0.,0.,0.,0.,0.,0.,0.,0.,0.,0.,0.,0.,0.,0.
216,0.002,0.,0.002,0.004,0.,0.004,0.002,0.,0.002,0.004,0.,0.004,0.003,0.,0.003,0.004,0.,0.004,0.002,0.,0.002,0.,0.,0.,0.,0.,0.,0.,0.,0.,0.,0.,0.,0.,0.,0.,0.,0.,0.
220,0.002,0.,0.002,0.004,0.,0.004,0.002,0.,0.002,0.004,0.,0.004,0.002,0.,0.002,0.004,0.,0.004,0.002,0.,0.002,0.,0.,0.,0.,0.,0.,0.,0.,0.,0.,0.,0.,0.,0.,0.,0.,0.,0.
224,0.003,0.,0.003,0.004,0.,0.004,0.002,0.,0.002,0.004,0.,0.004,0.002,0.,0.002,0.004,0.,0.004,0.002,0.,0.002,0.,0.,0.,0.,0.,0.,0.,0.,0.,0.,0.,0.,0.,0.,0.,0.,0.,0.
228,0.002,0.,0.002,0.004,0.,0.004,0.002,0.,0.002,0.005,0.,0.005,0.002,0.,0.002,0.004,0.,0.004,0.002,0.,0.002,0.,0.,0.,0.,0.,0.,0.,0.,0.,0.,0.,0.,0.,0.,0.,0.,0.,0.
232,0.002,0.,0.002,0.004,0.,0.004,0.002,0.,0.002,0.005,0.,0.005,0.002,0.,0.002,0.004,0.,0.004,0.002,0.,0.002,0.,0.,0.,0.,0.,0.,0.,0.,0.,0.,0.,0.,0.,0.,0.,0.,0.,0.
236,0.003,0.,0.003,0.005,0.,0.005,0.003,0.,0.003,0.005,0.,0.005,0.003,0.,0.003,0.005,0.,0.005,0.003,0.,0.003,0.,0.,0.,0.,0.,0.,0.,0.,0.,0.,0.,0.,0.,0.,0.,0.,0.,0.
240,0.003,0.,0.003,0.004,0.,0.004,0.003,0.,0.003,0.004,0.,0.004,0.003,0.,0.003,0.004,0.,0.004,0.003,0.,0.003,0.,0.,0.,0.,0.,0.,0.,0.,0.,0.,0.,0.,0.,0.,0.,0.,0.,0.
244,0.003,0.,0.003,0.005,0.,0.005,0.003,0.,0.003,0.005,0.,0.005,0.003,0.,0.003,0.005,0.,0.005,0.003,0.,0.003,0.,0.,0.,0.,0.,0.,0.,0.,0.,0.,0.,0.,0.,0.,0.,0.,0.,0.
248,0.003,0.,0.003,0.005,0.,0.005,0.003,0.,0.003,0.005,0.,0.005,0.003,0.,0.003,0.005,0.,0.005,0.003,0.,0.003,0.,0.,0.,0.,0.,0.,0.,0.,0.,0.,0.,0.,0.,0.,0.,0.,0.,0.
250,0.003,0.,0.003,0.005,0.,0.005,0.004,0.,0.004,0.005,0.,0.005,0.003,0.,0.003,0.005,0.,0.005,0.003,0.,0.003,0.,0.,0.,0.,0.,0.,0.,0.,0.,0.,0.,0.,0.,0.,0.,0.,0.,0.
252,0.003,0.,0.003,0.005,0.,0.005,0.003,0.,0.003,0.005,0.,0.005,0.003,0.,0.003,0.005,0.,0.005,0.003,0.,0.003,0.,0.,0.,0.,0.,0.,0.,0.,0.,0.,0.,0.,0.,0.,0.,0.,0.,0.
256,0.003,0.,0.003,0.005,0.,0.005,0.003,0.,0.003,0.005,0.,0.005,0.003,0.,0.003,0.005,0.,0.005,0.003,0.,0.003,0.,0.,0.,0.,0.,0.,0.,0.,0.,0.,0.,0.,0.,0.,0.,0.,0.,0.
260,0.003,0.,0.003,0.005,0.,0.005,0.003,0.,0.003,0.005,0.,0.005,0.003,0.,0.003,0.005,0.,0.005,0.003,0.,0.003,0.,0.,0.,0.,0.,0.,0.,0.,0.,0.,0.,0.,0.,0.,0.,0.,0.,0.
264,0.003,0.,0.003,0.005,0.,0.005,0.003,0.,0.003,0.005,0.,0.005,0.003,0.,0.003,0.006,0.,0.006,0.003,0.,0.003,0.,0.,0.,0.,0.,0.,0.,0.,0.,0.,0.,0.,0.,0.,0.,0.,0.,0.
268,0.003,0.,0.003,0.006,0.,0.006,0.003,0.,0.003,0.006,0.,0.006,0.003,0.,0.003,0.006,0.,0.006,0.003,0.,0.003,0.,0.,0.,0.,0.,0.,0.,0.,0.,0.,0.,0.,0.,0.,0.,0.,0.,0.
272,0.003,0.,0.003,0.005,0.,0.005,0.004,0.,0.004,0.005,0.,0.005,0.003,0.,0.003,0.005,0.,0.005,0.003,0.,0.003,0.,0.,0.,0.,0.,0.,0.,0.,0.,0.,0.,0.,0.,0.,0.,0.,0.,0.
276,0.003,0.,0.003,0.007,0.,0.007,0.003,0.,0.003,0.006,0.,0.006,0.003,0.,0.003,0.006,0.,0.006,0.003,0.,0.003,0.,0.,0.,0.,0.,0.,0.,0.,0.,0.,0.,0.,0.,0.,0.,0.,0.,0.
280,0.003,0.,0.003,0.006,0.,0.006,0.003,0.,0.003,0.006,0.,0.006,0.003,0.,0.003,0.007,0.,0.007,0.003,0.,0.003,0.,0.,0.,0.,0.,0.,0.,0.,0.,0.,0.,0.,0.,0.,0.,0.,0.,0.
284,0.003,0.,0.003,0.006,0.,0.006,0.004,0.,0.004,0.006,0.,0.006,0.004,0.,0.004,0.006,0.,0.006,0.004,0.,0.004,0.,0.,0.,0.,0.,0.,0.,0.,0.,0.,0.,0.,0.,0.,0.,0.,0.,0.
288,0.004,0.,0.004,0.006,0.,0.006,0.004,0.,0.004,0.006,0.,0.006,0.004,0.,0.004,0.006,0.,0.006,0.004,0.,0.004,0.,0.,0.,0.,0.,0.,0.,0.,0.,0.,0.,0.,0.,0.,0.,0.,0.,0.
292,0.004,0.,0.004,0.006,0.,0.006,0.004,0.,0.004,0.006,0.,0.006,0.004,0.,0.004,0.006,0.,0.006,0.004,0.,0.004,0.,0.,0.,0.,0.,0.,0.,0.,0.,0.,0.,0.,0.,0.,0.,0.,0.,0.
296,0.004,0.,0.004,0.006,0.,0.006,0.004,0.,0.004,0.006,0.,0.006,0.004,0.,0.004,0.006,0.,0.006,0.004,0.,0.004,0.,0.,0.,0.,0.,0.,0.,0.,0.,0.,0.,0.,0.,0.,0.,0.,0.,0.
300,0.004,0.,0.004,0.007,0.,0.007,0.004,0.,0.004,0.007,0.,0.007,0.004,0.,0.004,0.007,0.,0.007,0.004,0.,0.004,0.,0.,0.,0.,0.,0.,0.,0.,0.,0.,0.,0.,0.,0.,0.,0.,0.,0.
304,0.004,0.,0.004,0.007,0.,0.007,0.004,0.,0.004,0.007,0.,0.007,0.004,0.,0.004,0.007,0.,0.007,0.004,0.,0.004,0.,0.,0.,0.,0.,0.,0.,0.,0.,0.,0.,0.,0.,0.,0.,0.,0.,0.
308,0.004,0.,0.004,0.007,0.,0.007,0.004,0.,0.004,0.008,0.,0.008,0.004,0.,0.004,0.007,0.,0.007,0.004,0.,0.004,0.,0.,0.,0.,0.,0.,0.,0.,0.,0.,0.,0.,0.,0.,0.,0.,0.,0.
312,0.004,0.,0.004,0.007,0.,0.007,0.004,0.,0.004,0.007,0.,0.007,0.004,0.,0.004,0.007,0.,0.007,0.004,0.,0.004,0.,0.,0.,0.,0.,0.,0.,0.,0.,0.,0.,0.,0.,0.,0.,0.,0.,0.
316,0.004,0.,0.004,0.007,0.,0.007,0.004,0.,0.004,0.007,0.,0.007,0.004,0.,0.004,0.007,0.,0.007,0.004,0.,0.004,0.,0.,0.,0.,0.,0.,0.,0.,0.,0.,0.,0.,0.,0.,0.,0.,0.,0.
320,0.004,0.,0.004,0.007,0.,0.007,0.004,0.,0.004,0.007,0.,0.007,0.004,0.,0.004,0.007,0.,0.007,0.004,0.,0.004,0.,0.,0.,0.,0.,0.,0.,0.,0.,0.,0.,0.,0.,0.,0.,0.,0.,0.
324,0.004,0.,0.004,0.008,0.,0.008,0.004,0.,0.004,0.008,0.,0.008,0.004,0.,0.004,0.008,0.,0.008,0.004,0.,0.004,0.,0.,0.,0.,0.,0.,0.,0.,0.,0.,0.,0.,0.,0.,0.,0.,0.,0.
328,0.005,0.,0.005,0.008,0.,0.008,0.005,0.,0.005,0.008,0.,0.008,0.004,0.,0.004,0.008,0.,0.008,0.005,0.,0.005,0.,0.,0.,0.,0.,0.,0.,0.,0.,0.,0.,0.,0.,0.,0.,0.,0.,0.
332,0.005,0.,0.005,0.008,0.,0.008,0.005,0.,0.005,0.008,0.,0.008,0.005,0.,0.005,0.008,0.,0.008,0.005,0.,0.004,0.,0.,0.,0.,0.,0.,0.,0.,0.,0.,0.,0.,0.,0.,0.,0.,0.,0.
336,0.005,0.,0.005,0.008,0.,0.007,0.005,0.,0.005,0.008,0.,0.008,0.005,0.,0.005,0.008,0.,0.008,0.005,0.,0.005,0.,0.,0.,0.,0.,0.,0.,0.,0.,0.,0.,0.,0.,0.,0.,0.,0.,0.
340,0.005,0.,0.005,0.008,0.,0.008,0.005,0.,0.005,0.008,0.,0.008,0.005,0.,0.005,0.008,0.,0.008,0.005,0.,0.005,0.,0.,0.,0.,0.,0.,0.,0.,0.,0.,0.,0.,0.,0.,0.,0.,0.,0.
344,0.005,0.,0.005,0.008,0.,0.008,0.005,0.,0.005,0.008,0.,0.008,0.005,0.,0.005,0.008,0.,0.008,0.005,0.,0.005,0.,0.,0.,0.,0.,0.,0.,0.,0.,0.,0.,0.,0.,0.,0.,0.,0.,0.
348,0.005,0.,0.005,0.008,0.,0.008,0.005,0.,0.005,0.008,0.,0.008,0.005,0.,0.005,0.009,0.,0.009,0.005,0.,0.005,0.,0.,0.,0.,0.,0.,0.,0.,0.,0.,0.,0.,0.,0.,0.,0.,0.,0.
350,0.005,0.,0.005,0.009,0.,0.009,0.005,0.,0.005,0.008,0.,0.008,0.005,0.,0.005,0.008,0.,0.008,0.005,0.,0.005,0.,0.,0.,0.,0.,0.,0.,0.,0.,0.,0.,0.,0.,0.,0.,0.,0.,0.
352,0.005,0.,0.005,0.009,0.,0.009,0.005,0.,0.005,0.008,0.,0.008,0.005,0.,0.005,0.009,0.,0.009,0.005,0.,0.005,0.,0.,0.,0.,0.,0.,0.,0.,0.,0.,0.,0.,0.,0.,0.,0.,0.,0.
356,0.005,0.,0.005,0.009,0.,0.009,0.005,0.,0.005,0.009,0.,0.009,0.005,0.,0.005,0.009,0.,0.009,0.005,0.,0.005,0.,0.,0.,0.,0.,0.,0.,0.,0.,0.,0.,0.,0.,0.,0.,0.,0.,0.
360,0.005,0.,0.005,0.009,0.,0.009,0.005,0.,0.005,0.009,0.,0.009,0.005,0.,0.005,0.009,0.,0.009,0.005,0.,0.005,0.,0.,0.,0.,0.,0.,0.,0.,0.,0.,0.,0.,0.,0.,0.,0.,0.,0.
364,0.005,0.,0.005,0.009,0.,0.009,0.005,0.,0.005,0.009,0.,0.009,0.005,0.,0.005,0.009,0.,0.009,0.006,0.,0.006,0.,0.,0.,0.,0.,0.,0.,0.,0.,0.,0.,0.,0.,0.,0.,0.,0.,0.
368,0.006,0.,0.006,0.01,0.,0.01,0.005,0.,0.005,0.01,0.,0.01,0.006,0.,0.006,0.01,0.,0.01,0.006,0.,0.006,0.,0.,0.,0.,0.,0.,0.,0.,0.,0.,0.,0.,0.,0.,0.,0.,0.,0.
372,0.006,0.,0.006,0.01,0.,0.01,0.006,0.,0.006,0.01,0.,0.01,0.005,0.,0.005,0.01,0.,0.01,0.006,0.,0.006,0.,0.,0.,0.,0.,0.,0.,0.,0.,0.,0.,0.,0.,0.,0.,0.,0.,0.
376,0.006,0.,0.006,0.01,0.,0.01,0.006,0.,0.006,0.01,0.,0.01,0.006,0.,0.006,0.01,0.,0.01,0.006,0.,0.006,0.,0.,0.,0.,0.,0.,0.,0.,0.,0.,0.,0.,0.,0.,0.,0.,0.,0.
380,0.006,0.,0.006,0.01,0.,0.01,0.006,0.,0.006,0.01,0.,0.01,0.006,0.,0.006,0.01,0.,0.01,0.006,0.,0.006,0.,0.,0.,0.,0.,0.,0.,0.,0.,0.,0.,0.,0.,0.,0.,0.,0.,0.
384,0.006,0.,0.006,0.011,0.,0.011,0.006,0.,0.006,0.011,0.,0.011,0.006,0.,0.006,0.01,0.,0.01,0.006,0.,0.006,0.,0.,0.,0.,0.,0.,0.,0.,0.,0.,0.,0.,0.,0.,0.,0.,0.,0.
388,0.006,0.,0.006,0.011,0.,0.011,0.006,0.,0.006,0.01,0.,0.01,0.006,0.,0.006,0.01,0.,0.01,0.006,0.,0.006,0.,0.,0.,0.,0.,0.,0.,0.,0.,0.,0.,0.,0.,0.,0.,0.,0.,0.
392,0.006,0.,0.006,0.01,0.,0.01,0.007,0.,0.007,0.01,0.,0.01,0.006,0.,0.006,0.01,0.,0.01,0.006,0.,0.006,0.,0.,0.,0.,0.,0.,0.,0.,0.,0.,0.,0.,0.,0.,0.,0.,0.,0.
396,0.006,0.,0.006,0.01,0.,0.01,0.007,0.,0.007,0.011,0.,0.011,0.006,0.,0.006,0.011,0.,0.011,0.007,0.,0.007,0.,0.,0.,0.,0.,0.,0.,0.,0.,0.,0.,0.,0.,0.,0.,0.,0.,0.
400,0.006,0.,0.006,0.01,0.,0.01,0.006,0.,0.006,0.01,0.,0.01,0.006,0.,0.006,0.01,0.,0.01,0.006,0.,0.006,0.,0.,0.,0.,0.,0.,0.,0.,0.,0.,0.,0.,0.,0.,0.,0.,0.,0.
404,0.007,0.,0.007,0.011,0.,0.011,0.007,0.,0.007,0.011,0.,0.011,0.007,0.,0.007,0.011,0.,0.011,0.007,0.,0.007,0.,0.,0.,0.,0.,0.,0.,0.,0.,0.,0.,0.,0.,0.,0.,0.,0.,0.
408,0.007,0.,0.007,0.011,0.,0.011,0.007,0.,0.007,0.011,0.,0.011,0.007,0.,0.007,0.011,0.,0.011,0.007,0.,0.007,0.,0.,0.,0.,0.,0.,0.,0.,0.,0.,0.,0.,0.,0.,0.,0.,0.,0.
412,0.007,0.,0.007,0.011,0.,0.011,0.007,0.,0.007,0.011,0.,0.011,0.007,0.,0.007,0.011,0.,0.011,0.007,0.,0.007,0.,0.,0.,0.,0.,0.,0.,0.,0.,0.,0.,0.,0.,0.,0.,0.,0.,0.
416,0.007,0.,0.007,0.011,0.,0.011,0.007,0.,0.007,0.011,0.,0.011,0.007,0.,0.007,0.011,0.,0.011,0.007,0.,0.007,0.,0.,0.,0.,0.,0.,0.,0.,0.,0.,0.,0.,0.,0.,0.,0.,0.,0.
420,0.007,0.,0.007,0.011,0.,0.011,0.007,0.,0.007,0.011,0.,0.011,0.007,0.,0.007,0.012,0.,0.012,0.007,0.,0.007,0.,0.,0.,0.,0.,0.,0.,0.,0.,0.,0.,0.,0.,0.,0.,0.,0.,0.
424,0.007,0.,0.007,0.012,0.,0.012,0.007,0.,0.007,0.012,0.,0.012,0.007,0.,0.007,0.012,0.,0.012,0.007,0.,0.007,0.,0.,0.,0.,0.,0.,0.,0.,0.,0.,0.,0.,0.,0.,0.,0.,0.,0.
428,0.007,0.,0.007,0.012,0.,0.012,0.008,0.,0.008,0.012,0.,0.012,0.007,0.,0.007,0.013,0.,0.013,0.007,0.,0.007,0.,0.,0.,0.,0.,0.,0.,0.,0.,0.,0.,0.,0.,0.,0.,0.,0.,0.
432,0.007,0.,0.007,0.013,0.,0.013,0.007,0.,0.007,0.013,0.,0.013,0.007,0.,0.007,0.013,0.,0.013,0.007,0.,0.007,0.,0.,0.,0.,0.,0.,0.,0.,0.,0.,0.,0.,0.,0.,0.,0.,0.,0.
436,0.007,0.,0.007,0.012,0.,0.012,0.007,0.,0.007,0.012,0.,0.012,0.008,0.,0.008,0.013,0.,0.013,0.007,0.,0.007,0.,0.,0.,0.,0.,0.,0.,0.,0.,0.,0.,0.,0.,0.,0.,0.,0.,0.
440,0.008,0.,0.008,0.013,0.,0.013,0.008,0.,0.008,0.013,0.,0.013,0.008,0.,0.008,0.013,0.,0.013,0.008,0.,0.008,0.,0.,0.,0.,0.,0.,0.,0.,0.,0.,0.,0.,0.,0.,0.,0.,0.,0.
444,0.008,0.,0.008,0.013,0.,0.013,0.008,0.,0.008,0.013,0.,0.013,0.008,0.,0.008,0.013,0.,0.013,0.008,0.,0.007,0.,0.,0.,0.,0.,0.,0.,0.,0.,0.,0.,0.,0.,0.,0.,0.,0.,0.
448,0.008,0.,0.008,0.014,0.,0.014,0.009,0.,0.009,0.013,0.,0.013,0.009,0.,0.009,0.014,0.,0.014,0.009,0.,0.009,0.,0.,0.,0.,0.,0.,0.,0.,0.,0.,0.,0.,0.,0.,0.,0.,0.,0.
452,0.008,0.,0.008,0.013,0.,0.013,0.009,0.,0.009,0.013,0.,0.013,0.008,0.,0.008,0.013,0.,0.013,0.008,0.,0.008,0.,0.,0.,0.,0.,0.,0.,0.,0.,0.,0.,0.,0.,0.,0.,0.,0.,0.
456,0.008,0.,0.008,0.014,0.,0.014,0.008,0.,0.008,0.014,0.,0.014,0.008,0.,0.008,0.014,0.,0.014,0.009,0.,0.009,0.,0.,0.,0.,0.,0.,0.,0.,0.,0.,0.,0.,0.,0.,0.,0.,0.,0.
460,0.009,0.,0.009,0.013,0.,0.013,0.008,0.,0.008,0.014,0.,0.014,0.008,0.,0.008,0.014,0.,0.014,0.009,0.,0.009,0.,0.,0.,0.,0.,0.,0.,0.,0.,0.,0.,0.,0.,0.,0.,0.,0.,0.
464,0.008,0.,0.008,0.014,0.,0.014,0.008,0.,0.008,0.014,0.,0.014,0.008,0.,0.008,0.015,0.,0.015,0.008,0.,0.008,0.,0.,0.,0.,0.,0.,0.,0.,0.,0.,0.,0.,0.,0.,0.,0.,0.,0.
468,0.008,0.,0.008,0.015,0.,0.015,0.008,0.,0.008,0.014,0.,0.014,0.008,0.,0.008,0.014,0.,0.014,0.008,0.,0.008,0.,0.,0.,0.,0.,0.,0.,0.,0.,0.,0.,0.,0.,0.,0.,0.,0.,0.
472,0.008,0.,0.008,0.014,0.,0.014,0.009,0.,0.009,0.014,0.,0.014,0.009,0.,0.009,0.014,0.,0.014,0.009,0.,0.009,0.,0.,0.,0.,0.,0.,0.,0.,0.,0.,0.,0.,0.,0.,0.,0.,0.,0.
476,0.009,0.,0.009,0.014,0.,0.014,0.009,0.,0.009,0.014,0.,0.014,0.009,0.,0.009,0.014,0.,0.014,0.009,0.,0.009,0.,0.,0.,0.,0.,0.,0.,0.,0.,0.,0.,0.,0.,0.,0.,0.,0.,0.
480,0.009,0.,0.009,0.014,0.,0.014,0.009,0.,0.009,0.014,0.,0.014,0.009,0.,0.009,0.015,0.,0.015,0.009,0.,0.009,0.,0.,0.,0.,0.,0.,0.,0.,0.,0.,0.,0.,0.,0.,0.,0.,0.,0.
484,0.009,0.,0.009,0.016,0.,0.016,0.009,0.,0.009,0.016,0.,0.016,0.009,0.,0.009,0.015,0.,0.015,0.009,0.,0.009,0.,0.,0.,0.,0.,0.,0.,0.,0.,0.,0.,0.,0.,0.,0.,0.,0.,0.
488,0.011,0.,0.011,0.015,0.,0.015,0.009,0.,0.009,0.015,0.,0.015,0.009,0.,0.009,0.015,0.,0.015,0.009,0.,0.009,0.,0.,0.,0.,0.,0.,0.,0.,0.,0.,0.,0.,0.,0.,0.,0.,0.,0.
492,0.009,0.,0.009,0.015,0.,0.015,0.009,0.,0.009,0.015,0.,0.015,0.01,0.,0.01,0.016,0.,0.016,0.009,0.,0.009,0.,0.,0.,0.,0.,0.,0.,0.,0.,0.,0.,0.,0.,0.,0.,0.,0.,0.
496,0.009,0.,0.009,0.015,0.,0.015,0.009,0.,0.009,0.015,0.,0.015,0.009,0.,0.009,0.015,0.,0.015,0.01,0.,0.01,0.,0.,0.,0.,0.,0.,0.,0.,0.,0.,0.,0.,0.,0.,0.,0.,0.,0.
500,0.009,0.,0.009,0.016,0.,0.016,0.009,0.,0.009,0.015,0.,0.015,0.009,0.,0.009,0.015,0.,0.015,0.009,0.,0.009,0.,0.,0.,0.,0.,0.,0.,0.,0.,0.,0.,0.,0.,0.,0.,0.,0.,0.
504,0.01,0.,0.01,0.016,0.,0.016,0.01,0.,0.01,0.016,0.,0.016,0.009,0.,0.009,0.016,0.,0.016,0.01,0.,0.01,0.,0.,0.,0.,0.,0.,0.,0.,0.,0.,0.,0.,0.,0.,0.,0.,0.,0.
508,0.01,0.,0.01,0.016,0.,0.016,0.01,0.,0.01,0.016,0.,0.016,0.01,0.,0.01,0.016,0.,0.016,0.01,0.,0.01,0.,0.,0.,0.,0.,0.,0.,0.,0.,0.,0.,0.,0.,0.,0.,0.,0.,0.
512,0.01,0.,0.01,0.018,0.,0.018,0.01,0.,0.01,0.018,0.,0.018,0.01,0.,0.01,0.018,0.,0.018,0.01,0.,0.01,0.,0.,0.,0.,0.,0.,0.,0.,0.,0.,0.,0.,0.,0.,0.,0.,0.,0.
516,0.01,0.,0.01,0.016,0.,0.016,0.01,0.,0.01,0.016,0.,0.016,0.01,0.,0.01,0.017,0.,0.017,0.01,0.,0.01,0.,0.,0.,0.,0.,0.,0.,0.,0.,0.,0.,0.,0.,0.,0.,0.,0.,0.
520,0.01,0.,0.01,0.016,0.,0.016,0.01,0.,0.01,0.017,0.,0.017,0.01,0.,0.01,0.017,0.,0.017,0.01,0.,0.01,0.,0.,0.,0.,0.,0.,0.,0.,0.,0.,0.,0.,0.,0.,0.,0.,0.,0.
524,0.01,0.,0.01,0.017,0.,0.017,0.01,0.,0.01,0.017,0.,0.017,0.011,0.,0.011,0.016,0.,0.016,0.01,0.,0.01,0.,0.,0.,0.,0.,0.,0.,0.,0.,0.,0.,0.,0.,0.,0.,0.,0.,0.
528,0.01,0.,0.01,0.016,0.,0.016,0.01,0.,0.01,0.017,0.,0.017,0.011,0.,0.011,0.017,0.,0.017,0.01,0.,0.01,0.,0.,0.,0.,0.,0.,0.,0.,0.,0.,0.,0.,0.,0.,0.,0.,0.,0.
532,0.01,0.,0.01,0.017,0.,0.017,0.011,0.,0.011,0.018,0.,0.018,0.011,0.,0.011,0.017,0.,0.017,0.011,0.,0.01,0.,0.,0.,0.,0.,0.,0.,0.,0.,0.,0.,0.,0.,0.,0.,0.,0.,0.
536,0.011,0.,0.011,0.019,0.,0.019,0.01,0.,0.01,0.019,0.,0.019,0.011,0.,0.011,0.019,0.,0.019,0.011,0.,0.011,0.,0.,0.,0.,0.,0.,0.,0.,0.,0.,0.,0.,0.,0.,0.,0.,0.,0.
540,0.011,0.,0.011,0.018,0.,0.018,0.011,0.,0.011,0.018,0.,0.018,0.011,0.,0.011,0.018,0.,0.018,0.01,0.,0.01,0.,0.,0.,0.,0.,0.,0.,0.,0.,0.,0.,0.,0.,0.,0.,0.,0.,0.
544,0.011,0.,0.011,0.018,0.,0.018,0.012,0.,0.012,0.018,0.,0.018,0.011,0.,0.011,0.018,0.,0.018,0.011,0.,0.011,0.,0.,0.,0.,0.,0.,0.,0.,0.,0.,0.,0.,0.,0.,0.,0.,0.,0.
548,0.011,0.,0.011,0.019,0.,0.019,0.012,0.,0.012,0.019,0.,0.019,0.012,0.,0.011,0.019,0.,0.018,0.012,0.,0.012,0.,0.,0.,0.,0.,0.,0.,0.,0.,0.,0.,0.,0.,0.,0.,0.,0.,0.
552,0.012,0.,0.012,0.019,0.,0.019,0.012,0.,0.012,0.019,0.,0.019,0.012,0.,0.012,0.019,0.,0.019,0.012,0.,0.012,0.,0.,0.,0.,0.,0.,0.,0.,0.,0.,0.,0.,0.,0.,0.,0.,0.,0.
556,0.012,0.,0.012,0.019,0.,0.019,0.012,0.,0.012,0.019,0.,0.019,0.012,0.,0.012,0.019,0.,0.019,0.012,0.,0.012,0.,0.,0.,0.,0.,0.,0.,0.,0.,0.,0.,0.,0.,0.,0.,0.,0.,0.
560,0.012,0.,0.012,0.02,0.,0.02,0.012,0.,0.012,0.02,0.,0.02,0.012,0.,0.012,0.021,0.,0.021,0.012,0.,0.012,0.,0.,0.,0.,0.,0.,0.,0.,0.,0.,0.,0.,0.,0.,0.,0.,0.,0.
564,0.012,0.,0.012,0.021,0.,0.021,0.012,0.,0.012,0.019,0.,0.019,0.012,0.,0.012,0.019,0.,0.019,0.012,0.,0.012,0.,0.,0.,0.,0.,0.,0.,0.,0.,0.,0.,0.,0.,0.,0.,0.,0.,0.
568,0.012,0.,0.012,0.021,0.,0.021,0.012,0.,0.012,0.019,0.,0.019,0.012,0.,0.012,0.019,0.,0.019,0.012,0.,0.012,0.,0.,0.,0.,0.,0.,0.,0.,0.,0.,0.,0.,0.,0.,0.,0.,0.,0.
572,0.014,0.,0.014,0.021,0.,0.021,0.013,0.,0.013,0.02,0.,0.02,0.012,0.,0.012,0.02,0.,0.02,0.013,0.,0.013,0.,0.,0.,0.,0.,0.,0.,0.,0.,0.,0.,0.,0.,0.,0.,0.,0.,0.
576,0.012,0.,0.012,0.02,0.,0.02,0.013,0.,0.013,0.02,0.,0.02,0.013,0.,0.013,0.02,0.,0.02,0.013,0.,0.013,0.,0.,0.,0.,0.,0.,0.,0.,0.,0.,0.,0.,0.,0.,0.,0.,0.,0.
580,0.013,0.,0.013,0.022,0.,0.022,0.013,0.,0.013,0.022,0.,0.022,0.013,0.,0.013,0.022,0.,0.022,0.013,0.,0.013,0.,0.,0.,0.,0.,0.,0.,0.,0.,0.,0.,0.,0.,0.,0.,0.,0.,0.
584,0.013,0.,0.013,0.021,0.,0.021,0.013,0.,0.013,0.021,0.,0.021,0.013,0.,0.013,0.021,0.,0.021,0.013,0.,0.013,0.,0.,0.,0.,0.,0.,0.,0.,0.,0.,0.,0.,0.,0.,0.,0.,0.,0.
588,0.013,0.,0.013,0.021,0.,0.021,0.013,0.,0.013,0.022,0.,0.022,0.013,0.,0.013,0.021,0.,0.021,0.013,0.,0.013,0.,0.,0.,0.,0.,0.,0.,0.,0.,0.,0.,0.,0.,0.,0.,0.,0.,0.
592,0.013,0.,0.013,0.022,0.,0.021,0.013,0.,0.013,0.021,0.,0.021,0.013,0.,0.013,0.021,0.,0.021,0.013,0.,0.013,0.,0.,0.,0.,0.,0.,0.,0.,0.,0.,0.,0.,0.,0.,0.,0.,0.,0.
596,0.013,0.,0.013,0.022,0.,0.022,0.013,0.,0.013,0.022,0.,0.022,0.013,0.,0.013,0.022,0.,0.022,0.014,0.,0.014,0.,0.,0.,0.,0.,0.,0.,0.,0.,0.,0.,0.,0.,0.,0.,0.,0.,0.
600,0.013,0.,0.013,0.022,0.,0.022,0.013,0.,0.013,0.021,0.,0.021,0.013,0.,0.013,0.021,0.,0.021,0.013,0.,0.013,0.,0.,0.,0.,0.,0.,0.,0.,0.,0.,0.,0.,0.,0.,0.,0.,0.,0.
604,0.013,0.,0.013,0.021,0.,0.021,0.013,0.,0.013,0.021,0.,0.021,0.014,0.,0.014,0.022,0.,0.022,0.013,0.,0.013,0.,0.,0.,0.,0.,0.,0.,0.,0.,0.,0.,0.,0.,0.,0.,0.,0.,0.
608,0.013,0.,0.013,0.021,0.,0.021,0.014,0.,0.014,0.022,0.,0.022,0.013,0.,0.013,0.021,0.,0.021,0.014,0.,0.014,0.,0.,0.,0.,0.,0.,0.,0.,0.,0.,0.,0.,0.,0.,0.,0.,0.,0.
612,0.013,0.,0.013,0.022,0.,0.022,0.013,0.,0.013,0.022,0.,0.022,0.014,0.,0.014,0.022,0.,0.022,0.015,0.,0.015,0.,0.,0.,0.,0.,0.,0.,0.,0.,0.,0.,0.,0.,0.,0.,0.,0.,0.
616,0.013,0.,0.013,0.022,0.,0.022,0.014,0.,0.014,0.022,0.,0.022,0.014,0.,0.014,0.022,0.,0.022,0.014,0.,0.014,0.,0.,0.,0.,0.,0.,0.,0.,0.,0.,0.,0.,0.,0.,0.,0.,0.,0.
620,0.014,0.,0.014,0.023,0.,0.023,0.013,0.,0.013,0.023,0.,0.023,0.014,0.,0.014,0.023,0.,0.023,0.014,0.,0.014,0.,0.,0.,0.,0.,0.,0.,0.,0.,0.,0.,0.,0.,0.,0.,0.,0.,0.
624,0.013,0.,0.013,0.023,0.,0.023,0.013,0.,0.013,0.023,0.,0.023,0.014,0.,0.014,0.023,0.,0.023,0.014,0.,0.014,0.,0.,0.,0.,0.,0.,0.,0.,0.,0.,0.,0.,0.,0.,0.,0.,0.,0.
628,0.013,0.,0.014,0.023,0.,0.023,0.014,0.,0.014,0.023,0.,0.023,0.015,0.,0.015,0.024,0.,0.024,0.014,0.,0.014,0.,0.,0.,0.,0.,0.,0.,0.,0.,0.,0.,0.,0.,0.,0.,0.,0.,0.
632,0.014,0.,0.014,0.023,0.,0.023,0.014,0.,0.014,0.023,0.,0.023,0.014,0.,0.014,0.023,0.,0.023,0.014,0.,0.014,0.,0.,0.,0.,0.,0.,0.,0.,0.,0.,0.,0.,0.,0.,0.,0.,0.,0.
636,0.015,0.,0.015,0.024,0.,0.024,0.014,0.,0.014,0.023,0.,0.023,0.014,0.,0.014,0.025,0.,0.025,0.014,0.,0.014,0.,0.,0.,0.,0.,0.,0.,0.,0.,0.,0.,0.,0.,0.,0.,0.,0.,0.
640,0.015,0.,0.015,0.024,0.,0.024,0.015,0.,0.015,0.023,0.,0.023,0.015,0.,0.015,0.024,0.,0.024,0.014,0.,0.014,0.,0.,0.,0.,0.,0.,0.,0.,0.,0.,0.,0.,0.,0.,0.,0.,0.,0.
644,0.015,0.,0.015,0.024,0.,0.024,0.015,0.,0.015,0.024,0.,0.024,0.015,0.,0.015,0.024,0.,0.024,0.015,0.,0.015,0.,0.,0.,0.,0.,0.,0.,0.,0.,0.,0.,0.,0.,0.,0.,0.,0.,0.
648,0.015,0.,0.015,0.024,0.,0.024,0.015,0.,0.015,0.024,0.,0.024,0.014,0.,0.014,0.024,0.,0.024,0.015,0.,0.015,0.,0.,0.,0.,0.,0.,0.,0.,0.,0.,0.,0.,0.,0.,0.,0.,0.,0.
652,0.015,0.,0.015,0.026,0.,0.026,0.015,0.,0.015,0.025,0.,0.025,0.014,0.,0.014,0.025,0.,0.025,0.014,0.,0.014,0.,0.,0.,0.,0.,0.,0.,0.,0.,0.,0.,0.,0.,0.,0.,0.,0.,0.
656,0.018,0.,0.018,0.027,0.,0.027,0.016,0.,0.016,0.026,0.,0.026,0.016,0.,0.016,0.028,0.,0.028,0.017,0.,0.017,0.,0.,0.,0.,0.,0.,0.,0.,0.,0.,0.,0.,0.,0.,0.,0.,0.,0.
660,0.017,0.,0.017,0.025,0.,0.025,0.016,0.,0.016,0.025,0.,0.025,0.018,0.,0.018,0.027,0.,0.027,0.018,0.,0.018,0.,0.,0.,0.,0.,0.,0.,0.,0.,0.,0.,0.,0.,0.,0.,0.,0.,0.
664,0.016,0.,0.016,0.026,0.,0.026,0.016,0.,0.016,0.026,0.,0.026,0.016,0.,0.016,0.026,0.,0.026,0.016,0.,0.016,0.,0.,0.,0.,0.,0.,0.,0.,0.,0.,0.,0.,0.,0.,0.,0.,0.,0.
668,0.015,0.,0.015,0.026,0.,0.026,0.015,0.,0.015,0.027,0.,0.027,0.016,0.,0.016,0.026,0.,0.026,0.016,0.,0.016,0.,0.,0.,0.,0.,0.,0.,0.,0.,0.,0.,0.,0.,0.,0.,0.,0.,0.
672,0.016,0.,0.016,0.026,0.,0.026,0.015,0.,0.015,0.026,0.,0.026,0.016,0.,0.016,0.025,0.,0.025,0.016,0.,0.016,0.,0.,0.,0.,0.,0.,0.,0.,0.,0.,0.,0.,0.,0.,0.,0.,0.,0.
676,0.016,0.,0.016,0.026,0.,0.026,0.016,0.,0.016,0.026,0.,0.026,0.016,0.,0.016,0.026,0.,0.026,0.016,0.,0.016,0.,0.,0.,0.,0.,0.,0.,0.,0.,0.,0.,0.,0.,0.,0.,0.,0.,0.
680,0.016,0.,0.016,0.026,0.,0.026,0.016,0.,0.016,0.027,0.,0.027,0.017,0.,0.017,0.026,0.,0.026,0.016,0.,0.016,0.,0.,0.,0.,0.,0.,0.,0.,0.,0.,0.,0.,0.,0.,0.,0.,0.,0.
684,0.016,0.,0.016,0.026,0.,0.026,0.016,0.,0.016,0.027,0.,0.027,0.016,0.,0.016,0.027,0.,0.027,0.017,0.,0.017,0.,0.,0.,0.,0.,0.,0.,0.,0.,0.,0.,0.,0.,0.,0.,0.,0.,0.
688,0.017,0.,0.017,0.027,0.,0.027,0.017,0.,0.017,0.028,0.,0.028,0.017,0.,0.017,0.027,0.,0.027,0.017,0.,0.017,0.,0.,0.,0.,0.,0.,0.,0.,0.,0.,0.,0.,0.,0.,0.,0.,0.,0.
692,0.017,0.,0.017,0.027,0.,0.027,0.016,0.,0.016,0.027,0.,0.027,0.017,0.,0.017,0.027,0.,0.027,0.017,0.,0.017,0.,0.,0.,0.,0.,0.,0.,0.,0.,0.,0.,0.,0.,0.,0.,0.,0.,0.
696,0.017,0.,0.017,0.028,0.,0.028,0.017,0.,0.017,0.028,0.,0.028,0.017,0.,0.017,0.028,0.,0.028,0.017,0.,0.017,0.,0.,0.,0.,0.,0.,0.,0.,0.,0.,0.,0.,0.,0.,0.,0.,0.,0.
700,0.017,0.,0.017,0.028,0.,0.028,0.017,0.,0.017,0.027,0.,0.027,0.018,0.,0.018,0.028,0.,0.028,0.017,0.,0.017,0.,0.,0.,0.,0.,0.,0.,0.,0.,0.,0.,0.,0.,0.,0.,0.,0.,0.
704,0.017,0.,0.017,0.028,0.,0.028,0.017,0.,0.017,0.028,0.,0.028,0.017,0.,0.017,0.028,0.,0.028,0.017,0.,0.017,0.,0.,0.,0.,0.,0.,0.,0.,0.,0.,0.,0.,0.,0.,0.,0.,0.,0.
708,0.017,0.,0.017,0.029,0.,0.029,0.018,0.,0.018,0.029,0.,0.029,0.018,0.,0.018,0.029,0.,0.029,0.018,0.,0.018,0.,0.,0.,0.,0.,0.,0.,0.,0.,0.,0.,0.,0.,0.,0.,0.,0.,0.
712,0.017,0.,0.017,0.029,0.,0.029,0.018,0.,0.018,0.029,0.,0.029,0.018,0.,0.018,0.029,0.,0.029,0.018,0.,0.018,0.,0.,0.,0.,0.,0.,0.,0.,0.,0.,0.,0.,0.,0.,0.,0.,0.,0.
716,0.017,0.,0.017,0.029,0.,0.029,0.018,0.,0.018,0.029,0.,0.029,0.017,0.,0.017,0.028,0.,0.028,0.018,0.,0.018,0.,0.,0.,0.,0.,0.,0.,0.,0.,0.,0.,0.,0.,0.,0.,0.,0.,0.
720,0.018,0.,0.018,0.031,0.,0.031,0.018,0.,0.018,0.031,0.,0.031,0.019,0.,0.019,0.031,0.,0.031,0.018,0.,0.018,0.,0.,0.,0.,0.,0.,0.,0.,0.,0.,0.,0.,0.,0.,0.,0.,0.,0.
724,0.017,0.,0.017,0.031,0.,0.031,0.018,0.,0.018,0.031,0.,0.031,0.019,0.,0.019,0.032,0.,0.032,0.019,0.,0.019,0.,0.,0.,0.,0.,0.,0.,0.,0.,0.,0.,0.,0.,0.,0.,0.,0.,0.
728,0.018,0.,0.018,0.032,0.,0.032,0.019,0.,0.019,0.03,0.,0.03,0.019,0.,0.019,0.031,0.,0.031,0.02,0.,0.02,0.,0.,0.,0.,0.,0.,0.,0.,0.,0.,0.,0.,0.,0.,0.,0.,0.,0.
732,0.018,0.,0.018,0.031,0.,0.031,0.018,0.,0.018,0.03,0.,0.03,0.018,0.,0.018,0.031,0.,0.031,0.019,0.,0.019,0.,0.,0.,0.,0.,0.,0.,0.,0.,0.,0.,0.,0.,0.,0.,0.,0.,0.
736,0.018,0.,0.018,0.03,0.,0.03,0.019,0.,0.019,0.031,0.,0.031,0.019,0.,0.019,0.031,0.,0.031,0.02,0.,0.019,0.,0.,0.,0.,0.,0.,0.,0.,0.,0.,0.,0.,0.,0.,0.,0.,0.,0.
740,0.019,0.,0.019,0.032,0.,0.032,0.019,0.,0.019,0.031,0.,0.031,0.019,0.,0.019,0.031,0.,0.031,0.019,0.,0.019,0.,0.,0.,0.,0.,0.,0.,0.,0.,0.,0.,0.,0.,0.,0.,0.,0.,0.
744,0.018,0.,0.018,0.031,0.,0.031,0.02,0.,0.02,0.032,0.,0.032,0.019,0.,0.019,0.032,0.,0.032,0.02,0.,0.02,0.,0.,0.,0.,0.,0.,0.,0.,0.,0.,0.,0.,0.,0.,0.,0.,0.,0.
748,0.019,0.,0.019,0.032,0.,0.032,0.019,0.,0.019,0.031,0.,0.031,0.02,0.,0.02,0.032,0.,0.032,0.02,0.,0.02,0.,0.,0.,0.,0.,0.,0.,0.,0.,0.,0.,0.,0.,0.,0.,0.,0.,0.
752,0.019,0.,0.019,0.032,0.,0.032,0.02,0.,0.02,0.032,0.,0.032,0.019,0.,0.019,0.032,0.,0.032,0.019,0.,0.019,0.,0.,0.,0.,0.,0.,0.,0.,0.,0.,0.,0.,0.,0.,0.,0.,0.,0.
756,0.02,0.,0.02,0.036,0.,0.036,0.021,0.,0.021,0.035,0.,0.035,0.021,0.,0.021,0.036,0.,0.036,0.02,0.,0.02,0.,0.,0.,0.,0.,0.,0.,0.,0.,0.,0.,0.,0.,0.,0.,0.,0.,0.
760,0.02,0.,0.02,0.033,0.,0.033,0.02,0.,0.02,0.034,0.,0.034,0.02,0.,0.02,0.034,0.,0.034,0.02,0.,0.02,0.,0.,0.,0.,0.,0.,0.,0.,0.,0.,0.,0.,0.,0.,0.,0.,0.,0.
764,0.02,0.,0.02,0.034,0.,0.034,0.02,0.,0.02,0.034,0.,0.034,0.019,0.,0.019,0.036,0.,0.036,0.02,0.,0.02,0.,0.,0.,0.,0.,0.,0.,0.,0.,0.,0.,0.,0.,0.,0.,0.,0.,0.
768,0.02,0.,0.02,0.036,0.,0.036,0.021,0.,0.021,0.036,0.,0.036,0.021,0.,0.021,0.036,0.,0.036,0.021,0.,0.021,0.,0.,0.,0.,0.,0.,0.,0.,0.,0.,0.,0.,0.,0.,0.,0.,0.,0.
772,0.02,0.,0.02,0.034,0.,0.034,0.02,0.,0.02,0.035,0.,0.035,0.021,0.,0.021,0.035,0.,0.035,0.021,0.,0.021,0.,0.,0.,0.,0.,0.,0.,0.,0.,0.,0.,0.,0.,0.,0.,0.,0.,0.
776,0.02,0.,0.02,0.034,0.,0.034,0.021,0.,0.021,0.035,0.,0.035,0.021,0.,0.021,0.034,0.,0.034,0.021,0.,0.021,0.,0.,0.,0.,0.,0.,0.,0.,0.,0.,0.,0.,0.,0.,0.,0.,0.,0.
780,0.02,0.,0.02,0.035,0.,0.035,0.021,0.,0.021,0.036,0.,0.036,0.021,0.,0.021,0.035,0.,0.035,0.021,0.,0.021,0.,0.,0.,0.,0.,0.,0.,0.,0.,0.,0.,0.,0.,0.,0.,0.,0.,0.
784,0.021,0.,0.021,0.035,0.,0.035,0.021,0.,0.021,0.034,0.,0.034,0.021,0.,0.021,0.034,0.,0.034,0.021,0.,0.021,0.,0.,0.,0.,0.,0.,0.,0.,0.,0.,0.,0.,0.,0.,0.,0.,0.,0.
788,0.021,0.,0.02,0.035,0.,0.035,0.021,0.,0.021,0.034,0.,0.034,0.021,0.,0.021,0.036,0.,0.036,0.021,0.,0.021,0.,0.,0.,0.,0.,0.,0.,0.,0.,0.,0.,0.,0.,0.,0.,0.,0.,0.
792,0.021,0.,0.021,0.038,0.,0.038,0.023,0.,0.023,0.039,0.,0.039,0.02,0.,0.02,0.038,0.,0.038,0.022,0.,0.022,0.,0.,0.,0.,0.,0.,0.,0.,0.,0.,0.,0.,0.,0.,0.,0.,0.,0.
796,0.021,0.,0.021,0.039,0.,0.039,0.022,0.,0.022,0.039,0.,0.039,0.022,0.,0.022,0.039,0.,0.039,0.022,0.,0.022,0.,0.,0.,0.,0.,0.,0.,0.,0.,0.,0.,0.,0.,0.,0.,0.,0.,0.
800,0.021,0.,0.021,0.037,0.,0.037,0.021,0.,0.021,0.038,0.,0.037,0.022,0.,0.022,0.037,0.,0.037,0.021,0.,0.021,0.,0.,0.,0.,0.,0.,0.,0.,0.,0.,0.,0.,0.,0.,0.,0.,0.,0.
804,0.022,0.,0.022,0.035,0.,0.035,0.023,0.,0.023,0.035,0.,0.035,0.022,0.,0.022,0.036,0.,0.036,0.022,0.,0.022,0.,0.,0.,0.,0.,0.,0.,0.,0.,0.,0.,0.,0.,0.,0.,0.,0.,0.
808,0.023,0.,0.023,0.036,0.,0.036,0.023,0.,0.023,0.035,0.,0.035,0.023,0.,0.023,0.036,0.,0.036,0.023,0.,0.023,0.,0.,0.,0.,0.,0.,0.,0.,0.,0.,0.,0.,0.,0.,0.,0.,0.,0.
812,0.022,0.,0.022,0.036,0.,0.036,0.023,0.,0.023,0.037,0.,0.037,0.022,0.,0.021,0.037,0.,0.037,0.023,0.,0.023,0.,0.,0.,0.,0.,0.,0.,0.,0.,0.,0.,0.,0.,0.,0.,0.,0.,0.
816,0.022,0.,0.022,0.037,0.,0.037,0.024,0.,0.024,0.038,0.,0.038,0.022,0.,0.022,0.039,0.,0.039,0.023,0.,0.023,0.,0.,0.,0.,0.,0.,0.,0.,0.,0.,0.,0.,0.,0.,0.,0.,0.,0.
820,0.024,0.,0.024,0.038,0.,0.038,0.026,0.,0.026,0.04,0.,0.04,0.024,0.,0.024,0.035,0.,0.035,0.024,0.,0.024,0.,0.,0.,0.,0.,0.,0.,0.,0.,0.,0.,0.,0.,0.,0.,0.,0.,0.
824,0.023,0.,0.023,0.037,0.,0.037,0.024,0.,0.024,0.036,0.,0.036,0.024,0.,0.024,0.037,0.,0.037,0.024,0.,0.024,0.,0.,0.,0.,0.,0.,0.,0.,0.,0.,0.,0.,0.,0.,0.,0.,0.,0.
828,0.023,0.,0.023,0.042,0.,0.042,0.027,0.,0.027,0.042,0.,0.042,0.025,0.,0.025,0.042,0.,0.042,0.026,0.,0.026,0.,0.,0.,0.,0.,0.,0.,0.,0.,0.,0.,0.,0.,0.,0.,0.,0.,0.
832,0.026,0.,0.026,0.039,0.,0.039,0.026,0.,0.026,0.04,0.,0.04,0.025,0.,0.025,0.038,0.,0.038,0.026,0.,0.026,0.,0.,0.,0.,0.,0.,0.,0.,0.,0.,0.,0.,0.,0.,0.,0.,0.,0.
836,0.025,0.,0.025,0.041,0.,0.041,0.025,0.,0.025,0.041,0.,0.041,0.025,0.,0.025,0.04,0.,0.04,0.025,0.,0.025,0.,0.,0.,0.,0.,0.,0.,0.,0.,0.,0.,0.,0.,0.,0.,0.,0.,0.
840,0.025,0.,0.025,0.042,0.,0.042,0.025,0.,0.025,0.041,0.,0.041,0.025,0.,0.024,0.041,0.,0.041,0.025,0.,0.025,0.,0.,0.,0.,0.,0.,0.,0.,0.,0.,0.,0.,0.,0.,0.,0.,0.,0.
844,0.024,0.,0.024,0.041,0.,0.041,0.025,0.,0.025,0.04,0.,0.04,0.026,0.,0.026,0.041,0.,0.041,0.026,0.,0.026,0.,0.,0.,0.,0.,0.,0.,0.,0.,0.,0.,0.,0.,0.,0.,0.,0.,0.
848,0.025,0.,0.025,0.041,0.,0.041,0.026,0.,0.026,0.041,0.,0.041,0.026,0.,0.026,0.041,0.,0.041,0.026,0.,0.026,0.,0.,0.,0.,0.,0.,0.,0.,0.,0.,0.,0.,0.,0.,0.,0.,0.,0.
852,0.026,0.,0.026,0.041,0.,0.041,0.026,0.,0.026,0.04,0.,0.04,0.026,0.,0.026,0.041,0.,0.041,0.026,0.,0.026,0.,0.,0.,0.,0.,0.,0.,0.,0.,0.,0.,0.,0.,0.,0.,0.,0.,0.
856,0.025,0.,0.025,0.044,0.,0.044,0.026,0.,0.026,0.045,0.,0.045,0.025,0.,0.025,0.043,0.,0.043,0.026,0.,0.026,0.,0.,0.,0.,0.,0.,0.,0.,0.,0.,0.,0.,0.,0.,0.,0.,0.,0.
860,0.026,0.,0.026,0.042,0.,0.042,0.026,0.,0.026,0.042,0.,0.042,0.027,0.,0.027,0.043,0.,0.043,0.027,0.,0.027,0.,0.,0.,0.,0.,0.,0.,0.,0.,0.,0.,0.,0.,0.,0.,0.,0.,0.
864,0.026,0.,0.026,0.042,0.,0.042,0.026,0.,0.026,0.042,0.,0.042,0.028,0.,0.028,0.042,0.,0.042,0.027,0.,0.027,0.,0.,0.,0.,0.,0.,0.,0.,0.,0.,0.,0.,0.,0.,0.,0.,0.,0.
868,0.027,0.,0.027,0.042,0.,0.042,0.027,0.,0.027,0.043,0.,0.043,0.027,0.,0.027,0.043,0.,0.043,0.027,0.,0.027,0.,0.,0.,0.,0.,0.,0.,0.,0.,0.,0.,0.,0.,0.,0.,0.,0.,0.
872,0.026,0.,0.026,0.046,0.,0.046,0.027,0.,0.027,0.045,0.,0.045,0.027,0.,0.027,0.045,0.,0.045,0.027,0.,0.027,0.,0.,0.,0.,0.,0.,0.,0.,0.,0.,0.,0.,0.,0.,0.,0.,0.,0.
876,0.026,0.,0.026,0.04,0.,0.04,0.026,0.,0.026,0.041,0.,0.041,0.026,0.,0.026,0.042,0.,0.042,0.026,0.,0.026,0.,0.,0.,0.,0.,0.,0.,0.,0.,0.,0.,0.,0.,0.,0.,0.,0.,0.
880,0.025,0.,0.025,0.043,0.,0.043,0.026,0.,0.026,0.043,0.,0.043,0.025,0.,0.025,0.043,0.,0.043,0.026,0.,0.026,0.,0.,0.,0.,0.,0.,0.,0.,0.,0.,0.,0.,0.,0.,0.,0.,0.,0.
884,0.026,0.,0.026,0.044,0.,0.044,0.027,0.,0.027,0.045,0.,0.045,0.027,0.,0.027,0.044,0.,0.044,0.026,0.,0.026,0.,0.,0.,0.,0.,0.,0.,0.,0.,0.,0.,0.,0.,0.,0.,0.,0.,0.
888,0.026,0.,0.026,0.043,0.,0.043,0.026,0.,0.026,0.043,0.,0.043,0.025,0.,0.025,0.043,0.,0.043,0.027,0.,0.027,0.,0.,0.,0.,0.,0.,0.,0.,0.,0.,0.,0.,0.,0.,0.,0.,0.,0.
892,0.026,0.,0.026,0.043,0.,0.043,0.027,0.,0.027,0.047,0.,0.047,0.027,0.,0.027,0.043,0.,0.043,0.027,0.,0.027,0.,0.,0.,0.,0.,0.,0.,0.,0.,0.,0.,0.,0.,0.,0.,0.,0.,0.
896,0.027,0.,0.027,0.045,0.,0.045,0.028,0.,0.028,0.045,0.,0.045,0.026,0.,0.026,0.045,0.,0.045,0.027,0.,0.027,0.,0.,0.,0.,0.,0.,0.,0.,0.,0.,0.,0.,0.,0.,0.,0.,0.,0.
900,0.027,0.,0.027,0.044,0.,0.044,0.027,0.,0.027,0.046,0.,0.046,0.028,0.,0.028,0.046,0.,0.046,0.028,0.,0.028,0.,0.,0.,0.,0.,0.,0.,0.,0.,0.,0.,0.,0.,0.,0.,0.,0.,0.
904,0.026,0.,0.026,0.044,0.,0.044,0.026,0.,0.026,0.044,0.,0.044,0.026,0.,0.025,0.043,0.,0.043,0.027,0.,0.027,0.,0.,0.,0.,0.,0.,0.,0.,0.,0.,0.,0.,0.,0.,0.,0.,0.,0.
908,0.026,0.,0.026,0.044,0.,0.044,0.027,0.,0.027,0.044,0.,0.044,0.027,0.,0.027,0.043,0.,0.043,0.028,0.,0.028,0.,0.,0.,0.,0.,0.,0.,0.,0.,0.,0.,0.,0.,0.,0.,0.,0.,0.
912,0.027,0.,0.027,0.047,0.,0.047,0.028,0.,0.028,0.048,0.,0.048,0.028,0.,0.028,0.046,0.,0.046,0.027,0.,0.027,0.,0.,0.,0.,0.,0.,0.,0.,0.,0.,0.,0.,0.,0.,0.,0.,0.,0.
916,0.028,0.,0.028,0.045,0.,0.045,0.029,0.,0.029,0.044,0.,0.044,0.029,0.,0.029,0.044,0.,0.044,0.028,0.,0.028,0.,0.,0.,0.,0.,0.,0.,0.,0.,0.,0.,0.,0.,0.,0.,0.,0.,0.
920,0.029,0.,0.029,0.049,0.,0.049,0.027,0.,0.027,0.046,0.,0.046,0.03,0.,0.03,0.046,0.,0.046,0.029,0.,0.029,0.,0.,0.,0.,0.,0.,0.,0.,0.,0.,0.,0.,0.,0.,0.,0.,0.,0.
924,0.028,0.,0.028,0.049,0.,0.049,0.031,0.,0.031,0.048,0.,0.048,0.03,0.,0.03,0.049,0.,0.049,0.029,0.,0.029,0.,0.,0.,0.,0.,0.,0.,0.,0.,0.,0.,0.,0.,0.,0.,0.,0.,0.
928,0.028,0.,0.028,0.046,0.,0.046,0.027,0.,0.027,0.047,0.,0.047,0.029,0.,0.029,0.047,0.,0.047,0.029,0.,0.029,0.,0.,0.,0.,0.,0.,0.,0.,0.,0.,0.,0.,0.,0.,0.,0.,0.,0.
932,0.029,0.,0.029,0.047,0.,0.047,0.029,0.,0.029,0.045,0.,0.045,0.029,0.,0.029,0.047,0.,0.047,0.029,0.,0.029,0.,0.,0.,0.,0.,0.,0.,0.,0.,0.,0.,0.,0.,0.,0.,0.,0.,0.
936,0.028,0.,0.028,0.047,0.,0.047,0.029,0.,0.029,0.048,0.,0.048,0.03,0.,0.03,0.047,0.,0.047,0.031,0.,0.03,0.,0.,0.,0.,0.,0.,0.,0.,0.,0.,0.,0.,0.,0.,0.,0.,0.,0.
940,0.029,0.,0.029,0.047,0.,0.047,0.029,0.,0.029,0.048,0.,0.048,0.029,0.,0.029,0.048,0.,0.048,0.029,0.,0.029,0.,0.,0.,0.,0.,0.,0.,0.,0.,0.,0.,0.,0.,0.,0.,0.,0.,0.
944,0.029,0.,0.029,0.048,0.,0.048,0.029,0.,0.029,0.053,0.,0.053,0.029,0.,0.029,0.053,0.,0.053,0.029,0.,0.029,0.,0.,0.,0.,0.,0.,0.,0.,0.,0.,0.,0.,0.,0.,0.,0.,0.,0.
948,0.031,0.,0.031,0.05,0.,0.05,0.032,0.,0.032,0.049,0.,0.049,0.03,0.,0.03,0.047,0.,0.047,0.032,0.,0.032,0.,0.,0.,0.,0.,0.,0.,0.,0.,0.,0.,0.,0.,0.,0.,0.,0.,0.
952,0.029,0.,0.029,0.048,0.,0.048,0.029,0.,0.029,0.049,0.,0.049,0.029,0.,0.029,0.05,0.,0.05,0.029,0.,0.029,0.,0.,0.,0.,0.,0.,0.,0.,0.,0.,0.,0.,0.,0.,0.,0.,0.,0.
956,0.029,0.,0.029,0.052,0.,0.052,0.03,0.,0.03,0.052,0.,0.052,0.03,0.,0.03,0.051,0.,0.051,0.031,0.,0.031,0.,0.,0.,0.,0.,0.,0.,0.,0.,0.,0.,0.,0.,0.,0.,0.,0.,0.
960,0.03,0.,0.03,0.051,0.,0.051,0.03,0.,0.03,0.05,0.,0.05,0.03,0.,0.03,0.05,0.,0.05,0.031,0.,0.031,0.,0.,0.,0.,0.,0.,0.,0.,0.,0.,0.,0.,0.,0.,0.,0.,0.,0.
964,0.03,0.,0.03,0.051,0.,0.051,0.032,0.,0.032,0.05,0.,0.05,0.031,0.,0.031,0.051,0.,0.051,0.031,0.,0.031,0.,0.,0.,0.,0.,0.,0.,0.,0.,0.,0.,0.,0.,0.,0.,0.,0.,0.
968,0.032,0.,0.032,0.051,0.,0.051,0.032,0.,0.032,0.053,0.,0.053,0.032,0.,0.032,0.051,0.,0.051,0.032,0.,0.032,0.,0.,0.,0.,0.,0.,0.,0.,0.,0.,0.,0.,0.,0.,0.,0.,0.,0.
972,0.031,0.,0.031,0.055,0.,0.055,0.033,0.,0.033,0.055,0.,0.055,0.032,0.,0.032,0.053,0.,0.053,0.031,0.,0.031,0.,0.,0.,0.,0.,0.,0.,0.,0.,0.,0.,0.,0.,0.,0.,0.,0.,0.
976,0.031,0.,0.031,0.048,0.,0.048,0.031,0.,0.031,0.051,0.,0.051,0.031,0.,0.031,0.05,0.,0.05,0.032,0.,0.032,0.,0.,0.,0.,0.,0.,0.,0.,0.,0.,0.,0.,0.,0.,0.,0.,0.,0.
980,0.03,0.,0.03,0.051,0.,0.051,0.031,0.,0.031,0.052,0.,0.052,0.032,0.,0.032,0.051,0.,0.051,0.032,0.,0.032,0.,0.,0.,0.,0.,0.,0.,0.,0.,0.,0.,0.,0.,0.,0.,0.,0.,0.
984,0.031,0.,0.031,0.053,0.,0.053,0.032,0.,0.031,0.053,0.,0.053,0.036,0.,0.036,0.051,0.,0.051,0.031,0.,0.031,0.,0.,0.,0.,0.,0.,0.,0.,0.,0.,0.,0.,0.,0.,0.,0.,0.,0.
988,0.034,0.,0.034,0.056,0.,0.056,0.032,0.,0.032,0.054,0.,0.054,0.033,0.,0.033,0.055,0.,0.055,0.032,0.,0.032,0.,0.,0.,0.,0.,0.,0.,0.,0.,0.,0.,0.,0.,0.,0.,0.,0.,0.
992,0.033,0.,0.033,0.055,0.,0.055,0.032,0.,0.032,0.054,0.,0.054,0.032,0.,0.032,0.053,0.,0.053,0.033,0.,0.033,0.,0.,0.,0.,0.,0.,0.,0.,0.,0.,0.,0.,0.,0.,0.,0.,0.,0.
996,0.032,0.,0.032,0.055,0.,0.055,0.033,0.,0.033,0.056,0.,0.056,0.033,0.,0.033,0.056,0.,0.056,0.034,0.,0.034,0.,0.,0.,0.,0.,0.,0.,0.,0.,0.,0.,0.,0.,0.,0.,0.,0.,0.
1000,0.032,0.,0.032,0.057,0.,0.057,0.032,0.,0.032,0.056,0.,0.056,0.033,0.,0.033,0.056,0.,0.056,0.033,0.,0.033,0.,0.,0.,0.,0.,0.,0.,0.,0.,0.,0.,0.,0.,0.,0.,0.,0.,0.
1100,0.038,0.,0.038,0.062,0.,0.062,0.039,0.,0.039,0.064,0.,0.064,0.039,0.,0.039,0.064,0.,0.064,0.039,0.,0.039,0.,0.,0.,0.,0.,0.,0.,0.,0.,0.,0.,0.,0.,0.,0.,0.,0.,0.
1200,0.046,0.,0.046,0.076,0.,0.076,0.045,0.,0.045,0.076,0.,0.076,0.045,0.,0.045,0.076,0.,0.076,0.045,0.,0.045,0.,0.,0.,0.,0.,0.,0.,0.,0.,0.,0.,0.,0.,0.,0.,0.,0.,0.
1300,0.055,0.,0.054,0.092,0.,0.092,0.054,0.,0.054,0.092,0.,0.092,0.053,0.,0.053,0.091,0.,0.091,0.054,0.,0.054,0.,0.,0.,0.,0.,0.,0.,0.,0.,0.,0.,0.,0.,0.,0.,0.,0.,0.
1400,0.061,0.,0.061,0.109,0.,0.109,0.058,0.,0.058,0.109,0.,0.109,0.062,0.,0.062,0.106,0.,0.106,0.063,0.,0.063,0.,0.,0.,0.,0.,0.,0.,0.,0.,0.,0.,0.,0.,0.,0.,0.,0.,0.
1500,0.071,0.,0.071,0.115,0.,0.115,0.072,0.,0.072,0.118,0.,0.118,0.072,0.,0.072,0.118,0.,0.118,0.074,0.,0.074,0.,0.,0.,0.,0.,0.,0.,0.,0.,0.,0.,0.,0.,0.,0.,0.,0.,0.
1600,0.083,0.,0.083,0.129,0.,0.129,0.083,0.,0.083,0.129,0.,0.129,0.083,0.,0.083,0.127,0.,0.127,0.086,0.,0.086,0.001,0.,0.001,0.001,0.,0.,0.,0.,0.,0.,0.,0.,0.,0.,0.,0.,0.,0.
1700,0.085,0.,0.085,0.146,0.,0.146,0.089,0.,0.089,0.144,0.,0.144,0.084,0.,0.084,0.141,0.,0.141,0.088,0.,0.088,0.001,0.,0.001,0.,0.,0.,0.,0.,0.,0.,0.,0.,0.,0.,0.,0.,0.,0.
1800,0.099,0.,0.099,0.161,0.,0.16,0.099,0.,0.099,0.165,0.,0.165,0.096,0.,0.096,0.174,0.,0.174,0.099,0.,0.098,0.001,0.,0.001,0.001,0.,0.001,0.,0.,0.,0.,0.,0.,0.,0.,0.,0.,0.,0.
1900,0.111,0.,0.11,0.18,0.,0.18,0.113,0.,0.113,0.187,0.,0.187,0.114,0.,0.114,0.191,0.,0.191,0.107,0.,0.107,0.001,0.,0.001,0.001,0.,0.001,0.,0.,0.,0.,0.,0.,0.,0.,0.,0.,0.,0.
2000,0.124,0.,0.124,0.204,0.,0.204,0.123,0.,0.123,0.203,0.,0.203,0.123,0.,0.123,0.21,0.,0.21,0.126,0.,0.126,0.001,0.,0.001,0.001,0.,0.001,0.,0.,0.,0.,0.,0.,0.,0.,0.,0.,0.,0.
2100,0.137,0.,0.137,0.232,0.,0.232,0.14,0.,0.14,0.233,0.,0.233,0.135,0.,0.135,0.227,0.,0.227,0.14,0.,0.14,0.001,0.,0.001,0.001,0.,0.001,0.,0.,0.,0.,0.,0.,0.,0.,0.,0.,0.,0.
2200,0.149,0.,0.149,0.248,0.,0.248,0.155,0.,0.155,0.245,0.,0.245,0.148,0.,0.148,0.258,0.,0.258,0.149,0.,0.148,0.001,0.,0.001,0.001,0.,0.001,0.,0.,0.,0.,0.,0.,0.,0.,0.,0.,0.,0.
2300,0.171,0.,0.171,0.26,0.,0.26,0.156,0.,0.156,0.259,0.,0.259,0.166,0.,0.166,0.259,0.,0.259,0.169,0.,0.169,0.001,0.,0.001,0.001,0.,0.001,0.,0.,0.,0.001,0.,0.001,0.,0.,0.,0.,0.,0.
2400,0.176,0.,0.176,0.292,0.,0.291,0.182,0.,0.182,0.295,0.,0.295,0.179,0.,0.179,0.295,0.,0.295,0.171,0.,0.171,0.001,0.,0.001,0.001,0.,0.001,0.,0.,0.,0.,0.,0.,0.,0.,0.,0.,0.,0.
2500,0.183,0.,0.183,0.324,0.,0.324,0.184,0.,0.184,0.32,0.,0.32,0.183,0.,0.183,0.319,0.,0.319,0.188,0.,0.188,0.001,0.,0.001,0.001,0.,0.001,0.,0.,0.,0.,0.,0.,0.,0.,0.,0.,0.,0.
2600,0.201,0.,0.201,0.344,0.,0.344,0.203,0.,0.203,0.359,0.,0.359,0.194,0.,0.194,0.358,0.,0.358,0.196,0.,0.196,0.001,0.,0.001,0.001,0.,0.001,0.001,0.,0.,0.001,0.,0.001,0.001,0.,0.001,0.,0.,0.
2700,0.226,0.,0.226,0.381,0.,0.381,0.22,0.,0.22,0.394,0.,0.394,0.215,0.,0.215,0.39,0.,0.39,0.22,0.,0.22,0.001,0.,0.001,0.001,0.,0.001,0.001,0.,0.001,0.001,0.,0.001,0.001,0.,0.001,0.001,0.,0.001
2800,0.242,0.,0.241,0.399,0.,0.399,0.24,0.,0.24,0.406,0.,0.406,0.241,0.,0.241,0.401,0.,0.401,0.235,0.,0.235,0.001,0.,0.001,0.001,0.,0.001,0.001,0.,0.001,0.001,0.,0.001,0.001,0.,0.001,0.001,0.,0.001
2900,0.246,0.,0.246,0.41,0.,0.41,0.249,0.,0.249,0.417,0.,0.417,0.246,0.,0.246,0.417,0.,0.417,0.241,0.,0.241,0.001,0.,0.001,0.001,0.,0.001,0.001,0.,0.001,0.001,0.,0.001,0.001,0.,0.001,0.001,0.,0.001
3000,0.262,0.,0.262,0.455,0.001,0.454,0.26,0.,0.26,0.473,0.,0.473,0.261,0.,0.261,0.479,0.,0.479,0.262,0.,0.262,0.001,0.,0.001,0.001,0.,0.001,0.001,0.,0.,0.001,0.,0.001,0.001,0.,0.001,0.001,0.,0.001
3100,0.294,0.,0.294,0.509,0.,0.509,0.281,0.,0.281,0.506,0.,0.505,0.282,0.,0.282,0.506,0.,0.506,0.284,0.,0.284,0.001,0.,0.001,0.001,0.,0.001,0.001,0.,0.001,0.001,0.,0.001,0.001,0.,0.001,0.001,0.,0.001
3200,0.309,0.,0.309,0.492,0.,0.492,0.306,0.,0.306,0.526,0.,0.526,0.306,0.,0.306,0.532,0.,0.531,0.307,0.,0.307,0.001,0.,0.001,0.001,0.,0.001,0.001,0.,0.001,0.001,0.,0.001,0.001,0.,0.001,0.001,0.,0.001
3300,0.313,0.,0.313,0.569,0.,0.569,0.313,0.,0.313,0.572,0.,0.572,0.315,0.,0.315,0.583,0.,0.583,0.302,0.,0.302,0.001,0.,0.001,0.001,0.,0.001,0.001,0.,0.001,0.001,0.,0.001,0.001,0.,0.001,0.001,0.,0.001
3400,0.336,0.,0.336,0.598,0.,0.598,0.333,0.,0.333,0.613,0.,0.613,0.34,0.,0.34,0.608,0.,0.607,0.334,0.,0.334,0.001,0.,0.001,0.001,0.,0.001,0.001,0.,0.001,0.001,0.,0.001,0.001,0.,0.001,0.001,0.,0.001
3500,0.367,0.,0.367,0.614,0.,0.614,0.365,0.,0.365,0.631,0.,0.631,0.354,0.,0.354,0.636,0.,0.636,0.35,0.,0.349,0.001,0.,0.001,0.001,0.,0.001,0.001,0.,0.001,0.001,0.,0.001,0.001,0.,0.001,0.001,0.,0.001
3600,0.403,0.,0.403,0.627,0.,0.627,0.392,0.,0.392,0.639,0.,0.639,0.4,0.,0.4,0.636,0.,0.636,0.415,0.001,0.414,0.001,0.,0.001,0.001,0.,0.001,0.001,0.,0.001,0.001,0.,0.001,0.001,0.,0.001,0.001,0.,0.001
3700,0.373,0.,0.373,0.693,0.,0.693,0.383,0.,0.383,0.75,0.,0.75,0.373,0.,0.373,0.739,0.,0.739,0.386,0.,0.386,0.001,0.,0.001,0.001,0.,0.001,0.001,0.,0.001,0.001,0.,0.001,0.001,0.,0.001,0.001,0.,0.001
3800,0.42,0.,0.419,0.696,0.,0.696,0.414,0.,0.414,0.736,0.,0.736,0.425,0.,0.425,0.739,0.,0.739,0.42,0.,0.42,0.001,0.,0.001,0.001,0.,0.001,0.001,0.,0.001,0.001,0.,0.001,0.001,0.,0.001,0.001,0.,0.001
3900,0.398,0.,0.397,0.745,0.,0.745,0.413,0.,0.413,0.734,0.,0.734,0.424,0.,0.424,0.734,0.,0.734,0.407,0.,0.407,0.001,0.,0.001,0.001,0.,0.001,0.001,0.,0.001,0.001,0.,0.001,0.001,0.,0.001,0.001,0.,0.001
4000,0.455,0.001,0.454,0.771,0.,0.771,0.447,0.,0.447,0.754,0.,0.754,0.457,0.,0.457,0.751,0.,0.751,0.464,0.,0.464,0.001,0.,0.,0.001,0.,0.001,0.001,0.,0.001,0.001,0.,0.001,0.001,0.,0.001,0.001,0.,0.001
4100,0.54,0.,0.54,0.849,0.,0.849,0.543,0.,0.543,0.899,0.,0.898,0.531,0.,0.531,0.911,0.,0.911,0.542,0.,0.542,0.001,0.,0.,0.001,0.,0.001,0.001,0.,0.001,0.001,0.,0.001,0.001,0.,0.001,0.001,0.,0.001
4200,0.516,0.,0.516,0.94,0.,0.94,0.498,0.,0.498,0.902,0.,0.902,0.515,0.,0.515,0.923,0.,0.923,0.514,0.,0.514,0.001,0.,0.001,0.001,0.,0.001,0.001,0.,0.001,0.001,0.,0.001,0.001,0.,0.001,0.001,0.,0.001
4300,0.513,0.,0.513,0.941,0.,0.941,0.508,0.,0.508,0.941,0.,0.941,0.543,0.,0.543,0.902,0.,0.902,0.512,0.,0.512,0.001,0.,0.001,0.001,0.,0.001,0.001,0.,0.001,0.001,0.,0.001,0.001,0.,0.001,0.001,0.,0.001
4400,0.54,0.,0.54,1.03,0.,1.03,0.559,0.,0.559,0.997,0.,0.997,0.578,0.,0.578,0.999,0.,0.999,0.576,0.,0.576,0.001,0.,0.001,0.001,0.,0.001,0.001,0.,0.001,0.001,0.,0.001,0.001,0.,0.001,0.001,0.,0.001
4500,0.568,0.,0.567,1.046,0.,1.046,0.58,0.,0.58,1.023,0.,1.022,0.605,0.,0.605,1.045,0.,1.045,0.574,0.,0.574,0.001,0.,0.001,0.002,0.,0.002,0.001,0.,0.001,0.001,0.,0.001,0.001,0.,0.001,0.001,0.,0.001
4600,0.642,0.,0.642,1.065,0.,1.065,0.632,0.,0.632,1.049,0.,1.049,0.629,0.,0.629,1.036,0.,1.036,0.661,0.,0.661,0.001,0.,0.001,0.002,0.,0.002,0.001,0.,0.001,0.001,0.,0.,0.001,0.,0.001,0.001,0.,0.001
4700,0.666,0.,0.666,1.066,0.,1.066,0.682,0.,0.682,1.139,0.,1.139,0.701,0.,0.701,1.113,0.,1.113,0.665,0.,0.665,0.002,0.,0.002,0.002,0.,0.002,0.001,0.,0.001,0.001,0.,0.001,0.001,0.,0.001,0.001,0.,0.001
4800,0.65,0.,0.65,1.184,0.,1.184,0.658,0.,0.658,1.186,0.,1.186,0.661,0.,0.661,1.19,0.,1.19,0.656,0.,0.656,0.002,0.,0.002,0.002,0.,0.002,0.001,0.,0.001,0.001,0.,0.001,0.001,0.,0.001,0.001,0.,0.001
4900,0.705,0.,0.705,1.205,0.,1.204,0.704,0.,0.704,1.194,0.,1.194,0.694,0.,0.694,1.193,0.,1.193,0.678,0.,0.677,0.002,0.,0.002,0.002,0.,0.002,0.001,0.,0.001,0.001,0.,0.001,0.001,0.,0.001,0.001,0.,0.001
5000,0.732,0.,0.732,1.276,0.001,1.275,0.738,0.,0.738,1.295,0.,1.295,0.758,0.,0.758,1.273,0.,1.272,0.758,0.,0.758,0.002,0.,0.002,0.002,0.,0.002,0.001,0.,0.001,0.001,0.,0.001,0.001,0.,0.001,0.001,0.,0.001
5500,0.891,0.,0.89,1.53,0.,1.53,0.858,0.,0.857,1.515,0.,1.515,0.871,0.,0.871,1.531,0.,1.531,0.848,0.,0.847,0.002,0.,0.002,0.002,0.,0.002,0.002,0.,0.002,0.001,0.,0.001,0.002,0.,0.002,0.001,0.,0.001
6000,0.994,0.001,0.993,1.82,0.003,1.817,1.001,0.,1.001,1.814,0.001,1.812,0.995,0.,0.995,1.805,0.,1.805,1.013,0.,1.013,0.003,0.,0.003,0.002,0.,0.002,0.002,0.,0.002,0.002,0.,0.002,0.002,0.,0.002,0.002,0.,0.002
6500,1.196,0.,1.196,2.114,0.,2.114,1.197,0.,1.196,2.231,0.,2.231,1.222,0.001,1.221,2.16,0.,2.159,1.21,0.,1.21,0.002,0.,0.002,0.002,0.,0.002,0.002,0.,0.002,0.002,0.,0.002,0.002,0.,0.002,0.002,0.,0.002
7000,1.497,0.,1.497,2.454,0.,2.454,1.479,0.,1.479,2.551,0.,2.551,1.471,0.,1.471,2.467,0.,2.467,1.473,0.,1.473,0.002,0.,0.002,0.002,0.,0.002,0.002,0.,0.002,0.002,0.,0.002,0.002,0.,0.002,0.002,0.,0.002
7500,1.592,0.,1.592,2.746,0.,2.745,1.564,0.,1.563,2.92,0.,2.919,1.604,0.,1.604,2.914,0.,2.913,1.671,0.,1.671,0.002,0.,0.002,0.003,0.,0.003,0.002,0.,0.002,0.002,0.,0.002,0.002,0.,0.002,0.002,0.,0.002
8000,1.795,0.,1.795,3.09,0.,3.09,1.778,0.,1.778,3.171,0.,3.171,1.891,0.,1.891,3.293,0.,3.292,1.806,0.,1.806,0.002,0.,0.002,0.003,0.,0.003,0.002,0.,0.002,0.002,0.,0.002,0.002,0.,0.002,0.002,0.,0.002
8500,2.144,0.,2.144,3.615,0.,3.615,2.083,0.,2.082,3.781,0.,3.781,2.123,0.,2.123,3.837,0.,3.837,2.126,0.,2.126,0.003,0.,0.003,0.003,0.,0.003,0.003,0.,0.003,0.003,0.,0.003,0.002,0.,0.002,0.003,0.,0.003
9000,2.242,0.,2.242,4.134,0.001,4.133,2.309,0.,2.309,3.954,0.,3.954,2.287,0.001,2.286,3.904,0.001,3.903,2.316,0.,2.316,0.003,0.,0.003,0.003,0.,0.003,0.003,0.,0.003,0.003,0.,0.003,0.003,0.,0.003,0.003,0.,0.003
9500,2.493,0.,2.493,4.432,0.,4.432,2.574,0.,2.574,4.456,0.,4.455,2.571,0.,2.571,4.371,0.,4.371,2.479,0.,2.479,0.003,0.,0.003,0.003,0.,0.003,0.003,0.,0.003,0.003,0.,0.003,0.003,0.,0.003,0.003,0.,0.003
10000,2.915,0.,2.915,4.898,0.,4.897,2.945,0.,2.945,4.973,0.,4.972,2.843,0.,2.843,4.928,0.,4.928,2.888,0.,2.888,0.003,0.,0.003,0.004,0.,0.004,0.003,0.,0.003,0.003,0.,0.003,0.003,0.,0.003,0.003,0.,0.003