param-n,abstract-regression-cubic-real,abstract-regression-cubic-sys,abstract-regression-cubic-user,close-abstract-regression-cubic-real,close-abstract-regression-cubic-sys,close-abstract-regression-cubic-user,fast-rewrite-regression-cubic-real,fast-rewrite-regression-cubic-sys,fast-rewrite-regression-cubic-user,pose-build-and-refine-regression-cubic-real,pose-build-and-refine-regression-cubic-sys,pose-build-and-refine-regression-cubic-user,refine-regression-quadratic-regression-linear-real,refine-regression-quadratic-regression-linear-sys,refine-regression-quadratic-regression-linear-user
1,0.,0.,0.,0.,0.,0.,0.,0.,0.,0.,0.,0.,0.,0.,0.
2,0.,0.,0.,0.,0.,0.,0.,0.,0.,0.,0.,0.,0.,0.,0.
3,0.,0.,0.,0.,0.,0.,0.,0.,0.,0.,0.,0.,0.,0.,0.
4,0.,0.,0.,0.,0.,0.,0.,0.,0.,0.,0.,0.,0.,0.,0.
5,0.,0.,0.,0.,0.,0.,0.,0.,0.,0.,0.,0.,0.,0.,0.
6,0.001,0.,0.001,0.,0.,0.,0.,0.,0.,0.,0.,0.,0.,0.,0.
7,0.001,0.,0.001,0.,0.,0.,0.,0.,0.,0.,0.,0.,0.,0.,0.
8,0.001,0.,0.,0.,0.,0.,0.,0.,0.,0.,0.,0.,0.,0.,0.
9,0.001,0.,0.001,0.,0.,0.,0.001,0.,0.001,0.001,0.,0.001,0.,0.,0.
10,0.049,0.006,0.042,0.,0.,0.,0.048,0.006,0.042,0.048,0.006,0.042,0.047,0.006,0.041
11,0.001,0.,0.001,0.,0.,0.,0.,0.,0.,0.,0.,0.,0.,0.,0.
12,0.001,0.,0.001,0.,0.,0.,0.001,0.,0.001,0.001,0.,0.001,0.,0.,0.
13,0.001,0.,0.001,0.,0.,0.,0.001,0.,0.001,0.001,0.,0.001,0.,0.,0.
14,0.001,0.,0.001,0.,0.,0.,0.001,0.,0.001,0.001,0.,0.001,0.,0.,0.
15,0.001,0.,0.001,0.,0.,0.,0.001,0.,0.001,0.001,0.,0.001,0.,0.,0.
16,0.002,0.,0.002,0.,0.,0.,0.001,0.,0.001,0.001,0.,0.001,0.,0.,0.
17,0.002,0.,0.002,0.,0.,0.,0.001,0.,0.001,0.001,0.,0.001,0.,0.,0.
18,0.002,0.,0.002,0.,0.,0.,0.001,0.,0.001,0.001,0.,0.001,0.,0.,0.
19,0.002,0.,0.002,0.,0.,0.,0.001,0.,0.001,0.001,0.,0.001,0.,0.,0.
20,0.002,0.,0.002,0.,0.,0.,0.001,0.,0.001,0.001,0.,0.001,0.,0.,0.
21,0.002,0.,0.002,0.,0.,0.,0.001,0.,0.001,0.001,0.,0.001,0.,0.,0.
22,0.002,0.,0.002,0.,0.,0.,0.001,0.,0.001,0.001,0.,0.001,0.,0.,0.
23,0.002,0.,0.002,0.,0.,0.,0.001,0.,0.001,0.001,0.,0.001,0.,0.,0.
24,0.002,0.,0.002,0.,0.,0.,0.002,0.,0.002,0.001,0.,0.001,0.,0.,0.
25,0.003,0.,0.003,0.,0.,0.,0.002,0.,0.002,0.002,0.,0.002,0.,0.,0.
26,0.003,0.,0.003,0.,0.,0.,0.002,0.,0.002,0.002,0.,0.002,0.,0.,0.
27,0.005,0.,0.005,0.001,0.,0.001,0.004,0.,0.004,0.004,0.,0.004,0.,0.,0.
28,0.003,0.,0.003,0.001,0.,0.001,0.002,0.,0.002,0.002,0.,0.002,0.,0.,0.
29,0.003,0.,0.003,0.001,0.,0.001,0.002,0.,0.002,0.002,0.,0.002,0.,0.,0.
30,0.003,0.,0.003,0.001,0.,0.001,0.002,0.,0.002,0.002,0.,0.002,0.,0.,0.
31,0.004,0.,0.004,0.001,0.,0.001,0.002,0.,0.002,0.002,0.,0.002,0.,0.,0.
32,0.004,0.,0.004,0.001,0.,0.001,0.002,0.,0.002,0.002,0.,0.002,0.,0.,0.
33,0.004,0.,0.004,0.001,0.,0.001,0.002,0.,0.002,0.002,0.,0.002,0.,0.,0.
34,0.004,0.,0.004,0.001,0.,0.001,0.002,0.,0.002,0.002,0.,0.002,0.,0.,0.
35,0.005,0.,0.005,0.001,0.,0.001,0.003,0.,0.003,0.003,0.,0.003,0.,0.,0.
36,0.004,0.,0.004,0.001,0.,0.001,0.003,0.,0.003,0.003,0.,0.003,0.,0.,0.
37,0.007,0.,0.007,0.004,0.,0.004,0.003,0.,0.003,0.003,0.,0.003,0.,0.,0.
38,0.005,0.,0.005,0.001,0.,0.001,0.003,0.,0.003,0.003,0.,0.003,0.,0.,0.
39,0.005,0.,0.005,0.001,0.,0.001,0.003,0.,0.003,0.003,0.,0.003,0.,0.,0.
40,0.005,0.,0.005,0.001,0.,0.001,0.003,0.,0.003,0.003,0.,0.003,0.,0.,0.
41,0.005,0.,0.005,0.001,0.,0.001,0.003,0.,0.003,0.003,0.,0.003,0.,0.,0.
42,0.005,0.,0.005,0.001,0.,0.001,0.003,0.,0.003,0.003,0.,0.003,0.,0.,0.
43,0.006,0.,0.006,0.002,0.,0.002,0.003,0.,0.003,0.003,0.,0.003,0.,0.,0.
44,0.006,0.,0.006,0.002,0.,0.002,0.003,0.,0.003,0.003,0.,0.003,0.,0.,0.
45,0.008,0.,0.008,0.003,0.,0.003,0.003,0.,0.003,0.003,0.,0.003,0.,0.,0.
46,0.006,0.,0.006,0.002,0.,0.002,0.004,0.,0.004,0.004,0.,0.004,0.,0.,0.
47,0.006,0.,0.006,0.002,0.,0.002,0.004,0.,0.004,0.004,0.,0.004,0.,0.,0.
48,0.007,0.,0.007,0.002,0.,0.002,0.004,0.,0.004,0.004,0.,0.004,0.,0.,0.
49,0.007,0.,0.007,0.002,0.,0.002,0.004,0.,0.004,0.004,0.,0.004,0.,0.,0.
50,0.008,0.,0.008,0.002,0.,0.002,0.005,0.,0.005,0.005,0.,0.005,0.,0.,0.
51,0.007,0.,0.007,0.002,0.,0.002,0.004,0.,0.004,0.004,0.,0.004,0.,0.,0.
52,0.007,0.,0.007,0.002,0.,0.002,0.004,0.,0.004,0.004,0.,0.004,0.,0.,0.
53,0.011,0.,0.011,0.003,0.,0.003,0.008,0.,0.008,0.008,0.,0.008,0.,0.,0.
54,0.008,0.,0.008,0.003,0.,0.003,0.004,0.,0.004,0.004,0.,0.004,0.,0.,0.
55,0.008,0.,0.008,0.003,0.,0.003,0.005,0.,0.005,0.005,0.,0.005,0.,0.,0.
56,0.008,0.,0.008,0.003,0.,0.003,0.005,0.,0.005,0.005,0.,0.005,0.,0.,0.
57,0.008,0.,0.008,0.003,0.,0.003,0.005,0.,0.005,0.005,0.,0.005,0.,0.,0.
58,0.009,0.,0.009,0.003,0.,0.003,0.005,0.,0.005,0.005,0.,0.005,0.,0.,0.
59,0.011,0.,0.011,0.003,0.,0.003,0.007,0.,0.007,0.007,0.,0.007,0.,0.,0.
60,0.009,0.,0.009,0.003,0.,0.003,0.005,0.,0.005,0.005,0.,0.005,0.,0.,0.
61,0.009,0.,0.009,0.003,0.,0.003,0.005,0.,0.005,0.005,0.,0.005,0.,0.,0.
62,0.01,0.,0.01,0.004,0.,0.004,0.005,0.,0.005,0.005,0.,0.005,0.,0.,0.
63,0.01,0.,0.01,0.004,0.,0.004,0.005,0.,0.005,0.005,0.,0.005,0.,0.,0.
64,0.013,0.,0.013,0.004,0.,0.004,0.008,0.,0.008,0.008,0.,0.008,0.,0.,0.
65,0.01,0.,0.01,0.004,0.,0.004,0.005,0.,0.005,0.005,0.,0.005,0.,0.,0.
66,0.011,0.,0.011,0.004,0.,0.004,0.006,0.,0.006,0.006,0.,0.006,0.,0.,0.
67,0.011,0.,0.011,0.004,0.,0.004,0.006,0.,0.006,0.006,0.,0.006,0.,0.,0.
68,0.011,0.,0.011,0.004,0.,0.004,0.006,0.,0.006,0.006,0.,0.006,0.,0.,0.
69,0.012,0.,0.012,0.004,0.,0.004,0.007,0.,0.007,0.007,0.,0.007,0.,0.,0.
70,0.012,0.,0.012,0.005,0.,0.005,0.006,0.,0.006,0.006,0.,0.006,0.,0.,0.
71,0.012,0.,0.012,0.005,0.,0.005,0.006,0.,0.006,0.006,0.,0.006,0.,0.,0.
72,0.012,0.,0.012,0.005,0.,0.005,0.006,0.,0.006,0.006,0.,0.006,0.,0.,0.
73,0.015,0.,0.015,0.005,0.,0.005,0.009,0.,0.009,0.009,0.,0.009,0.,0.,0.
74,0.013,0.,0.013,0.006,0.,0.006,0.007,0.,0.007,0.007,0.,0.007,0.,0.,0.
75,0.013,0.,0.013,0.006,0.,0.006,0.007,0.,0.007,0.007,0.,0.007,0.,0.,0.
76,0.014,0.,0.014,0.006,0.,0.006,0.007,0.,0.007,0.007,0.,0.007,0.,0.,0.
77,0.016,0.,0.016,0.008,0.,0.008,0.007,0.,0.007,0.007,0.,0.007,0.,0.,0.
78,0.014,0.,0.014,0.006,0.,0.006,0.007,0.,0.007,0.007,0.,0.007,0.,0.,0.
79,0.014,0.,0.014,0.006,0.,0.006,0.007,0.,0.007,0.007,0.,0.007,0.,0.,0.
80,0.015,0.,0.015,0.007,0.,0.007,0.007,0.,0.007,0.007,0.,0.007,0.,0.,0.
81,0.016,0.,0.016,0.006,0.,0.006,0.009,0.,0.009,0.009,0.,0.009,0.002,0.,0.002
82,0.015,0.,0.015,0.007,0.,0.007,0.007,0.,0.007,0.007,0.,0.007,0.,0.,0.
83,0.016,0.,0.016,0.007,0.,0.007,0.008,0.,0.008,0.008,0.,0.008,0.,0.,0.
84,0.016,0.,0.016,0.007,0.,0.007,0.008,0.,0.008,0.008,0.,0.008,0.,0.,0.
85,0.018,0.,0.018,0.008,0.,0.008,0.01,0.,0.01,0.01,0.,0.01,0.,0.,0.
86,0.017,0.,0.017,0.008,0.,0.008,0.008,0.,0.008,0.008,0.,0.008,0.,0.,0.
87,0.017,0.,0.017,0.008,0.,0.008,0.008,0.,0.008,0.008,0.,0.008,0.,0.,0.
88,0.021,0.,0.021,0.011,0.,0.011,0.008,0.,0.008,0.008,0.,0.008,0.,0.,0.
89,0.018,0.,0.018,0.008,0.,0.008,0.008,0.,0.008,0.008,0.,0.008,0.,0.,0.
90,0.018,0.,0.018,0.009,0.,0.009,0.008,0.,0.008,0.008,0.,0.008,0.,0.,0.
91,0.018,0.,0.018,0.009,0.,0.009,0.009,0.,0.009,0.009,0.,0.009,0.,0.,0.
92,0.02,0.,0.019,0.009,0.,0.009,0.01,0.,0.009,0.01,0.,0.009,0.,0.,0.
93,0.02,0.,0.02,0.01,0.,0.01,0.009,0.,0.009,0.009,0.,0.009,0.,0.,0.
94,0.02,0.,0.02,0.01,0.,0.01,0.009,0.,0.009,0.009,0.,0.009,0.,0.,0.
95,0.022,0.,0.022,0.01,0.,0.01,0.011,0.,0.011,0.011,0.,0.011,0.,0.,0.
96,0.021,0.,0.021,0.01,0.,0.01,0.01,0.,0.01,0.01,0.,0.01,0.,0.,0.
97,0.021,0.,0.021,0.01,0.,0.01,0.009,0.,0.009,0.009,0.,0.009,0.,0.,0.
98,0.023,0.,0.023,0.011,0.,0.011,0.011,0.,0.011,0.011,0.,0.011,0.,0.,0.
99,0.021,0.,0.021,0.011,0.,0.011,0.009,0.,0.009,0.009,0.,0.009,0.,0.,0.
100,0.066,0.,0.065,0.011,0.,0.011,0.054,0.,0.054,0.054,0.,0.054,0.,0.,0.
110,0.026,0.,0.026,0.014,0.,0.014,0.011,0.,0.011,0.011,0.,0.011,0.,0.,0.
120,0.035,0.,0.035,0.018,0.,0.018,0.017,0.,0.017,0.017,0.,0.017,0.,0.,0.
130,0.045,0.,0.045,0.022,0.,0.022,0.023,0.,0.023,0.023,0.,0.023,0.,0.,0.
140,0.054,0.,0.054,0.027,0.,0.027,0.026,0.,0.026,0.026,0.,0.026,0.,0.,0.
150,0.057,0.,0.057,0.03,0.,0.03,0.026,0.,0.026,0.026,0.,0.026,0.001,0.,0.001
160,0.076,0.,0.076,0.038,0.,0.038,0.037,0.,0.037,0.037,0.,0.037,0.001,0.,0.001
170,0.086,0.,0.086,0.045,0.,0.045,0.041,0.,0.041,0.041,0.,0.041,0.001,0.,0.001
180,0.102,0.001,0.1,0.052,0.,0.051,0.048,0.,0.047,0.048,0.,0.047,0.001,0.,0.001
190,0.116,0.001,0.115,0.06,0.,0.06,0.054,0.,0.053,0.054,0.,0.053,0.001,0.,0.001
200,0.123,0.,0.122,0.066,0.,0.066,0.057,0.,0.056,0.057,0.,0.056,0.001,0.,0.001
210,0.146,0.,0.146,0.08,0.,0.079,0.066,0.,0.066,0.066,0.,0.066,0.001,0.,0.001
220,0.144,0.001,0.142,0.085,0.,0.084,0.057,0.001,0.056,0.057,0.001,0.056,0.001,0.,0.001
230,0.162,0.,0.162,0.101,0.,0.101,0.06,0.,0.06,0.06,0.,0.06,0.001,0.,0.001
240,0.18,0.,0.18,0.114,0.,0.114,0.065,0.,0.065,0.065,0.,0.065,0.001,0.,0.001
250,0.21,0.,0.21,0.122,0.,0.122,0.088,0.,0.088,0.088,0.,0.088,0.001,0.,0.001
260,0.212,0.,0.212,0.136,0.,0.136,0.074,0.,0.074,0.074,0.,0.074,0.001,0.,0.001
270,0.25,0.,0.25,0.155,0.,0.155,0.094,0.,0.094,0.094,0.,0.094,0.001,0.,0.001
280,0.279,0.,0.279,0.167,0.,0.167,0.11,0.,0.11,0.11,0.,0.11,0.001,0.,0.001
290,0.315,0.001,0.313,0.195,0.,0.194,0.119,0.,0.118,0.119,0.,0.118,0.001,0.,0.002
300,0.326,0.,0.326,0.203,0.,0.203,0.123,0.,0.123,0.123,0.,0.123,0.002,0.,0.002
310,0.353,0.001,0.351,0.233,0.001,0.232,0.118,0.,0.118,0.118,0.,0.118,0.002,0.,0.002
320,0.354,0.003,0.351,0.243,0.,0.242,0.11,0.002,0.108,0.11,0.002,0.108,0.002,0.,0.002
330,0.38,0.002,0.378,0.264,0.,0.264,0.115,0.002,0.113,0.115,0.002,0.113,0.002,0.,0.002
340,0.422,0.,0.422,0.289,0.,0.289,0.132,0.,0.132,0.132,0.,0.132,0.002,0.,0.002
350,0.458,0.004,0.453,0.314,0.,0.313,0.143,0.003,0.139,0.143,0.003,0.139,0.002,0.,0.002
360,0.512,0.,0.512,0.34,0.,0.34,0.171,0.,0.171,0.171,0.,0.171,0.002,0.,0.002
370,0.544,0.,0.544,0.372,0.,0.372,0.171,0.,0.171,0.171,0.,0.171,0.002,0.,0.002
380,0.557,0.,0.557,0.406,0.,0.406,0.149,0.,0.149,0.149,0.,0.149,0.002,0.,0.002
390,0.583,0.,0.583,0.431,0.,0.431,0.151,0.,0.151,0.151,0.,0.151,0.002,0.,0.002
400,0.612,0.003,0.609,0.456,0.,0.456,0.156,0.002,0.153,0.156,0.002,0.153,0.003,0.,0.003
500,1.212,0.,1.212,0.943,0.,0.943,0.268,0.,0.268,0.268,0.,0.268,0.003,0.,0.003
600,1.819,0.005,1.813,1.485,0.,1.484,0.332,0.004,0.327,0.332,0.004,0.327,0.004,0.,0.004
700,2.796,0.001,2.794,2.343,0.,2.342,0.452,0.001,0.451,0.452,0.001,0.451,0.005,0.001,0.004
800,3.947,0.,3.947,3.44,0.,3.44,0.506,0.,0.506,0.506,0.,0.506,0.006,0.,0.006
900,5.603,0.002,5.601,4.933,0.,4.933,0.669,0.002,0.667,0.669,0.002,0.667,0.006,0.,0.006
1000,7.409,0.,7.408,6.632,0.,6.631,0.775,0.,0.775,0.775,0.,0.775,0.007,0.,0.007