param-0-n,param-1-lgn,try-ssr-rewrite!-cold-noop-regression-linear-real,try-ssr-rewrite!-cold-noop-regression-linear-sys,try-ssr-rewrite!-cold-noop-regression-linear-user,try-ssr-rewrite!-evar-noop-regression-linear-real,try-ssr-rewrite!-evar-noop-regression-linear-sys,try-ssr-rewrite!-evar-noop-regression-linear-user,try-ssr-rewrite!-noop-regression-linear-real,try-ssr-rewrite!-noop-regression-linear-sys,try-ssr-rewrite!-noop-regression-linear-user,try-ssr-rewrite-evar-noop-regression-linear-real,try-ssr-rewrite-evar-noop-regression-linear-sys,try-ssr-rewrite-evar-noop-regression-linear-user,try-ssr-rewrite-noop-regression-linear-real,try-ssr-rewrite-noop-regression-linear-sys,try-ssr-rewrite-noop-regression-linear-user,try-ssr-rewrite?-evar-noop-regression-linear-real,try-ssr-rewrite?-evar-noop-regression-linear-sys,try-ssr-rewrite?-evar-noop-regression-linear-user,try-ssr-rewrite?-noop-regression-linear-real,try-ssr-rewrite?-noop-regression-linear-sys,try-ssr-rewrite?-noop-regression-linear-user
3,1,0.,0.,0.,0.,0.,0.,0.,0.,0.,0.,0.,0.,0.,0.,0.,0.,0.,0.,0.,0.,0.
7,2,0.,0.,0.,0.,0.,0.,0.,0.,0.,0.,0.,0.,0.,0.,0.,0.,0.,0.,0.,0.,0.
15,3,0.,0.,0.,0.,0.,0.,0.,0.,0.,0.,0.,0.,0.,0.,0.,0.,0.,0.,0.,0.,0.
31,4,0.,0.,0.,0.,0.,0.,0.,0.,0.,0.,0.,0.,0.,0.,0.,0.,0.,0.,0.,0.,0.
63,5,0.,0.,0.,0.,0.,0.,0.,0.,0.,0.,0.,0.,0.,0.,0.,0.,0.,0.,0.,0.,0.
127,6,0.,0.,0.,0.,0.,0.,0.,0.,0.,0.,0.,0.,0.,0.,0.,0.,0.,0.,0.,0.,0.
255,7,0.,0.,0.,0.,0.,0.,0.,0.,0.,0.,0.,0.,0.,0.,0.,0.,0.,0.,0.,0.,0.
511,8,0.,0.,0.,0.,0.,0.,0.,0.,0.,0.,0.,0.,0.,0.,0.,0.,0.,0.,0.,0.,0.
1023,9,0.,0.,0.,0.,0.,0.,0.,0.,0.,0.,0.,0.,0.,0.,0.,0.,0.,0.,0.,0.,0.
2047,10,0.,0.,0.,0.,0.,0.,0.,0.,0.,0.,0.,0.,0.,0.,0.,0.,0.,0.,0.,0.,0.
4095,11,0.,0.,0.,0.,0.,0.,0.,0.,0.,0.,0.,0.,0.,0.,0.,0.,0.,0.,0.,0.,0.
8191,12,0.001,0.,0.001,0.001,0.,0.001,0.001,0.,0.001,0.001,0.,0.001,0.001,0.,0.001,0.001,0.,0.001,0.001,0.,0.001
16383,13,0.003,0.,0.003,0.003,0.,0.003,0.003,0.,0.003,0.006,0.,0.006,0.003,0.,0.003,0.003,0.,0.003,0.003,0.,0.003
32767,14,0.006,0.,0.006,0.006,0.,0.006,0.006,0.,0.006,0.006,0.,0.006,0.006,0.,0.006,0.006,0.,0.006,0.013,0.,0.013
65535,15,0.021,0.,0.021,0.013,0.,0.013,0.013,0.,0.013,0.013,0.,0.013,0.013,0.,0.013,0.013,0.,0.013,0.029,0.,0.029
131071,16,0.052,0.008,0.044,0.029,0.,0.028,0.068,0.,0.068,0.029,0.,0.029,0.028,0.,0.028,0.029,0.,0.029,0.028,0.,0.028
262143,17,0.114,0.,0.114,0.057,0.,0.057,0.061,0.,0.061,0.059,0.,0.059,0.06,0.,0.06,0.061,0.,0.06,0.057,0.,0.057
524287,18,0.225,0.,0.225,0.123,0.,0.123,0.122,0.,0.122,0.124,0.,0.124,0.125,0.,0.125,0.121,0.,0.121,0.123,0.,0.123
1048575,19,0.376,0.,0.376,0.258,0.,0.258,0.265,0.,0.265,0.259,0.,0.259,0.266,0.,0.266,0.265,0.,0.265,0.259,0.,0.259
2097151,20,0.709,0.012,0.697,0.518,0.,0.518,0.51,0.,0.51,0.512,0.,0.512,0.516,0.,0.516,0.511,0.,0.511,0.514,0.,0.514
4194303,21,1.304,0.,1.304,1.026,0.,1.026,1.015,0.,1.015,1.021,0.,1.021,1.006,0.,1.006,1.024,0.,1.024,1.036,0.,1.036
8388607,22,2.323,0.,2.323,2.068,0.,2.068,2.029,0.,2.029,2.061,0.,2.061,2.052,0.,2.051,2.069,0.,2.069,2.075,0.,2.075