param-n,cbn-regression-cubic-real,cbn-regression-cubic-sys,cbn-regression-cubic-user,cbv-regression-quadratic-real,cbv-regression-quadratic-sys,cbv-regression-quadratic-user,lazy-regression-quadratic-real,lazy-regression-quadratic-sys,lazy-regression-quadratic-user,native-compute(1)-regression-quadratic-real,native-compute(1)-regression-quadratic-sys,native-compute(1)-regression-quadratic-user,native-compute(2)-regression-quadratic-real,native-compute(2)-regression-quadratic-sys,native-compute(2)-regression-quadratic-user,simpl-regression-cubic-real,simpl-regression-cubic-sys,simpl-regression-cubic-user,vm-compute-regression-quadratic-real,vm-compute-regression-quadratic-sys,vm-compute-regression-quadratic-user
2,0.001,0.,0.001,0.,0.,0.,0.,0.,0.,0.111,0.004,0.001,0.111,0.003,0.001,0.001,0.,0.,0.,0.,0.
3,0.002,0.,0.002,0.,0.,0.,0.,0.,0.,0.111,0.,0.004,0.11,0.004,0.,0.002,0.,0.002,0.,0.,0.
4,0.004,0.,0.004,0.,0.,0.,0.,0.,0.,0.112,0.004,0.,0.111,0.004,0.,0.004,0.,0.004,0.,0.,0.
5,0.007,0.,0.007,0.,0.,0.,0.,0.,0.,0.111,0.004,0.,0.111,0.004,0.,0.006,0.,0.006,0.,0.,0.
6,0.012,0.,0.012,0.,0.,0.,0.,0.,0.,0.111,0.005,0.,0.11,0.005,0.,0.011,0.,0.011,0.,0.,0.
7,0.017,0.,0.017,0.,0.,0.,0.,0.,0.,0.112,0.004,0.,0.111,0.004,0.,0.053,0.,0.053,0.,0.,0.
8,0.022,0.,0.022,0.,0.,0.,0.,0.,0.,0.111,0.004,0.,0.111,0.004,0.,0.022,0.,0.022,0.,0.,0.
9,0.068,0.,0.068,0.,0.,0.,0.,0.,0.,0.112,0.004,0.,0.111,0.,0.004,0.03,0.,0.03,0.,0.,0.
10,0.041,0.,0.041,0.,0.,0.,0.,0.,0.,0.11,0.003,0.001,0.112,0.004,0.,0.041,0.,0.041,0.,0.,0.
11,0.053,0.,0.053,0.,0.,0.,,,,,,,,,,0.087,0.,0.087,,,
12,0.062,0.,0.062,,,,0.,0.,0.,,,,,,,0.061,0.,0.061,,,
13,0.116,0.,0.116,,,,,,,,,,,,,0.072,0.,0.072,,,
14,0.097,0.,0.097,,,,,,,,,,,,,0.128,0.,0.128,,,
15,0.159,0.,0.159,,,,,,,,,,,,,0.109,0.,0.109,,,
16,0.122,0.,0.122,,,,,,,,,,,,,0.124,0.,0.124,,,
17,,,,,,,,,,,,,,,,0.141,0.,0.141,,,
18,0.17,0.,0.17,,,,0.,0.,0.,,,,,,,0.172,0.,0.172,,,
19,0.196,0.,0.196,0.,0.,0.,,,,,,,,,,,,,,,
20,,,,,,,,,,,,,,,,0.218,0.,0.218,,,
22,0.296,0.,0.296,,,,,,,,,,,,,0.289,0.,0.289,,,
23,,,,,,,0.,0.,0.,,,,,,,,,,,,
24,,,,,,,,,,,,,,,,0.345,0.,0.345,,,
25,0.381,0.,0.38,,,,,,,,,,,,,,,,,,
26,,,,,,,,,,,,,,,,0.425,0.,0.425,,,
28,0.503,0.,0.503,0.,0.,0.,0.,0.,0.,,,,,,,0.516,0.,0.516,,,
30,0.626,0.,0.626,,,,,,,,,,,,,0.625,0.,0.625,,,
32,,,,,,,,,,,,,,,,0.711,0.,0.711,,,
33,0.743,0.,0.743,,,,0.001,0.,0.001,,,,,,,,,,,,
34,,,,,,,,,,,,,,,,0.863,0.,0.863,,,
36,0.927,0.,0.927,0.,0.,0.,,,,,,,,,,,,,,,
39,,,,,,,0.001,0.,0.001,,,,,,,,,,,,
41,,,,,,,,,,,,,,,,1.387,0.,1.387,0.,0.,0.
43,1.496,0.,1.496,,,,,,,,,,,,,,,,,,
44,,,,,,,0.001,0.,0.001,,,,,,,,,,,,
45,,,,0.001,0.,0.001,,,,,,,,,,,,,,,
47,,,,,,,,,,,,,,,,2.054,0.003,2.05,,,
49,,,,,,,0.002,0.,0.002,,,,,,,,,,,,
50,2.201,0.,2.201,,,,,,,,,,,,,,,,,,
53,,,,0.001,0.,0.001,,,,,,,,,,,,,,,
54,,,,,,,0.002,0.,0.002,,,,,,,2.89,0.,2.89,,,
56,2.928,0.,2.928,,,,,,,,,,,,,,,,,,
59,,,,,,,0.002,0.,0.002,,,,,,,,,,,,
60,,,,,,,,,,,,,,,,3.892,0.,3.892,,,
62,,,,0.002,0.,0.002,,,,,,,,,,,,,,,
63,4.362,0.,4.362,,,,,,,,,,,,,,,,,,
65,,,,,,,0.003,0.,0.003,,,,,,,,,,,,
67,,,,,,,,,,,,,,,,5.372,0.015,5.356,,,
70,5.659,0.,5.659,,,,0.003,0.,0.003,,,,,,,,,,,,
71,,,,0.002,0.,0.002,,,,,,,,,,,,,,,
75,,,,,,,0.003,0.,0.003,,,,,,,,,,,,
79,,,,0.002,0.,0.002,,,,,,,,,,,,,,,
80,,,,,,,0.043,0.,0.043,,,,,,,,,,0.,0.,0.
86,,,,,,,0.004,0.,0.004,,,,,,,,,,,,
88,,,,0.003,0.,0.003,,,,,,,,,,,,,,,
91,,,,,,,0.005,0.,0.005,,,,,,,,,,,,
96,,,,0.003,0.,0.003,0.005,0.,0.005,,,,,,,,,,,,
101,,,,,,,0.005,0.,0.005,,,,,,,,,,,,
105,,,,0.004,0.,0.004,,,,,,,,,,,,,,,
106,,,,,,,0.007,0.,0.007,,,,,,,,,,,,
112,,,,,,,0.007,0.,0.007,,,,,,,,,,,,
113,,,,0.045,0.,0.045,,,,,,,,,,,,,,,
116,,,,,,,,,,0.121,0.004,0.001,0.121,0.003,0.001,,,,,,
117,,,,,,,0.007,0.,0.007,,,,,,,,,,,,
120,,,,,,,,,,,,,,,,,,,0.,0.,0.
122,,,,0.005,0.,0.005,0.008,0.,0.008,,,,,,,,,,,,
127,,,,,,,0.011,0.,0.011,,,,,,,,,,,,
130,,,,0.006,0.,0.006,,,,,,,,,,,,,,,
133,,,,,,,0.009,0.,0.009,,,,,,,,,,,,
138,,,,,,,0.01,0.,0.01,,,,,,,,,,,,
139,,,,0.006,0.,0.006,,,,,,,,,,,,,,,
143,,,,,,,0.011,0.,0.011,,,,,,,,,,,,
148,,,,0.008,0.,0.008,0.011,0.,0.011,,,,,,,,,,,,
153,,,,,,,0.013,0.,0.013,,,,,,,,,,,,
156,,,,0.008,0.,0.008,,,,,,,,,,,,,,,
159,,,,,,,0.012,0.,0.012,,,,,,,,,,0.,0.,0.
164,,,,,,,0.015,0.,0.015,,,,,,,,,,,,
165,,,,0.009,0.,0.009,,,,,,,,,,,,,,,
169,,,,,,,0.014,0.,0.014,,,,,,,,,,,,
173,,,,0.012,0.,0.012,,,,,,,,,,,,,,,
174,,,,,,,0.016,0.,0.016,,,,,,,,,,,,
180,,,,,,,0.016,0.,0.016,,,,,,,,,,,,
182,,,,0.01,0.,0.01,,,,,,,,,,,,,,,
185,,,,,,,0.018,0.,0.018,,,,,,,,,,,,
190,,,,0.011,0.,0.011,0.017,0.,0.017,,,,,,,,,,,,
195,,,,,,,0.021,0.,0.021,,,,,,,,,,,,
198,,,,,,,,,,,,,,,,,,,0.001,0.,0.001
199,,,,0.012,0.,0.012,,,,,,,,,,,,,,,
200,,,,,,,0.022,0.,0.022,,,,,,,,,,,,
206,,,,,,,0.025,0.,0.025,,,,,,,,,,,,
208,,,,0.013,0.,0.013,,,,,,,,,,,,,,,
211,,,,,,,0.02,0.,0.02,,,,,,,,,,,,
216,,,,0.014,0.,0.014,0.024,0.,0.024,,,,,,,,,,,,
221,,,,,,,0.027,0.,0.027,,,,,,,,,,,,
225,,,,0.015,0.,0.015,,,,,,,,,,,,,,,
227,,,,,,,0.027,0.,0.027,,,,,,,,,,,,
229,,,,,,,,,,0.126,0.004,0.001,0.122,0.003,0.001,,,,,,
232,,,,,,,0.028,0.,0.028,,,,,,,,,,,,
233,,,,0.015,0.,0.015,,,,,,,,,,,,,,,
237,,,,,,,0.025,0.,0.025,,,,,,,,,,0.001,0.,0.001
242,,,,0.017,0.,0.017,0.027,0.,0.027,,,,,,,,,,,,
247,,,,,,,0.029,0.,0.029,,,,,,,,,,,,
250,,,,0.017,0.,0.017,,,,,,,,,,,,,,,
253,,,,,,,0.031,0.,0.031,,,,,,,,,,,,
258,,,,,,,0.033,0.,0.033,,,,,,,,,,,,
259,,,,0.018,0.,0.018,,,,,,,,,,,,,,,
263,,,,,,,0.037,0.,0.037,,,,,,,,,,,,
268,,,,0.02,0.,0.02,0.035,0.,0.035,,,,,,,,,,,,
273,,,,,,,0.037,0.,0.037,,,,,,,,,,,,
276,,,,0.021,0.003,0.017,,,,,,,,,,,,,0.001,0.,0.001
279,,,,,,,0.037,0.,0.037,,,,,,,,,,,,
284,,,,,,,0.04,0.,0.04,,,,,,,,,,,,
285,,,,0.022,0.,0.022,,,,,,,,,,,,,,,
289,,,,,,,0.047,0.,0.047,,,,,,,,,,,,
292,,,,,,,0.078,0.,0.077,,,,,,,,,,,,
293,,,,0.022,0.,0.022,,,,,,,,,,,,,,,
294,,,,,,,0.043,0.,0.043,,,,,,,,,,,,
300,,,,,,,0.045,0.,0.045,,,,,,,,,,,,
302,,,,0.024,0.,0.024,,,,,,,,,,,,,,,
305,,,,,,,0.05,0.003,0.046,,,,,,,,,,,,
310,,,,0.025,0.003,0.022,0.047,0.,0.047,,,,,,,,,,,,
315,,,,,,,0.056,0.,0.056,,,,,,,,,,,,
316,,,,,,,,,,,,,,,,,,,0.002,0.,0.002
319,,,,0.026,0.,0.026,,,,,,,,,,,,,,,
320,,,,,,,0.051,0.,0.051,,,,,,,,,,,,
326,,,,,,,0.053,0.,0.053,,,,,,,,,,,,
328,,,,0.027,0.,0.027,,,,,,,,,,,,,,,
331,,,,,,,0.064,0.,0.064,,,,,,,,,,,,
336,,,,0.029,0.,0.029,0.058,0.,0.058,,,,,,,,,,,,
341,,,,,,,0.056,0.,0.056,,,,,,,,,,,,
343,,,,,,,,,,0.122,0.003,0.002,0.122,0.004,0.001,,,,,,
345,,,,0.03,0.,0.03,,,,,,,,,,,,,,,
347,,,,,,,0.057,0.,0.057,,,,,,,,,,,,
352,,,,,,,0.056,0.,0.056,,,,,,,,,,,,
353,,,,0.031,0.,0.031,,,,,,,,,,,,,,,
355,,,,,,,,,,,,,,,,,,,0.002,0.,0.002
357,,,,,,,0.056,0.,0.056,,,,,,,,,,,,
362,,,,0.032,0.,0.032,0.057,0.,0.057,,,,,,,,,,,,
367,,,,,,,0.062,0.,0.062,,,,,,,,,,,,
370,,,,0.034,0.,0.034,,,,,,,,,,,,,,,
373,,,,,,,0.065,0.,0.065,,,,,,,,,,,,
378,,,,,,,0.068,0.,0.068,,,,,,,,,,,,
379,,,,0.035,0.,0.035,,,,,,,,,,,,,,,
383,,,,,,,0.069,0.,0.069,,,,,,,,,,,,
387,,,,0.037,0.,0.037,,,,,,,,,,,,,,,
388,,,,,,,0.066,0.,0.066,,,,,,,,,,,,
394,,,,,,,0.068,0.,0.068,,,,,,,,,,0.003,0.,0.003
396,,,,0.039,0.,0.039,,,,,,,,,,,,,,,
399,,,,,,,0.073,0.,0.073,,,,,,,,,,,,
404,,,,,,,0.079,0.,0.079,,,,,,,,,,,,
405,,,,0.039,0.,0.039,,,,,,,,,,,,,,,
409,,,,,,,0.085,0.,0.085,,,,,,,,,,,,
413,,,,0.041,0.,0.041,,,,,,,,,,,,,,,
414,,,,,,,0.087,0.,0.087,,,,,,,,,,,,
420,,,,,,,0.086,0.,0.086,,,,,,,,,,,,
422,,,,0.043,0.,0.043,,,,,,,,,,,,,,,
425,,,,,,,0.094,0.,0.094,,,,,,,,,,,,
430,,,,0.043,0.,0.043,0.097,0.003,0.093,,,,,,,,,,,,
433,,,,,,,,,,,,,,,,,,,0.003,0.,0.003
435,,,,,,,0.105,0.,0.105,,,,,,,,,,,,
439,,,,0.046,0.,0.046,,,,,,,,,,,,,,,
441,,,,,,,0.119,0.,0.119,,,,,,,,,,,,
446,,,,,,,0.093,0.,0.093,,,,,,,,,,,,
447,,,,0.047,0.,0.047,,,,,,,,,,,,,,,
451,,,,,,,0.123,0.,0.123,,,,,,,,,,,,
456,,,,0.05,0.,0.05,,,,0.122,0.004,0.001,0.123,0.004,0.002,,,,,,
458,,,,0.09,0.,0.089,,,,,,,,,,,,,,,
465,,,,0.05,0.,0.05,,,,,,,,,,,,,,,
469,,,,,,,0.127,0.,0.127,,,,,,,,,,,,
472,,,,,,,,,,,,,,,,,,,0.004,0.,0.004
473,,,,0.051,0.,0.051,,,,,,,,,,,,,,,
482,,,,0.053,0.,0.053,,,,,,,,,,,,,,,
487,,,,,,,0.137,0.,0.137,,,,,,,,,,,,
490,,,,0.055,0.,0.055,,,,,,,,,,,,,,,
499,,,,0.056,0.,0.056,,,,,,,,,,,,,,,
505,,,,,,,0.112,0.003,0.109,,,,,,,,,,,,
507,,,,0.059,0.,0.059,,,,,,,,,,,,,,,
511,,,,,,,,,,,,,,,,,,,0.005,0.,0.005
516,,,,0.062,0.,0.062,,,,,,,,,,,,,,,
523,,,,,,,0.134,0.,0.134,,,,,,,,,,,,
525,,,,0.062,0.,0.062,,,,,,,,,,,,,,,
533,,,,0.062,0.,0.062,,,,,,,,,,,,,,,
541,,,,,,,0.147,0.,0.147,,,,,,,,,,,,
542,,,,0.066,0.,0.066,,,,,,,,,,,,,,,
550,,,,0.067,0.,0.067,,,,,,,,,,,,,,,
551,,,,,,,,,,,,,,,,,,,0.005,0.,0.005
559,,,,0.069,0.,0.069,0.156,0.,0.156,,,,,,,,,,,,
567,,,,0.071,0.,0.071,,,,,,,,,,,,,,,
570,,,,,,,,,,0.122,0.004,0.002,0.123,0.003,0.002,,,,,,
576,,,,0.073,0.,0.073,,,,,,,,,,,,,,,
577,,,,,,,0.173,0.,0.173,,,,,,,,,,,,
583,,,,,,,0.173,0.,0.173,,,,,,,,,,,,
585,,,,0.076,0.,0.076,,,,,,,,,,,,,,,
590,,,,,,,,,,,,,,,,,,,0.006,0.,0.006
593,,,,0.078,0.,0.078,,,,,,,,,,,,,,,
595,,,,,,,0.196,0.,0.196,,,,,,,,,,,,
602,,,,0.08,0.,0.08,,,,,,,,,,,,,,,
610,,,,0.082,0.,0.082,,,,,,,,,,,,,,,
613,,,,,,,0.23,0.003,0.226,,,,,,,,,,,,
619,,,,0.084,0.,0.084,,,,,,,,,,,,,,,
627,,,,0.085,0.,0.085,,,,,,,,,,,,,,,
629,,,,,,,,,,,,,,,,,,,0.007,0.,0.007
631,,,,,,,0.258,0.,0.258,,,,,,,,,,,,
636,,,,0.091,0.,0.091,,,,,,,,,,,,,,,
644,,,,0.093,0.,0.093,,,,,,,,,,,,,,,
649,,,,,,,0.194,0.,0.194,,,,,,,,,,,,
653,,,,0.1,0.003,0.096,,,,,,,,,,,,,,,
662,,,,0.098,0.,0.098,,,,,,,,,,,,,,,
667,,,,,,,0.239,0.,0.239,,,,,,,,,,,,
668,,,,,,,,,,,,,,,,,,,0.008,0.,0.008
670,,,,0.098,0.,0.098,,,,,,,,,,,,,,,
679,,,,0.105,0.,0.105,,,,,,,,,,,,,,,
684,,,,,,,,,,0.125,0.003,0.004,0.124,0.004,0.002,,,,,,
685,,,,,,,0.24,0.,0.24,,,,,,,,,,,,
687,,,,0.105,0.,0.105,,,,,,,,,,,,,,,
696,,,,0.108,0.,0.108,,,,,,,,,,,,,,,
703,,,,,,,0.271,0.,0.271,,,,,,,,,,,,
704,,,,0.115,0.,0.114,,,,,,,,,,,,,,,
707,,,,,,,,,,,,,,,,,,,0.008,0.,0.008
713,,,,0.113,0.,0.113,,,,,,,,,,,,,,,
721,,,,,,,0.328,0.,0.328,,,,,,,,,,,,
739,,,,,,,0.292,0.,0.292,,,,,,,,,,,,
744,,,,0.121,0.,0.121,,,,,,,,,,,,,,,
747,,,,,,,,,,,,,,,,,,,0.009,0.,0.009
757,,,,,,,0.308,0.,0.308,,,,,,,,,,,,
775,,,,0.129,0.,0.129,0.317,0.,0.317,,,,,,,,,,,,
786,,,,,,,,,,,,,,,,,,,0.01,0.,0.01
793,,,,,,,0.361,0.,0.361,,,,,,,,,,,,
797,,,,,,,,,,0.124,0.003,0.004,0.125,0.004,0.003,,,,,,
806,,,,0.137,0.,0.137,,,,,,,,,,,,,,,
811,,,,,,,0.378,0.,0.378,,,,,,,,,,,,
825,,,,,,,,,,,,,,,,,,,0.011,0.,0.011
829,,,,,,,0.36,0.,0.36,,,,,,,,,,,,
837,,,,0.151,0.,0.151,,,,,,,,,,,,,,,
847,,,,,,,0.379,0.,0.379,,,,,,,,,,,,
864,,,,,,,,,,,,,,,,,,,0.012,0.,0.012
865,,,,,,,0.466,0.,0.466,,,,,,,,,,,,
868,,,,0.163,0.,0.163,,,,,,,,,,,,,,,
873,,,,,,,0.426,0.004,0.422,,,,,,,,,,,,
883,,,,,,,0.404,0.,0.404,,,,,,,,,,,,
898,,,,0.166,0.,0.166,,,,,,,,,,,,,,,
901,,,,,,,0.419,0.,0.419,,,,,,,,,,,,
903,,,,,,,,,,,,,,,,,,,0.013,0.,0.013
911,,,,,,,,,,0.126,0.003,0.005,0.128,0.004,0.004,,,,,,
914,,,,0.177,0.,0.177,,,,,,,,,,,,,,,
929,,,,0.175,0.,0.175,,,,,,,,,,,,,,,
943,,,,,,,,,,,,,,,,,,,0.014,0.,0.014
960,,,,0.186,0.,0.186,,,,,,,,,,,,,,,
982,,,,,,,,,,,,,,,,,,,0.015,0.,0.015
991,,,,0.195,0.,0.195,0.58,0.,0.58,,,,,,,,,,,,
1021,,,,,,,,,,,,,,,,,,,0.016,0.,0.016
1022,,,,0.209,0.,0.209,,,,,,,,,,,,,,,
1025,,,,,,,,,,0.128,0.004,0.004,0.126,0.003,0.005,,,,,,
1053,,,,0.224,0.,0.224,,,,,,,,,,,,,,,
1060,,,,,,,,,,,,,,,,,,,0.061,0.,0.061
1081,,,,,,,0.617,0.,0.617,,,,,,,,,,,,
1084,,,,0.232,0.,0.232,,,,,,,,,,,,,,,
1099,,,,,,,,,,,,,,,,,,,0.019,0.,0.019
1115,,,,0.245,0.,0.245,,,,,,,,,,,,,,,
1138,,,,,,,,,,0.174,0.014,0.04,0.126,0.007,0.002,,,,0.02,0.,0.02
1146,,,,0.257,0.,0.257,,,,,,,,,,,,,,,
1164,,,,,,,0.827,0.019,0.807,,,,,,,,,,,,
1171,,,,,,,0.781,0.,0.781,,,,,,,,,,,,
1177,,,,0.284,0.,0.284,,,,,,,,,,,,,,,
1178,,,,,,,,,,,,,,,,,,,0.022,0.,0.022
1208,,,,0.291,0.,0.291,,,,,,,,,,,,,,,
1217,,,,,,,,,,,,,,,,,,,0.023,0.,0.023
1239,,,,0.298,0.,0.298,,,,,,,,,,,,,,,
1252,,,,,,,,,,0.128,0.004,0.005,0.127,0.007,0.003,,,,,,
1256,,,,,,,,,,,,,,,,,,,0.025,0.,0.025
1261,,,,,,,0.899,0.,0.899,,,,,,,,,,,,
1269,,,,0.316,0.,0.316,,,,,,,,,,,,,,,
1295,,,,,,,,,,,,,,,,,,,0.026,0.,0.026
1300,,,,0.331,0.,0.331,,,,,,,,,,,,,,,
1331,,,,0.342,0.,0.342,,,,,,,,,,,,,,,
1334,,,,,,,,,,,,,,,,,,,0.027,0.,0.027
1351,,,,,,,0.979,0.,0.979,,,,,,,,,,,,
1362,,,,0.357,0.,0.357,,,,,,,,,,,,,,,
1365,,,,,,,,,,0.13,0.004,0.006,0.131,0.004,0.007,,,,,,
1370,,,,0.365,0.,0.365,,,,,,,,,,,,,,,
1374,,,,,,,,,,,,,,,,,,,0.03,0.,0.03
1393,,,,0.376,0.,0.376,,,,,,,,,,,,,,,
1413,,,,,,,,,,,,,,,,,,,0.031,0.,0.031
1424,,,,0.393,0.,0.393,,,,,,,,,,,,,,,
1441,,,,,,,1.182,0.,1.182,,,,,,,,,,,,
1452,,,,,,,,,,,,,,,,,,,0.031,0.,0.031
1454,,,,,,,1.195,0.003,1.191,,,,,,,,,,,,
1479,,,,,,,,,,0.131,0.003,0.008,0.138,0.004,0.013,,,,,,
1491,,,,,,,,,,,,,,,,,,,0.033,0.,0.033
1530,,,,,,,,,,,,,,,,,,,0.035,0.,0.035
1531,,,,,,,1.366,0.,1.365,,,,,,,,,,,,
1566,,,,0.464,0.,0.464,,,,,,,,,,,,,,,
1570,,,,,,,,,,,,,,,,,,,0.036,0.,0.036
1593,,,,,,,,,,0.13,0.003,0.009,0.132,0.004,0.008,,,,,,
1609,,,,,,,,,,,,,,,,,,,0.042,0.,0.042
1621,,,,,,,1.442,0.003,1.438,,,,,,,,,,,,
1648,,,,,,,,,,,,,,,,,,,0.04,0.,0.04
1687,,,,,,,,,,,,,,,,,,,0.042,0.,0.042
1706,,,,,,,,,,0.132,0.003,0.01,0.131,0.003,0.01,,,,,,
1709,,,,0.546,0.,0.546,,,,,,,,,,,,,,,
1711,,,,,,,1.604,0.011,1.592,,,,,,,,,,,,
1726,,,,,,,,,,,,,,,,,,,0.044,0.,0.044
1765,,,,,,,,,,,,,,,,,,,0.045,0.,0.045
1801,,,,,,,1.77,0.004,1.766,,,,,,,,,,,,
1805,,,,,,,,,,,,,,,,,,,0.047,0.,0.047
1820,,,,,,,,,,0.141,0.007,0.015,0.132,0.004,0.01,,,,,,
1826,,,,0.637,0.,0.637,,,,,,,,,,,,,,,
1844,,,,,,,,,,,,,,,,,,,0.049,0.,0.049
1851,,,,0.674,0.003,0.67,,,,,,,,,,,,,,,
1883,,,,,,,,,,,,,,,,,,,0.053,0.,0.053
1922,,,,,,,,,,,,,,,,,,,0.053,0.,0.053
1933,,,,,,,,,,0.135,0.003,0.013,0.134,0.003,0.013,,,,,,
1961,,,,,,,,,,,,,,,,,,,0.056,0.,0.056
1993,,,,0.745,0.,0.745,,,,,,,,,,,,,,,
2001,,,,,,,,,,,,,,,,,,,0.057,0.,0.057
2013,,,,,,,,,,,,,,,,,,,0.059,0.,0.059
2040,,,,,,,,,,,,,,,,,,,0.059,0.,0.059
2047,,,,,,,,,,0.14,0.003,0.018,0.136,0.003,0.014,,,,,,
2079,,,,,,,,,,,,,,,,,,,0.063,0.,0.063
2118,,,,,,,,,,,,,,,,,,,0.066,0.,0.066
2136,,,,0.9,0.,0.9,,,,,,,,,,,,,,,
2157,,,,,,,,,,,,,,,,,,,0.066,0.,0.066
2161,,,,,,,2.617,0.,2.617,0.137,0.007,0.012,0.141,0.004,0.018,,,,,,
2197,,,,,,,,,,,,,,,,,,,0.068,0.,0.068
2236,,,,,,,,,,,,,,,,,,,0.072,0.,0.072
2274,,,,,,,,,,0.138,0.003,0.017,0.137,0.004,0.015,,,,,,
2275,,,,,,,,,,,,,,,,,,,0.074,0.,0.074
2278,,,,1.031,0.,1.03,,,,,,,,,,,,,,,
2282,,,,0.981,0.,0.981,,,,,,,,,,,,,,,
2314,,,,,,,,,,,,,,,,,,,0.076,0.,0.076
2353,,,,,,,,,,,,,,,,,,,0.078,0.,0.078
2388,,,,,,,,,,0.143,0.004,0.02,0.139,0.003,0.018,,,,,,
2392,,,,,,,,,,,,,,,,,,,0.082,0.,0.082
2420,,,,1.174,0.,1.174,,,,,,,,,,,,,,,
2432,,,,,,,,,,,,,,,,,,,0.086,0.,0.086
2471,,,,,,,,,,,,,,,,,,,0.087,0.,0.087
2502,,,,,,,,,,0.145,0.007,0.02,0.141,0.004,0.019,,,,,,
2510,,,,,,,,,,,,,,,,,,,0.088,0.,0.088
2521,,,,,,,3.453,0.007,3.444,,,,,,,,,,,,
2549,,,,,,,,,,,,,,,,,,,0.091,0.,0.091
2562,,,,1.286,0.,1.286,,,,,,,,,,,,,,,
2588,,,,,,,,,,,,,,,,,,,0.094,0.,0.094
2615,,,,,,,,,,0.141,0.004,0.019,0.147,0.007,0.021,,,,,,
2628,,,,,,,,,,,,,,,,,,,0.096,0.,0.096
2667,,,,,,,,,,,,,,,,,,,0.098,0.,0.098
2705,,,,1.424,0.,1.424,,,,,,,,,,,,,,,
2706,,,,,,,,,,,,,,,,,,,0.103,0.,0.103
2729,,,,,,,,,,0.143,0.007,0.019,0.15,0.004,0.027,,,,,,
2745,,,,,,,,,,,,,,,,,,,0.104,0.,0.104
2784,,,,,,,,,,,,,,,,,,,0.107,0.,0.107
2824,,,,,,,,,,,,,,,,,,,0.11,0.,0.11
2842,,,,,,,,,,0.145,0.007,0.02,0.15,0.007,0.024,,,,,,
2847,,,,1.598,0.003,1.594,,,,,,,,,,,,,,,
2863,,,,,,,,,,,,,,,,,,,0.117,0.,0.117
2881,,,,,,,4.695,0.007,4.687,,,,,,,,,,,,
2902,,,,,,,,,,,,,,,,,,,0.12,0.,0.12
2941,,,,,,,,,,,,,,,,,,,0.121,0.,0.121
2956,,,,,,,,,,0.153,0.004,0.03,0.147,0.003,0.026,,,,,,
2980,,,,,,,,,,,,,,,,,,,0.123,0.,0.123
3019,,,,,,,,,,,,,,,,,,,0.126,0.,0.126
3059,,,,,,,,,,,,,,,,,,,0.128,0.,0.128
3070,,,,,,,,,,0.151,0.003,0.03,0.149,0.003,0.028,,,,,,
3098,,,,,,,,,,,,,,,,,,,0.133,0.,0.133
3137,,,,,,,,,,,,,,,,,,,0.139,0.,0.139
3183,,,,,,,,,,0.154,0.008,0.028,0.154,0.003,0.032,,,,,,
3241,,,,,,,5.897,0.011,5.885,,,,,,,,,,,,
3268,,,,,,,,,,,,,,,,,,,0.145,0.,0.145
3297,,,,,,,,,,0.152,0.007,0.028,0.157,0.004,0.036,,,,,,
3398,,,,,,,,,,,,,,,,,,,0.158,0.,0.158
3410,,,,,,,,,,0.156,0.003,0.035,0.16,0.007,0.033,,,,,,
3416,,,,2.271,0.003,2.267,,,,,,,,,,,,,,,
3524,,,,,,,,,,0.16,0.007,0.034,0.161,0.004,0.04,,,,,,
3529,,,,,,,,,,,,,,,,,,,0.178,0.,0.178
3601,,,,,,,7.151,0.027,7.122,,,,,,,,,,,,
3638,,,,,,,,,,0.164,0.003,0.043,0.163,0.003,0.041,,,,,,
3660,,,,,,,,,,,,,,,,,,,0.189,0.,0.189
3674,,,,,,,,,,0.15,0.004,0.037,0.197,0.011,0.077,,,,,,
3751,,,,,,,,,,0.165,0.006,0.042,0.166,0.004,0.043,,,,,,
3790,,,,,,,,,,,,,,,,,,,0.193,0.,0.193
3865,,,,,,,,,,0.169,0.008,0.042,0.162,0.003,0.041,,,,,,
3921,,,,,,,,,,,,,,,,,,,0.217,0.,0.217
3979,,,,,,,,,,0.167,0.007,0.041,0.171,0.004,0.047,,,,,,
3985,,,,3.076,0.,3.076,,,,,,,,,,,,,,,
4024,,,,,,,,,,,,,,,,,,,0.263,0.,0.263
4052,,,,,,,,,,,,,,,,,,,0.224,0.,0.224
4092,,,,,,,,,,0.174,0.008,0.047,0.173,0.004,0.048,,,,,,
4182,,,,,,,,,,,,,,,,,,,0.234,0.,0.234
4206,,,,,,,,,,0.174,0.007,0.048,0.175,0.004,0.052,,,,,,
4313,,,,,,,,,,,,,,,,,,,0.252,0.,0.252
4319,,,,,,,,,,0.182,0.004,0.059,0.175,0.004,0.055,,,,,,
4433,,,,,,,,,,0.183,0.004,0.061,0.186,0.004,0.063,,,,,,
4444,,,,,,,,,,,,,,,,,,,0.269,0.,0.269
4547,,,,,,,,,,0.182,0.007,0.054,0.182,0.004,0.058,,,,,,
4555,,,,4.041,0.003,4.037,,,,,,,,,,,,,,,
4574,,,,,,,,,,,,,,,,,,,0.278,0.,0.278
4660,,,,,,,,,,0.183,0.004,0.061,0.19,0.004,0.067,,,,,,
4705,,,,,,,,,,,,,,,,,,,0.305,0.,0.305
4774,,,,,,,,,,0.193,0.003,0.065,0.193,0.008,0.061,,,,,,
4836,,,,,,,,,,,,,,,,,,,0.312,0.,0.312
4887,,,,,,,,,,0.195,0.003,0.067,0.188,0.003,0.066,,,,,,
4966,,,,,,,,,,,,,,,,,,,0.327,0.,0.327
5001,,,,,,,,,,0.195,0.004,0.071,0.193,0.003,0.071,,,,,,
5097,,,,,,,,,,,,,,,,,,,0.343,0.,0.343
5115,,,,,,,,,,0.193,0.008,0.066,0.195,0.003,0.073,,,,,,
5124,,,,5.141,0.,5.141,,,,,,,,,,,,,,,
5228,,,,,,,,,,0.194,0.007,0.069,0.201,0.004,0.078,,,,0.366,0.,0.366
5342,,,,,,,,,,0.2,0.003,0.079,0.205,0.004,0.082,,,,,,
5358,,,,,,,,,,,,,,,,,,,0.379,0.,0.379
5456,,,,,,,,,,0.204,0.004,0.08,0.205,0.003,0.083,,,,,,
5489,,,,,,,,,,,,,,,,,,,0.408,0.,0.408
5569,,,,,,,,,,0.205,0.004,0.083,0.207,0.007,0.08,,,,,,
5620,,,,,,,,,,,,,,,,,,,0.419,0.,0.419
5683,,,,,,,,,,0.211,0.011,0.081,0.212,0.008,0.083,,,,,,
5693,,,,6.243,0.003,6.237,,,,,,,,,,,,,,,
5750,,,,,,,,,,,,,,,,,,,0.439,0.,0.439
5796,,,,,,,,,,0.211,0.003,0.089,0.219,0.007,0.093,,,,,,
5881,,,,,,,,,,,,,,,,,,,0.473,0.,0.473
5910,,,,,,,,,,0.215,0.003,0.094,0.219,0.007,0.093,,,,,,
6012,,,,,,,,,,,,,,,,,,,0.468,0.,0.468
6034,,,,,,,,,,,,,,,,,,,0.489,0.,0.488
6142,,,,,,,,,,,,,,,,,,,0.498,0.,0.498
6221,,,,,,,,,,0.231,0.011,0.098,0.227,0.011,0.098,,,,,,
6273,,,,,,,,,,,,,,,,,,,0.525,0.,0.525
6532,,,,,,,,,,0.238,0.003,0.116,0.24,0.008,0.113,,,,,,
6843,,,,,,,,,,0.243,0.004,0.119,0.253,0.004,0.129,,,,,,
6900,,,,,,,,,,,,,,,,,,,0.618,0.,0.618
7154,,,,,,,,,,0.258,0.008,0.131,0.264,0.003,0.142,,,,,,
7346,,,,,,,,,,0.259,0.004,0.145,0.268,0.004,0.156,,,,,,
7465,,,,,,,,,,0.276,0.003,0.152,0.283,0.008,0.156,,,,,,
7527,,,,,,,,,,,,,,,,,,,0.763,0.,0.763
7776,,,,,,,,,,0.28,0.004,0.157,0.296,0.011,0.166,,,,,,
8045,,,,,,,,,,,,,,,,,,,0.844,0.,0.844
8087,,,,,,,,,,0.299,0.007,0.173,0.303,0.008,0.177,,,,,,
8154,,,,,,,,,,,,,,,,,,,0.895,0.,0.895
8398,,,,,,,,,,0.309,0.007,0.183,0.312,0.004,0.191,,,,,,
8709,,,,,,,,,,0.323,0.004,0.2,0.332,0.008,0.206,,,,,,
8781,,,,,,,,,,,,,,,,,,,1.041,0.003,1.038
9019,,,,,,,,,,0.331,0.003,0.208,0.344,0.003,0.222,,,,,,
9330,,,,,,,,,,0.347,0.011,0.218,0.359,0.004,0.237,,,,,,
9409,,,,,,,,,,,,,,,,,,,1.165,0.,1.165
9641,,,,,,,,,,0.368,0.004,0.245,0.371,0.004,0.247,,,,,,
9952,,,,,,,,,,0.377,0.004,0.254,0.378,0.004,0.255,,,,,,
10036,,,,,,,,,,,,,,,,,,,1.288,0.,1.288
10056,,,,,,,,,,,,,,,,,,,1.343,0.,1.343
10263,,,,,,,,,,0.39,0.006,0.264,0.392,0.011,0.262,,,,,,
10574,,,,,,,,,,0.405,0.004,0.282,0.407,0.004,0.283,,,,,,
10663,,,,,,,,,,,,,,,,,,,1.5,0.,1.5
10885,,,,,,,,,,0.414,0.011,0.284,0.423,0.004,0.299,,,,,,
11017,,,,,,,,,,0.435,0.004,0.32,0.436,0.003,0.324,,,,,,
11196,,,,,,,,,,0.431,0.004,0.309,0.442,0.004,0.319,,,,,,
11290,,,,,,,,,,,,,,,,,,,1.64,0.,1.639
11507,,,,,,,,,,0.448,0.007,0.321,0.456,0.008,0.329,,,,,,
11818,,,,,,,,,,0.468,0.004,0.346,0.469,0.008,0.343,,,,,,
11917,,,,,,,,,,,,,,,,,,,1.894,0.,1.893
12544,,,,,,,,,,,,,,,,,,,2.044,0.,2.044
13000,,,,,,,,,,0.542,0.004,0.419,0.542,0.003,0.418,,,,,,
14181,,,,,,,,,,0.622,0.004,0.497,0.623,0.004,0.5,,,,,,
14689,,,,,,,,,,0.661,0.003,0.549,0.665,0.004,0.553,,,,,,
15052,,,,,,,,,,,,,,,,,,,2.968,0.004,2.964
15363,,,,,,,,,,0.687,0.004,0.563,0.731,0.016,0.593,,,,,,
16544,,,,,,,,,,0.802,0.007,0.666,0.8,0.004,0.675,,,,,,
17561,,,,,,,,,,,,,,,,,,,4.098,0.,4.098
17726,,,,,,,,,,0.876,0.011,0.743,0.884,0.004,0.759,,,,,,
18361,,,,,,,,,,0.939,0.019,0.81,0.938,0.008,0.822,,,,,,
18908,,,,,,,,,,0.971,0.004,0.843,0.978,0.008,0.848,,,,,,
20069,,,,,,,,,,,,,,,,,,,5.183,0.,5.182
20089,,,,,,,,,,1.081,0.007,0.952,1.074,0.007,0.948,,,,,,
21271,,,,,,,,,,1.18,0.004,1.054,1.179,0.007,1.053,,,,,,
22452,,,,,,,,,,1.299,0.008,1.17,1.333,0.007,1.202,,,,,,
22578,,,,,,,,,,,,,,,,,,,6.532,0.,6.531
23634,,,,,,,,,,1.441,0.007,1.314,1.456,0.008,1.329,,,,,,
25086,,,,,,,,,,,,,,,,,,,8.289,0.,8.288
28361,,,,,,,,,,2.002,0.008,1.874,2.017,0.004,1.894,,,,,,
33087,,,,,,,,,,2.632,0.011,2.5,2.635,0.004,2.512,,,,,,
37814,,,,,,,,,,3.428,0.008,3.3,3.447,0.008,3.319,,,,,,
42540,,,,,,,,,,4.236,0.007,4.109,4.335,0.016,4.199,,,,,,
47267,,,,,,,,,,5.205,0.008,5.077,5.941,0.007,5.809,,,,,,