param-n,actual-reif-for-QuoteFlat-with-big-flat-real,actual-reif-for-QuoteFlat-with-big-flat-sys,actual-reif-for-QuoteFlat-with-big-flat-user,cbv-for-QuoteFlat-with-big-flat-real,cbv-for-QuoteFlat-with-big-flat-sys,cbv-for-QuoteFlat-with-big-flat-user,eval-lazy-for-QuoteFlat-with-big-flat-real,eval-lazy-for-QuoteFlat-with-big-flat-sys,eval-lazy-for-QuoteFlat-with-big-flat-user,lazy-beta-iota-for-QuoteFlat-with-big-flat-real,lazy-beta-iota-for-QuoteFlat-with-big-flat-sys,lazy-beta-iota-for-QuoteFlat-with-big-flat-user,norm-reif-for-QuoteFlat-with-big-flat-real,norm-reif-for-QuoteFlat-with-big-flat-sys,norm-reif-for-QuoteFlat-with-big-flat-user,post-for-QuoteFlat-with-big-flat-real,post-for-QuoteFlat-with-big-flat-sys,post-for-QuoteFlat-with-big-flat-user,pre-for-QuoteFlat-with-big-flat-real,pre-for-QuoteFlat-with-big-flat-sys,pre-for-QuoteFlat-with-big-flat-user,reif-for-QuoteFlat-with-big-flat-real,reif-for-QuoteFlat-with-big-flat-sys,reif-for-QuoteFlat-with-big-flat-user,transitivity-(Denote-rv)-for-QuoteFlat-with-big-flat-real,transitivity-(Denote-rv)-for-QuoteFlat-with-big-flat-sys,transitivity-(Denote-rv)-for-QuoteFlat-with-big-flat-user
1,0.,0.,0.,0.,0.,0.,0.,0.,0.,0.,0.,0.,0.,0.,0.,0.,0.,0.,0.,0.,0.,0.,0.,0.,0.,0.,0.
2,0.,0.,0.,0.,0.,0.,0.,0.,0.,0.,0.,0.,0.,0.,0.,0.,0.,0.,0.,0.,0.,0.,0.,0.,0.,0.,0.
3,0.,0.,0.,0.,0.,0.,0.,0.,0.,0.,0.,0.,0.,0.,0.,0.,0.,0.,0.,0.,0.,0.,0.,0.,0.,0.,0.
4,0.,0.,0.,0.,0.,0.,0.,0.,0.,0.,0.,0.,0.,0.,0.,0.,0.,0.,0.,0.,0.,0.,0.,0.,0.,0.,0.
5,0.,0.,0.,0.,0.,0.,0.,0.,0.,0.,0.,0.,0.,0.,0.,0.,0.,0.,0.,0.,0.,0.,0.,0.,,,
6,0.,0.,0.,0.,0.,0.,0.,0.,0.,0.,0.,0.,0.,0.,0.,0.,0.,0.,0.,0.,0.,0.,0.,0.,,,
7,0.,0.,0.,0.,0.,0.,0.,0.,0.,0.,0.,0.,0.,0.,0.,0.,0.,0.,0.,0.,0.,0.,0.,0.,,,
8,0.,0.,0.,0.,0.,0.,0.,0.,0.,0.,0.,0.,0.,0.,0.,0.,0.,0.,0.,0.,0.,0.,0.,0.,,,
9,0.,0.,0.,0.,0.,0.,0.,0.,0.,0.,0.,0.,0.,0.,0.,0.,0.,0.,0.,0.,0.,0.,0.,0.,,,
10,0.,0.,0.,0.,0.,0.,0.,0.,0.,0.,0.,0.,0.,0.,0.,0.,0.,0.,0.,0.,0.,0.,0.,0.,,,
11,0.,0.,0.,0.,0.,0.,0.,0.,0.,0.,0.,0.,0.,0.,0.,0.,0.,0.,0.,0.,0.,0.,0.,0.,,,
12,0.,0.,0.,0.,0.,0.,0.,0.,0.,0.,0.,0.,0.,0.,0.,0.,0.,0.,0.,0.,0.,0.,0.,0.,,,
13,0.,0.,0.,0.,0.,0.,0.,0.,0.,0.,0.,0.,0.,0.,0.,0.,0.,0.,0.,0.,0.,0.,0.,0.,,,
14,0.,0.,0.,0.,0.,0.,0.,0.,0.,0.,0.,0.,0.,0.,0.,0.,0.,0.,0.,0.,0.,0.,0.,0.,,,
15,0.,0.,0.,0.,0.,0.,0.,0.,0.,0.,0.,0.,0.,0.,0.,0.,0.,0.,0.,0.,0.,0.,0.,0.,,,
16,0.,0.,0.,0.,0.,0.,0.,0.,0.,0.,0.,0.,0.,0.,0.,0.,0.,0.,0.,0.,0.,0.,0.,0.,,,
17,0.,0.,0.,0.,0.,0.,0.,0.,0.,0.,0.,0.,0.,0.,0.,0.,0.,0.,0.,0.,0.,0.,0.,0.,,,
18,0.,0.,0.,0.,0.,0.,0.,0.,0.,0.,0.,0.,0.,0.,0.,0.,0.,0.,0.,0.,0.,0.,0.,0.,,,
19,0.,0.,0.,0.,0.,0.,0.,0.,0.,0.,0.,0.,0.,0.,0.,0.,0.,0.,0.,0.,0.,0.,0.,0.,,,
20,0.,0.,0.,0.,0.,0.,0.,0.,0.,0.,0.,0.,0.,0.,0.,0.,0.,0.,0.,0.,0.,0.,0.,0.,,,
21,0.,0.,0.,0.,0.,0.,0.,0.,0.,0.,0.,0.,0.,0.,0.,0.,0.,0.,0.,0.,0.,0.,0.,0.,,,
22,0.,0.,0.,0.,0.,0.,0.,0.,0.,0.,0.,0.,0.,0.,0.,0.,0.,0.,0.,0.,0.,0.,0.,0.,,,
23,0.,0.,0.,0.,0.,0.,0.,0.,0.,0.,0.,0.,0.,0.,0.,0.,0.,0.,0.,0.,0.,0.,0.,0.,,,
24,0.,0.,0.,0.,0.,0.,0.,0.,0.,0.,0.,0.,0.,0.,0.,0.,0.,0.,0.,0.,0.,0.,0.,0.,,,
25,0.,0.,0.,0.,0.,0.,0.,0.,0.,0.,0.,0.,0.,0.,0.,0.,0.,0.,0.,0.,0.,0.,0.,0.,,,
26,0.,0.,0.,0.,0.,0.,0.,0.,0.,0.,0.,0.,0.,0.,0.,0.,0.,0.,0.,0.,0.,0.,0.,0.,,,
27,0.,0.,0.,0.,0.,0.,0.,0.,0.,0.,0.,0.,0.,0.,0.,0.,0.,0.,0.,0.,0.,0.,0.,0.,,,
28,0.,0.,0.,0.,0.,0.,0.,0.,0.,0.,0.,0.,0.,0.,0.,0.,0.,0.,0.,0.,0.,0.,0.,0.,,,
29,0.,0.,0.,0.,0.,0.,0.,0.,0.,0.,0.,0.,0.,0.,0.,0.,0.,0.,0.,0.,0.,0.,0.,0.,,,
30,0.,0.,0.,0.,0.,0.,0.,0.,0.,0.,0.,0.,0.,0.,0.,0.,0.,0.,0.,0.,0.,0.,0.,0.,,,
31,0.,0.,0.,0.,0.,0.,0.,0.,0.,0.,0.,0.,0.,0.,0.,0.,0.,0.,0.,0.,0.,0.,0.,0.,,,
32,0.,0.,0.,0.,0.,0.,0.,0.,0.,0.,0.,0.,0.,0.,0.,0.,0.,0.,0.,0.,0.,0.,0.,0.,,,
33,0.,0.,0.,0.,0.,0.,0.,0.,0.,0.,0.,0.,0.,0.,0.,0.,0.,0.,0.,0.,0.,0.,0.,0.,,,
34,0.,0.,0.,0.,0.,0.,0.,0.,0.,0.,0.,0.,0.,0.,0.,0.,0.,0.,0.,0.,0.,0.,0.,0.,,,
35,0.,0.,0.,0.,0.,0.,0.,0.,0.,0.,0.,0.,0.,0.,0.,0.,0.,0.,0.,0.,0.,0.,0.,0.,,,
36,0.,0.,0.,0.,0.,0.,0.036,0.,0.036,0.,0.,0.,0.037,0.,0.037,0.,0.,0.,0.,0.,0.,0.037,0.,0.037,,,
37,0.,0.,0.,0.,0.,0.,0.,0.,0.,0.,0.,0.,0.,0.,0.,0.,0.,0.,0.,0.,0.,0.,0.,0.,,,
38,0.,0.,0.,0.,0.,0.,0.,0.,0.,0.,0.,0.,0.,0.,0.,0.,0.,0.,0.,0.,0.,0.,0.,0.,,,
39,0.,0.,0.,0.,0.,0.,0.,0.,0.,0.,0.,0.,0.,0.,0.,0.,0.,0.,0.,0.,0.,0.,0.,0.,,,
40,0.,0.,0.,0.,0.,0.,0.,0.,0.,0.,0.,0.,0.,0.,0.,0.,0.,0.,0.,0.,0.,0.,0.,0.,,,
41,0.,0.,0.,0.,0.,0.,0.,0.,0.,0.,0.,0.,0.,0.,0.,0.,0.,0.,0.,0.,0.,0.,0.,0.,,,
42,0.,0.,0.,0.,0.,0.,0.,0.,0.,0.,0.,0.,0.,0.,0.,0.,0.,0.,0.,0.,0.,0.,0.,0.,,,
43,0.,0.,0.,0.,0.,0.,0.,0.,0.,0.,0.,0.,0.,0.,0.,0.,0.,0.,0.,0.,0.,0.,0.,0.,,,
44,0.,0.,0.,0.,0.,0.,0.,0.,0.,0.,0.,0.,0.,0.,0.,0.,0.,0.,0.,0.,0.,0.,0.,0.,,,
45,0.,0.,0.,0.,0.,0.,0.,0.,0.,0.,0.,0.,0.,0.,0.,0.,0.,0.,0.,0.,0.,0.,0.,0.,,,
46,0.,0.,0.,0.,0.,0.,0.,0.,0.,0.,0.,0.,0.,0.,0.,0.,0.,0.,0.,0.,0.,0.,0.,0.,,,
47,0.,0.,0.,0.,0.,0.,0.,0.,0.,0.,0.,0.,0.,0.,0.,0.,0.,0.,0.,0.,0.,0.,0.,0.,,,
48,0.,0.,0.,0.,0.,0.,0.,0.,0.,0.,0.,0.,0.,0.,0.,0.,0.,0.,0.,0.,0.,0.,0.,0.,,,
49,0.,0.,0.,0.,0.,0.,0.,0.,0.,0.,0.,0.,0.,0.,0.,0.,0.,0.,0.,0.,0.,0.,0.,0.,,,
50,0.,0.,0.,0.,0.,0.,0.,0.,0.,0.,0.,0.,0.,0.,0.,0.,0.,0.,0.,0.,0.,0.,0.,0.,,,
51,0.,0.,0.,0.,0.,0.,0.,0.,0.,0.,0.,0.,0.,0.,0.,0.,0.,0.,0.,0.,0.,0.,0.,0.,,,
52,0.,0.,0.,0.,0.,0.,0.,0.,0.,0.,0.,0.,0.,0.,0.,0.,0.,0.,0.,0.,0.,0.,0.,0.,,,
53,0.,0.,0.,0.,0.,0.,0.,0.,0.,0.,0.,0.,0.,0.,0.,0.,0.,0.,0.,0.,0.,0.,0.,0.,,,
54,0.,0.,0.,0.,0.,0.,0.,0.,0.,0.,0.,0.,0.,0.,0.,0.,0.,0.,0.,0.,0.,0.,0.,0.,,,
55,0.,0.,0.,0.,0.,0.,0.,0.,0.,0.,0.,0.,0.,0.,0.,0.,0.,0.,0.,0.,0.,0.,0.,0.,,,
56,0.,0.,0.,0.,0.,0.,0.,0.,0.,0.,0.,0.,0.,0.,0.,0.,0.,0.,0.,0.,0.,0.,0.,0.,,,
57,0.,0.,0.,0.,0.,0.,0.,0.,0.,0.,0.,0.,0.,0.,0.,0.,0.,0.,0.,0.,0.,0.,0.,0.,,,
58,0.,0.,0.,0.,0.,0.,0.,0.,0.,0.,0.,0.,0.,0.,0.,0.,0.,0.,0.,0.,0.,0.,0.,0.,,,
59,0.,0.,0.,0.,0.,0.,0.,0.,0.,0.,0.,0.,0.,0.,0.,0.,0.,0.,0.,0.,0.,0.,0.,0.,,,
60,0.,0.,0.,0.,0.,0.,0.,0.,0.,0.,0.,0.,0.,0.,0.,0.,0.,0.,0.,0.,0.,0.,0.,0.,,,
61,0.,0.,0.,0.,0.,0.,0.,0.,0.,0.,0.,0.,0.,0.,0.,0.,0.,0.,0.,0.,0.,0.,0.,0.,,,
62,0.,0.,0.,0.,0.,0.,0.,0.,0.,0.,0.,0.,0.,0.,0.,0.,0.,0.,0.,0.,0.,0.,0.,0.,,,
63,0.,0.,0.,0.,0.,0.,0.,0.,0.,0.,0.,0.,0.,0.,0.,0.,0.,0.,0.,0.,0.,0.,0.,0.,,,
64,0.,0.,0.,0.,0.,0.,0.,0.,0.,0.,0.,0.,0.,0.,0.,0.,0.,0.,0.,0.,0.,0.,0.,0.,,,
65,0.,0.,0.,0.,0.,0.,0.,0.,0.,0.,0.,0.,0.,0.,0.,0.,0.,0.,0.,0.,0.,0.,0.,0.,,,
66,0.,0.,0.,0.,0.,0.,0.,0.,0.,0.,0.,0.,0.,0.,0.,0.,0.,0.,0.,0.,0.,0.,0.,0.,,,
67,0.,0.,0.,0.,0.,0.,0.,0.,0.,0.,0.,0.,0.,0.,0.,0.,0.,0.,0.,0.,0.,0.,0.,0.,,,
68,0.,0.,0.,0.,0.,0.,0.,0.,0.,0.,0.,0.,0.,0.,0.,0.,0.,0.,0.,0.,0.,0.,0.,0.,,,
69,0.,0.,0.,0.,0.,0.,0.,0.,0.,0.,0.,0.,0.,0.,0.,0.,0.,0.,0.,0.,0.,0.,0.,0.,,,
70,0.,0.,0.,0.,0.,0.,0.,0.,0.,0.,0.,0.,0.,0.,0.,0.,0.,0.,0.,0.,0.,0.,0.,0.,,,
71,0.,0.,0.,0.,0.,0.,0.,0.,0.,0.,0.,0.,0.,0.,0.,0.,0.,0.,0.,0.,0.,0.,0.,0.,,,
72,0.,0.,0.,0.,0.,0.,0.,0.,0.,0.,0.,0.,0.,0.,0.,0.,0.,0.,0.,0.,0.,0.,0.,0.,,,
73,0.,0.,0.,0.,0.,0.,0.,0.,0.,0.,0.,0.,0.,0.,0.,0.,0.,0.,0.,0.,0.,0.,0.,0.,,,
74,0.,0.,0.,0.,0.,0.,0.,0.,0.,0.,0.,0.,0.,0.,0.,0.,0.,0.,0.,0.,0.,0.,0.,0.,,,
75,0.,0.,0.,0.,0.,0.,0.,0.,0.,0.,0.,0.,0.,0.,0.,0.,0.,0.,0.,0.,0.,0.,0.,0.,,,
76,0.,0.,0.,0.,0.,0.,0.,0.,0.,0.,0.,0.,0.,0.,0.,0.,0.,0.,0.,0.,0.,0.,0.,0.,,,
77,0.,0.,0.,0.,0.,0.,0.,0.,0.,0.,0.,0.,0.,0.,0.,0.,0.,0.,0.,0.,0.,0.,0.,0.,,,
78,0.,0.,0.,0.,0.,0.,0.,0.,0.,0.,0.,0.,0.,0.,0.,0.,0.,0.,0.,0.,0.,0.,0.,0.,,,
79,0.,0.,0.,0.003,0.,0.003,0.,0.,0.,0.,0.,0.,0.,0.,0.,0.,0.,0.,0.,0.,0.,0.,0.,0.,,,
80,0.,0.,0.,0.,0.,0.,0.,0.,0.,0.,0.,0.,0.,0.,0.,0.,0.,0.,0.,0.,0.,0.,0.,0.,,,
81,0.,0.,0.,0.,0.,0.,0.,0.,0.,0.,0.,0.,0.,0.,0.,0.,0.,0.,0.,0.,0.,0.,0.,0.,,,
82,0.,0.,0.,0.,0.,0.,0.,0.,0.,0.,0.,0.,0.,0.,0.,0.,0.,0.,0.,0.,0.,0.,0.,0.,,,
83,0.,0.,0.,0.,0.,0.,0.,0.,0.,0.,0.,0.,0.,0.,0.,0.,0.,0.,0.,0.,0.,0.,0.,0.,,,
84,0.,0.,0.,0.,0.,0.,0.,0.,0.,0.,0.,0.,0.,0.,0.,0.,0.,0.,0.,0.,0.,0.,0.,0.,,,
85,0.,0.,0.,0.,0.,0.,0.,0.,0.,0.,0.,0.,0.,0.,0.,0.,0.,0.,0.,0.,0.,0.,0.,0.,,,
86,0.,0.,0.,0.,0.,0.,0.,0.,0.,0.,0.,0.,0.,0.,0.,0.,0.,0.,0.,0.,0.,0.,0.,0.,,,
87,0.,0.,0.,0.,0.,0.,0.,0.,0.,0.,0.,0.,0.,0.,0.,0.,0.,0.,0.,0.,0.,0.,0.,0.,,,
88,0.,0.,0.,0.,0.,0.,0.,0.,0.,0.,0.,0.,0.,0.,0.,0.,0.,0.,0.,0.,0.,0.,0.,0.,,,
89,0.,0.,0.,0.,0.,0.,0.,0.,0.,0.,0.,0.,0.,0.,0.,0.,0.,0.,0.,0.,0.,0.,0.,0.,,,
90,0.,0.,0.,0.,0.,0.,0.,0.,0.,0.,0.,0.,0.,0.,0.,0.,0.,0.,0.,0.,0.,0.,0.,0.,,,
91,0.,0.,0.,0.,0.,0.,0.,0.,0.,0.,0.,0.,0.,0.,0.,0.,0.,0.,0.,0.,0.,0.,0.,0.,,,
92,0.,0.,0.,0.,0.,0.,0.,0.,0.,0.,0.,0.,0.,0.,0.,0.,0.,0.,0.,0.,0.,0.,0.,0.,,,
93,0.,0.,0.,0.,0.,0.,0.,0.,0.,0.,0.,0.,0.,0.,0.,0.,0.,0.,0.,0.,0.,0.,0.,0.,,,
94,0.,0.,0.,0.,0.,0.,0.,0.,0.,0.,0.,0.,0.,0.,0.,0.,0.,0.,0.,0.,0.,0.,0.,0.,,,
95,0.,0.,0.,0.,0.,0.,0.,0.,0.,0.,0.,0.,0.,0.,0.,0.,0.,0.,0.,0.,0.,0.,0.,0.,,,
96,0.,0.,0.,0.,0.,0.,0.,0.,0.,0.,0.,0.,0.,0.,0.,0.,0.,0.,0.,0.,0.,0.,0.,0.,,,
97,0.,0.,0.,0.,0.,0.,0.,0.,0.,0.,0.,0.,0.,0.,0.,0.,0.,0.,0.,0.,0.,0.,0.,0.,,,
98,0.,0.,0.,0.,0.,0.,0.,0.,0.,0.,0.,0.,0.,0.,0.,0.,0.,0.,0.,0.,0.,0.,0.,0.,,,
99,0.,0.,0.,0.,0.,0.,0.,0.,0.,0.,0.,0.,0.,0.,0.,0.,0.,0.,0.,0.,0.,0.,0.,0.,,,
100,0.,0.,0.,0.,0.,0.,0.,0.,0.,0.,0.,0.,0.,0.,0.,0.,0.,0.,0.,0.,0.,0.,0.,0.,,,
101,0.,0.,0.,0.,0.,0.,0.,0.,0.,0.,0.,0.,0.,0.,0.,0.,0.,0.,0.,0.,0.,0.,0.,0.,,,
102,0.,0.,0.,0.,0.,0.,0.,0.,0.,0.,0.,0.,0.,0.,0.,0.,0.,0.,0.,0.,0.,0.,0.,0.,,,
103,0.,0.,0.,0.,0.,0.,0.,0.,0.,0.,0.,0.,0.,0.,0.,0.,0.,0.,0.,0.,0.,0.,0.,0.,,,
104,0.,0.,0.,0.,0.,0.,0.,0.,0.,0.,0.,0.,0.,0.,0.,0.,0.,0.,0.,0.,0.,0.,0.,0.,,,
105,0.,0.,0.,0.,0.,0.,0.,0.,0.,0.,0.,0.,0.,0.,0.,0.,0.,0.,0.,0.,0.,0.,0.,0.,,,
106,0.,0.,0.,0.,0.,0.,0.,0.,0.,0.,0.,0.,0.,0.,0.,0.,0.,0.,0.,0.,0.,0.,0.,0.,,,
107,0.,0.,0.,0.,0.,0.,0.,0.,0.,0.,0.,0.,0.,0.,0.,0.,0.,0.,0.,0.,0.,0.,0.,0.,,,
108,0.,0.,0.,0.,0.,0.,0.,0.,0.,0.,0.,0.,0.,0.,0.,0.,0.,0.,0.,0.,0.,0.,0.,0.,,,
109,0.,0.,0.,0.,0.,0.,0.,0.,0.,0.,0.,0.,0.,0.,0.,0.,0.,0.,0.,0.,0.,0.,0.,0.,,,
110,0.,0.,0.,0.,0.,0.,0.,0.,0.,0.,0.,0.,0.,0.,0.,0.,0.,0.,0.,0.,0.,0.004,0.,0.004,,,
111,0.,0.,0.,0.,0.,0.,0.,0.,0.,0.,0.,0.,0.,0.,0.,0.,0.,0.,0.,0.,0.,0.,0.,0.,,,
112,0.,0.,0.,0.,0.,0.,0.,0.,0.,0.,0.,0.,0.,0.,0.,0.,0.,0.,0.,0.,0.,0.,0.,0.,,,
113,0.,0.,0.,0.,0.,0.,0.,0.,0.,0.,0.,0.,0.,0.,0.,0.,0.,0.,0.,0.,0.,0.,0.,0.,,,
114,0.,0.,0.,0.,0.,0.,0.,0.,0.,0.,0.,0.,0.,0.,0.,0.,0.,0.,0.,0.,0.,0.,0.,0.,,,
115,0.,0.,0.,0.,0.,0.,0.,0.,0.,0.,0.,0.,0.,0.,0.,0.,0.,0.,0.,0.,0.,0.,0.,0.,,,
116,0.,0.,0.,0.,0.,0.,0.,0.,0.,0.,0.,0.,0.,0.,0.,0.,0.,0.,0.,0.,0.,0.,0.,0.,,,
117,0.,0.,0.,0.,0.,0.,0.,0.,0.,0.,0.,0.,0.,0.,0.,0.,0.,0.,0.,0.,0.,0.,0.,0.,,,
118,0.,0.,0.,0.,0.,0.,0.,0.,0.,0.,0.,0.,0.,0.,0.,0.,0.,0.,0.,0.,0.,0.,0.,0.,,,
119,0.,0.,0.,0.,0.,0.,0.,0.,0.,0.,0.,0.,0.,0.,0.,0.,0.,0.,0.,0.,0.,0.,0.,0.,,,
120,0.,0.,0.,0.,0.,0.,0.,0.,0.,0.,0.,0.,0.,0.,0.,0.,0.,0.,0.,0.,0.,0.,0.,0.,,,
121,0.,0.,0.,0.,0.,0.,0.,0.,0.,0.,0.,0.,0.,0.,0.,0.,0.,0.,0.,0.,0.,0.,0.,0.,,,
122,0.,0.,0.,0.,0.,0.,0.,0.,0.,0.,0.,0.,0.,0.,0.,0.,0.,0.,0.,0.,0.,0.,0.,0.,,,
123,0.,0.,0.,0.,0.,0.,0.,0.,0.,0.,0.,0.,0.,0.,0.,0.,0.,0.,0.,0.,0.,0.,0.,0.,,,
124,0.,0.,0.,0.,0.,0.,0.,0.,0.,0.,0.,0.,0.,0.,0.,0.,0.,0.,0.,0.,0.,0.,0.,0.,,,
125,0.,0.,0.,0.,0.,0.,0.,0.,0.,0.,0.,0.,0.,0.,0.,0.,0.,0.,0.,0.,0.,0.,0.,0.,,,
126,0.,0.,0.,0.,0.,0.,0.,0.,0.,0.,0.,0.,0.,0.,0.,0.,0.,0.,0.,0.,0.,0.,0.,0.,,,
127,0.,0.,0.,0.,0.,0.,0.,0.,0.,0.,0.,0.,0.,0.,0.,0.,0.,0.,0.,0.,0.,0.,0.,0.,,,
128,0.,0.,0.,0.,0.,0.,0.,0.,0.,0.,0.,0.,0.,0.,0.,0.,0.,0.,0.,0.,0.,0.,0.,0.,,,
129,0.,0.,0.,0.,0.,0.,0.,0.,0.,0.,0.,0.,0.,0.,0.,0.,0.,0.,0.,0.,0.,0.,0.,0.,,,
130,0.,0.,0.,0.,0.,0.,0.,0.,0.,0.,0.,0.,0.,0.,0.,0.,0.,0.,0.,0.,0.,0.,0.,0.,,,
131,0.,0.,0.,0.,0.,0.,0.,0.,0.,0.,0.,0.,0.,0.,0.,0.,0.,0.,0.,0.,0.,0.,0.,0.,,,
132,0.,0.,0.,0.,0.,0.,0.,0.,0.,0.,0.,0.,0.,0.,0.,0.,0.,0.,0.,0.,0.,0.,0.,0.,,,
133,0.,0.,0.,0.,0.,0.,0.,0.,0.,0.,0.,0.,0.,0.,0.,0.,0.,0.,0.,0.,0.,0.,0.,0.,,,
134,0.,0.,0.,0.,0.,0.,0.,0.,0.,0.,0.,0.,0.,0.,0.,0.,0.,0.,0.,0.,0.,0.,0.,0.,,,
135,0.,0.,0.,0.,0.,0.,0.,0.,0.,0.,0.,0.,0.,0.,0.,0.,0.,0.,0.,0.,0.,0.,0.,0.,,,
136,0.,0.,0.,0.,0.,0.,0.,0.,0.,0.,0.,0.,0.,0.,0.,0.,0.,0.,0.,0.,0.,0.,0.,0.,,,
137,0.,0.,0.,0.,0.,0.,0.,0.,0.,0.,0.,0.,0.,0.,0.,0.,0.,0.,0.,0.,0.,0.,0.,0.,,,
138,0.,0.,0.,0.,0.,0.,0.,0.,0.,0.,0.,0.,0.,0.,0.,0.,0.,0.,0.,0.,0.,0.,0.,0.,,,
139,0.,0.,0.,0.,0.,0.,0.,0.,0.,0.,0.,0.,0.,0.,0.,0.,0.,0.,0.,0.,0.,0.,0.,0.,,,
140,0.,0.,0.,0.,0.,0.,0.,0.,0.,0.,0.,0.,0.,0.,0.,0.,0.,0.,0.,0.,0.,0.,0.,0.,,,
141,0.,0.,0.,0.,0.,0.,0.,0.,0.,0.,0.,0.,0.,0.,0.,0.,0.,0.,0.,0.,0.,0.,0.,0.,,,
142,0.,0.,0.,0.,0.,0.,0.,0.,0.,0.,0.,0.,0.,0.,0.,0.,0.,0.,0.,0.,0.,0.,0.,0.,,,
143,0.,0.,0.,0.,0.,0.,0.,0.,0.,0.,0.,0.,0.,0.,0.,0.,0.,0.,0.,0.,0.,0.,0.,0.,,,
144,0.,0.,0.,0.,0.,0.,0.,0.,0.,0.,0.,0.,0.,0.,0.,0.,0.,0.,0.,0.,0.,0.,0.,0.,,,
145,0.,0.,0.,0.,0.,0.,0.,0.,0.,0.,0.,0.,0.,0.,0.,0.,0.,0.,0.,0.,0.,0.,0.,0.,,,
146,0.,0.,0.,0.,0.,0.,0.,0.,0.,0.,0.,0.,0.,0.,0.,0.,0.,0.,0.,0.,0.,0.,0.,0.,,,
147,0.,0.,0.,0.,0.,0.,0.,0.,0.,0.,0.,0.,0.,0.,0.,0.,0.,0.,0.,0.,0.,0.,0.,0.,,,
148,0.,0.,0.,0.,0.,0.,0.,0.,0.,0.,0.,0.,0.,0.,0.,0.,0.,0.,0.,0.,0.,0.,0.,0.,,,
149,0.,0.,0.,0.,0.,0.,0.,0.,0.,0.,0.,0.,0.,0.,0.,0.,0.,0.,0.,0.,0.,0.,0.,0.,,,
150,0.,0.,0.,0.,0.,0.,0.,0.,0.,0.,0.,0.,0.,0.,0.,0.,0.,0.,0.,0.,0.,0.,0.,0.,,,
151,0.,0.,0.,0.,0.,0.,0.,0.,0.,0.,0.,0.,0.,0.,0.,0.,0.,0.,0.,0.,0.,0.,0.,0.,,,
152,0.,0.,0.,0.,0.,0.,0.,0.,0.,0.,0.,0.,0.,0.,0.,0.,0.,0.,0.,0.,0.,0.,0.,0.,,,
153,0.,0.,0.,0.,0.,0.,0.,0.,0.,0.,0.,0.,0.,0.,0.,0.,0.,0.,0.,0.,0.,0.,0.,0.,,,
154,0.,0.,0.,0.,0.,0.,0.,0.,0.,0.,0.,0.,0.,0.,0.,0.,0.,0.,0.,0.,0.,0.,0.,0.,,,
155,0.,0.,0.,0.,0.,0.,0.,0.,0.,0.,0.,0.,0.,0.,0.,0.,0.,0.,0.,0.,0.,0.,0.,0.,,,
156,0.,0.,0.,0.,0.,0.,0.,0.,0.,0.,0.,0.,0.,0.,0.,0.,0.,0.,0.,0.,0.,0.,0.,0.,,,
157,0.,0.,0.,0.,0.,0.,0.,0.,0.,0.,0.,0.,0.,0.,0.,0.,0.,0.,0.,0.,0.,0.,0.,0.,,,
158,0.,0.,0.,0.,0.,0.,0.,0.,0.,0.,0.,0.,0.,0.,0.,0.,0.,0.,0.,0.,0.,0.,0.,0.,,,
159,0.,0.,0.,0.,0.,0.,0.,0.,0.,0.,0.,0.,0.,0.,0.,0.,0.,0.,0.,0.,0.,0.,0.,0.,,,
160,0.,0.,0.,0.,0.,0.,0.,0.,0.,0.,0.,0.,0.,0.,0.,0.,0.,0.,0.,0.,0.,0.,0.,0.,,,
161,0.,0.,0.,0.,0.,0.,0.,0.,0.,0.,0.,0.,0.,0.,0.,0.,0.,0.,0.,0.,0.,0.,0.,0.,,,
162,0.,0.,0.,0.,0.,0.,0.,0.,0.,0.,0.,0.,0.,0.,0.,0.,0.,0.,0.,0.,0.,0.,0.,0.,,,
163,0.,0.,0.,0.,0.,0.,0.,0.,0.,0.,0.,0.,0.,0.,0.,0.,0.,0.,0.,0.,0.,0.,0.,0.,,,
164,0.,0.,0.,0.,0.,0.,0.,0.,0.,0.,0.,0.,0.,0.,0.,0.,0.,0.,0.,0.,0.,0.,0.,0.,,,
165,0.,0.,0.,0.,0.,0.,0.,0.,0.,0.,0.,0.,0.,0.,0.,0.,0.,0.,0.,0.,0.,0.,0.,0.,,,
166,0.,0.,0.,0.,0.,0.,0.,0.,0.,0.,0.,0.,0.,0.,0.,0.,0.,0.,0.,0.,0.,0.,0.,0.,,,
167,0.,0.,0.,0.,0.,0.,0.,0.,0.,0.,0.,0.,0.,0.,0.,0.,0.,0.,0.,0.,0.,0.,0.,0.,,,
168,0.,0.,0.,0.,0.,0.,0.,0.,0.,0.,0.,0.,0.,0.,0.,0.,0.,0.,0.,0.,0.,0.,0.,0.,,,
169,0.,0.,0.,0.,0.,0.,0.,0.,0.,0.,0.,0.,0.,0.,0.,0.,0.,0.,0.,0.,0.,0.,0.,0.,,,
170,0.,0.,0.,0.,0.,0.,0.,0.,0.,0.,0.,0.,0.,0.,0.,0.,0.,0.,0.,0.,0.,0.,0.,0.,,,
171,0.,0.,0.,0.,0.,0.,0.,0.,0.,0.,0.,0.,0.,0.,0.,0.,0.,0.,0.,0.,0.,0.,0.,0.,,,
172,0.,0.,0.,0.,0.,0.,0.,0.,0.,0.,0.,0.,0.,0.,0.,0.,0.,0.,0.,0.,0.,0.,0.,0.,,,
173,0.,0.,0.,0.,0.,0.,0.,0.,0.,0.,0.,0.,0.,0.,0.,0.,0.,0.,0.,0.,0.,0.,0.,0.,,,
174,0.,0.,0.,0.,0.,0.,0.,0.,0.,0.,0.,0.,0.,0.,0.,0.,0.,0.,0.,0.,0.,0.,0.,0.,,,
175,0.,0.,0.,0.,0.,0.,0.,0.,0.,0.,0.,0.,0.,0.,0.,0.,0.,0.,0.,0.,0.,0.,0.,0.,,,
176,0.,0.,0.,0.,0.,0.,0.,0.,0.,0.,0.,0.,0.,0.,0.,0.,0.,0.,0.,0.,0.,0.,0.,0.,,,
177,0.,0.,0.,0.,0.,0.,0.,0.,0.,0.,0.,0.,0.,0.,0.,0.,0.,0.,0.,0.,0.,0.,0.,0.,,,
178,0.,0.,0.,0.,0.,0.,0.,0.,0.,0.,0.,0.,0.,0.,0.,0.,0.,0.,0.,0.,0.,0.,0.,0.,,,
179,0.,0.,0.,0.,0.,0.,0.,0.,0.,0.,0.,0.,0.,0.,0.,0.,0.,0.,0.,0.,0.,0.,0.,0.,,,
180,0.,0.,0.,0.,0.,0.,0.002,0.,0.002,0.,0.,0.,0.002,0.,0.002,0.,0.,0.,0.,0.,0.,0.002,0.,0.002,,,
181,0.,0.,0.,0.,0.,0.,0.,0.,0.,0.,0.,0.,0.,0.,0.,0.,0.,0.,0.,0.,0.,0.,0.,0.,,,
182,0.,0.,0.,0.,0.,0.,0.,0.,0.,0.,0.,0.,0.,0.,0.,0.,0.,0.,0.,0.,0.,0.,0.,0.,,,
183,0.,0.,0.,0.,0.,0.,0.,0.,0.,0.,0.,0.,0.,0.,0.,0.,0.,0.,0.,0.,0.,0.,0.,0.,,,
184,0.,0.,0.,0.,0.,0.,0.,0.,0.,0.,0.,0.,0.,0.,0.,0.,0.,0.,0.,0.,0.,0.,0.,0.,,,
185,0.,0.,0.,0.,0.,0.,0.,0.,0.,0.,0.,0.,0.,0.,0.,0.,0.,0.,0.,0.,0.,0.,0.,0.,,,
186,0.,0.,0.,0.,0.,0.,0.,0.,0.,0.,0.,0.,0.,0.,0.,0.,0.,0.,0.,0.,0.,0.,0.,0.,,,
187,0.,0.,0.,0.,0.,0.,0.,0.,0.,0.,0.,0.,0.,0.,0.,0.,0.,0.,0.,0.,0.,0.,0.,0.,,,
188,0.,0.,0.,0.,0.,0.,0.,0.,0.,0.,0.,0.,0.,0.,0.,0.,0.,0.,0.,0.,0.,0.,0.,0.,,,
189,0.,0.,0.,0.,0.,0.,0.,0.,0.,0.,0.,0.,0.,0.,0.,0.,0.,0.,0.,0.,0.,0.,0.,0.,,,
190,0.,0.,0.,0.,0.,0.,0.,0.,0.,0.,0.,0.,0.,0.,0.,0.,0.,0.,0.,0.,0.,0.,0.,0.,,,
191,0.,0.,0.,0.,0.,0.,0.,0.,0.,0.,0.,0.,0.,0.,0.,0.,0.,0.,0.,0.,0.,0.,0.,0.,,,
192,0.,0.,0.,0.,0.,0.,0.,0.,0.,0.,0.,0.,0.,0.,0.,0.,0.,0.,0.,0.,0.,0.,0.,0.,,,
193,0.,0.,0.,0.,0.,0.,0.,0.,0.,0.,0.,0.,0.,0.,0.,0.,0.,0.,0.,0.,0.,0.,0.,0.,,,
194,0.,0.,0.,0.,0.,0.,0.,0.,0.,0.,0.,0.,0.,0.,0.,0.,0.,0.,0.,0.,0.,0.,0.,0.,,,
195,0.,0.,0.,0.,0.,0.,0.,0.,0.,0.,0.,0.,0.,0.,0.,0.,0.,0.,0.,0.,0.,0.,0.,0.,,,
196,0.,0.,0.,0.,0.,0.,0.,0.,0.,0.,0.,0.,0.,0.,0.,0.,0.,0.,0.,0.,0.,0.,0.,0.,,,
197,0.,0.,0.,0.,0.,0.,0.,0.,0.,0.,0.,0.,0.,0.,0.,0.,0.,0.,0.,0.,0.,0.,0.,0.,,,
198,0.,0.,0.,0.,0.,0.,0.,0.,0.,0.,0.,0.,0.,0.,0.,0.,0.,0.,0.,0.,0.,0.,0.,0.,,,
199,0.004,0.,0.004,0.,0.,0.,0.,0.,0.,0.,0.,0.,0.005,0.,0.005,0.,0.,0.,0.,0.,0.,0.005,0.,0.005,,,
200,0.,0.,0.,0.,0.,0.,0.,0.,0.,0.,0.,0.,0.,0.,0.,0.,0.,0.,0.,0.,0.,0.,0.,0.,,,
201,0.,0.,0.,0.,0.,0.,0.,0.,0.,0.,0.,0.,0.,0.,0.,0.,0.,0.,0.,0.,0.,0.,0.,0.,,,
202,0.,0.,0.,0.,0.,0.,0.,0.,0.,0.,0.,0.,0.,0.,0.,0.,0.,0.,0.,0.,0.,0.,0.,0.,,,
203,0.,0.,0.,0.,0.,0.,0.,0.,0.,0.,0.,0.,0.,0.,0.,0.,0.,0.,0.,0.,0.,0.,0.,0.,,,
204,0.,0.,0.,0.,0.,0.,0.,0.,0.,0.,0.,0.,0.,0.,0.,0.,0.,0.,0.,0.,0.,0.,0.,0.,,,
205,0.,0.,0.,0.,0.,0.,0.,0.,0.,0.,0.,0.,0.,0.,0.,0.,0.,0.,0.,0.,0.,0.,0.,0.,,,
206,0.,0.,0.,0.,0.,0.,0.,0.,0.,0.,0.,0.,0.,0.,0.,0.,0.,0.,0.,0.,0.,0.,0.,0.,,,
207,0.,0.,0.,0.,0.,0.,0.,0.,0.,0.,0.,0.,0.,0.,0.,0.,0.,0.,0.,0.,0.,0.,0.,0.,,,
208,0.,0.,0.,0.,0.,0.,0.,0.,0.,0.,0.,0.,0.,0.,0.,0.,0.,0.,0.,0.,0.,0.,0.,0.,,,
209,0.,0.,0.,0.,0.,0.,0.,0.,0.,0.,0.,0.,0.,0.,0.,0.,0.,0.,0.,0.,0.,0.,0.,0.,,,
210,0.,0.,0.,0.,0.,0.,0.,0.,0.,0.,0.,0.,0.,0.,0.,0.,0.,0.,0.,0.,0.,0.,0.,0.,,,
211,0.,0.,0.,0.,0.,0.,0.,0.,0.,0.,0.,0.,0.,0.,0.,0.,0.,0.,0.,0.,0.,0.,0.,0.,,,
212,0.,0.,0.,0.,0.,0.,0.,0.,0.,0.,0.,0.,0.,0.,0.,0.,0.,0.,0.,0.,0.,0.,0.,0.,,,
213,0.,0.,0.,0.,0.,0.,0.,0.,0.,0.,0.,0.,0.,0.,0.,0.,0.,0.,0.,0.,0.,0.,0.,0.,,,
214,0.,0.,0.,0.,0.,0.,0.,0.,0.,0.,0.,0.,0.,0.,0.,0.,0.,0.,0.,0.,0.,0.001,0.,0.001,,,
215,0.,0.,0.,0.,0.,0.,0.,0.,0.,0.,0.,0.,0.,0.,0.,0.,0.,0.,0.,0.,0.,0.,0.,0.,,,
216,0.,0.,0.,0.,0.,0.,0.,0.,0.,0.,0.,0.,0.,0.,0.,0.,0.,0.,0.,0.,0.,0.,0.,0.,,,
217,0.,0.,0.,0.,0.,0.,0.,0.,0.,0.,0.,0.,0.,0.,0.,0.,0.,0.,0.,0.,0.,0.,0.,0.,,,
218,0.,0.,0.,0.,0.,0.,0.,0.,0.,0.,0.,0.,0.,0.,0.,0.,0.,0.,0.,0.,0.,0.,0.,0.,,,
219,0.,0.,0.,0.,0.,0.,0.,0.,0.,0.,0.,0.,0.,0.,0.,0.,0.,0.,0.,0.,0.,0.,0.,0.,,,
220,0.,0.,0.,0.,0.,0.,0.,0.,0.,0.,0.,0.,0.,0.,0.,0.,0.,0.,0.,0.,0.,0.,0.,0.,,,
221,0.,0.,0.,0.,0.,0.,0.,0.,0.,0.,0.,0.,0.,0.,0.,0.,0.,0.,0.,0.,0.,0.001,0.,0.001,,,
222,0.,0.,0.,0.,0.,0.,0.,0.,0.,0.,0.,0.,0.,0.,0.,0.,0.,0.,0.,0.,0.,0.,0.,0.,,,
223,0.,0.,0.,0.,0.,0.,0.,0.,0.,0.,0.,0.,0.,0.,0.,0.,0.,0.,0.,0.,0.,0.,0.,0.,,,
224,0.,0.,0.,0.,0.,0.,0.,0.,0.,0.,0.,0.,0.,0.,0.,0.,0.,0.,0.,0.,0.,0.,0.,0.,,,
225,0.,0.,0.,0.,0.,0.,0.,0.,0.,0.,0.,0.,0.,0.,0.,0.,0.,0.,0.,0.,0.,0.,0.,0.,,,
226,0.,0.,0.,0.,0.,0.,0.,0.,0.,0.,0.,0.,0.,0.,0.,0.,0.,0.,0.,0.,0.,0.,0.,0.,,,
227,0.,0.,0.,0.,0.,0.,0.,0.,0.,0.,0.,0.,0.,0.,0.,0.,0.,0.,0.,0.,0.,0.,0.,0.,,,
228,0.,0.,0.,0.,0.,0.,0.,0.,0.,0.,0.,0.,0.,0.,0.,0.,0.,0.,0.,0.,0.,0.,0.,0.,,,
229,0.,0.,0.,0.,0.,0.,0.,0.,0.,0.,0.,0.,0.,0.,0.,0.,0.,0.,0.,0.,0.,0.,0.,0.,,,
230,0.,0.,0.,0.,0.,0.,0.,0.,0.,0.,0.,0.,0.,0.,0.,0.,0.,0.,0.,0.,0.,0.001,0.,0.001,,,
231,0.,0.,0.,0.,0.,0.,0.,0.,0.,0.,0.,0.,0.,0.,0.,0.,0.,0.,0.,0.,0.,0.,0.,0.,,,
232,0.,0.,0.,0.,0.,0.,0.,0.,0.,0.,0.,0.,0.,0.,0.,0.,0.,0.,0.,0.,0.,0.001,0.,0.001,,,
233,0.,0.,0.,0.,0.,0.,0.004,0.,0.004,0.,0.,0.,0.005,0.,0.005,0.,0.,0.,0.,0.,0.,0.005,0.,0.005,,,
234,0.,0.,0.,0.,0.,0.,0.,0.,0.,0.,0.,0.,0.,0.,0.,0.,0.,0.,0.,0.,0.,0.001,0.,0.001,,,
235,0.,0.,0.,0.,0.,0.,0.,0.,0.,0.,0.,0.,0.,0.,0.,0.,0.,0.,0.,0.,0.,0.001,0.,0.001,,,
236,0.,0.,0.,0.,0.,0.,0.,0.,0.,0.,0.,0.,0.,0.,0.,0.,0.,0.,0.,0.,0.,0.,0.,0.,,,
237,0.,0.,0.,0.,0.,0.,0.,0.,0.,0.,0.,0.,0.,0.,0.,0.,0.,0.,0.,0.,0.,0.001,0.,0.001,,,
238,0.,0.,0.,0.,0.,0.,0.,0.,0.,0.,0.,0.,0.,0.,0.,0.,0.,0.,0.,0.,0.,0.001,0.001,0.,,,
239,0.,0.,0.,0.,0.,0.,0.,0.,0.,0.,0.,0.,0.,0.,0.,0.,0.,0.,0.,0.,0.,0.001,0.,0.,,,
240,0.,0.,0.,0.,0.,0.,0.,0.,0.,0.,0.,0.,0.,0.,0.,0.,0.,0.,0.,0.,0.,0.001,0.,0.001,,,
241,0.,0.,0.,0.,0.,0.,0.,0.,0.,0.,0.,0.,0.,0.,0.,0.,0.,0.,0.,0.,0.,0.001,0.,0.001,,,
242,0.,0.,0.,0.,0.,0.,0.,0.,0.,0.,0.,0.,0.,0.,0.,0.,0.,0.,0.,0.,0.,0.001,0.,0.001,,,
243,0.,0.,0.,0.,0.,0.,0.,0.,0.,0.,0.,0.,0.,0.,0.,0.,0.,0.,0.,0.,0.,0.001,0.,0.001,,,
244,0.,0.,0.,0.,0.,0.,0.,0.,0.,0.,0.,0.,0.,0.,0.,0.,0.,0.,0.,0.,0.,0.001,0.,0.001,,,
245,0.,0.,0.,0.,0.,0.,0.,0.,0.,0.,0.,0.,0.,0.,0.,0.,0.,0.,0.,0.,0.,0.001,0.,0.001,,,
246,0.,0.,0.,0.,0.,0.,0.,0.,0.,0.,0.,0.,0.,0.,0.,0.,0.,0.,0.,0.,0.,0.001,0.,0.001,,,
247,0.,0.,0.,0.,0.,0.,0.,0.,0.,0.,0.,0.,0.,0.,0.,0.,0.,0.,0.,0.,0.,0.001,0.,0.001,,,
248,0.,0.,0.,0.,0.,0.,0.,0.,0.,0.,0.,0.,0.,0.,0.,0.,0.,0.,0.,0.,0.,0.001,0.,0.001,,,
249,0.,0.,0.,0.,0.,0.,0.,0.,0.,0.,0.,0.,0.,0.,0.,0.,0.,0.,0.,0.,0.,0.001,0.,0.001,,,
250,0.,0.,0.,0.,0.,0.,0.,0.,0.,0.,0.,0.,0.,0.,0.,0.,0.,0.,0.,0.,0.,0.001,0.,0.001,,,
251,0.,0.,0.,0.,0.,0.,0.,0.,0.,0.,0.,0.,0.,0.,0.,0.,0.,0.,0.,0.,0.,0.001,0.,0.001,,,
252,0.,0.,0.,0.,0.,0.,0.,0.,0.,0.,0.,0.,0.,0.,0.,0.,0.,0.,0.,0.,0.,0.001,0.,0.001,,,
253,0.,0.,0.,0.,0.,0.,0.,0.,0.,0.,0.,0.,0.,0.,0.,0.,0.,0.,0.,0.,0.,0.001,0.,0.001,,,
254,0.,0.,0.,0.,0.,0.,0.,0.,0.,0.,0.,0.,0.,0.,0.,0.,0.,0.,0.,0.,0.,0.001,0.,0.001,,,
255,0.,0.,0.,0.,0.,0.,0.,0.,0.,0.,0.,0.,0.,0.,0.,0.,0.,0.,0.,0.,0.,0.001,0.,0.001,,,
256,0.,0.,0.,0.,0.,0.,0.,0.,0.,0.,0.,0.,0.,0.,0.,0.,0.,0.,0.,0.,0.,0.001,0.,0.001,,,
257,0.,0.,0.,0.,0.,0.,0.,0.,0.,0.,0.,0.,0.,0.,0.,0.,0.,0.,0.,0.,0.,0.001,0.,0.001,,,
258,0.,0.,0.,0.,0.,0.,0.,0.,0.,0.,0.,0.,0.,0.,0.,0.,0.,0.,0.,0.,0.,0.001,0.,0.001,,,
259,0.,0.,0.,0.,0.,0.,0.,0.,0.,0.,0.,0.,0.,0.,0.,0.,0.,0.,0.,0.,0.,0.001,0.,0.001,,,
260,0.,0.,0.,0.,0.,0.,0.,0.,0.,0.,0.,0.,0.,0.,0.,0.,0.,0.,0.,0.,0.,0.001,0.,0.001,,,
261,0.,0.,0.,0.,0.,0.,0.,0.,0.,0.,0.,0.,0.,0.,0.,0.,0.,0.,0.,0.,0.,0.001,0.,0.001,,,
262,0.,0.,0.,0.,0.,0.,0.,0.,0.,0.,0.,0.,0.,0.,0.,0.,0.,0.,0.,0.,0.,0.001,0.,0.001,,,
263,0.,0.,0.,0.,0.,0.,0.,0.,0.,0.,0.,0.,0.,0.,0.,0.,0.,0.,0.,0.,0.,0.001,0.,0.001,,,
264,0.,0.,0.,0.,0.,0.,0.,0.,0.,0.,0.,0.,0.,0.,0.,0.,0.,0.,0.,0.,0.,0.001,0.,0.001,,,
265,0.,0.,0.,0.,0.,0.,0.,0.,0.,0.,0.,0.,0.,0.,0.,0.,0.,0.,0.,0.,0.,0.001,0.,0.001,,,
266,0.,0.,0.,0.,0.,0.,0.,0.,0.,0.,0.,0.,0.,0.,0.,0.,0.,0.,0.,0.,0.,0.001,0.,0.001,,,
267,0.,0.,0.,0.,0.,0.,0.,0.,0.,0.,0.,0.,0.,0.,0.,0.,0.,0.,0.,0.,0.,0.001,0.,0.001,,,
268,0.,0.,0.,0.,0.,0.,0.,0.,0.,0.,0.,0.,0.,0.,0.,0.,0.,0.,0.,0.,0.,0.001,0.,0.001,,,
269,0.,0.,0.,0.,0.,0.,0.,0.,0.,0.,0.,0.,0.,0.,0.,0.,0.,0.,0.,0.,0.,0.001,0.,0.001,,,
270,0.,0.,0.,0.,0.,0.,0.,0.,0.,0.,0.,0.,0.,0.,0.,0.,0.,0.,0.,0.,0.,0.001,0.,0.001,,,
271,0.,0.,0.,0.,0.,0.,0.,0.,0.,0.,0.,0.,0.,0.,0.,0.,0.,0.,0.,0.,0.,0.001,0.,0.001,,,
272,0.,0.,0.,0.,0.,0.,0.,0.,0.,0.,0.,0.,0.,0.,0.,0.,0.,0.,0.,0.,0.,0.001,0.,0.001,,,
273,0.,0.,0.,0.,0.,0.,0.,0.,0.,0.,0.,0.,0.,0.,0.,0.,0.,0.,0.,0.,0.,0.001,0.,0.001,,,
274,0.,0.,0.,0.,0.,0.,0.,0.,0.,0.,0.,0.,0.,0.,0.,0.,0.,0.,0.,0.,0.,0.001,0.,0.001,,,
275,0.,0.,0.,0.,0.,0.,0.,0.,0.,0.,0.,0.,0.,0.,0.,0.,0.,0.,0.,0.,0.,0.001,0.,0.001,,,
276,0.,0.,0.,0.,0.,0.,0.,0.,0.,0.,0.,0.,0.,0.,0.,0.,0.,0.,0.,0.,0.,0.001,0.,0.001,,,
277,0.,0.,0.,0.,0.,0.,0.,0.,0.,0.,0.,0.,0.,0.,0.,0.,0.,0.,0.,0.,0.,0.001,0.,0.001,,,
278,0.,0.,0.,0.,0.,0.,0.,0.,0.,0.,0.,0.,0.,0.,0.,0.,0.,0.,0.,0.,0.,0.001,0.,0.001,,,
279,0.,0.,0.,0.,0.,0.,0.,0.,0.,0.,0.,0.,0.,0.,0.,0.,0.,0.,0.,0.,0.,0.001,0.,0.001,,,
280,0.,0.,0.,0.,0.,0.,0.,0.,0.,0.,0.,0.,0.,0.,0.,0.,0.,0.,0.,0.,0.,0.001,0.,0.001,,,
281,0.,0.,0.,0.,0.,0.,0.,0.,0.,0.,0.,0.,0.,0.,0.,0.,0.,0.,0.,0.,0.,0.001,0.,0.001,,,
282,0.,0.,0.,0.,0.,0.,0.,0.,0.,0.,0.,0.,0.,0.,0.,0.,0.,0.,0.,0.,0.,0.001,0.,0.001,,,
283,0.,0.,0.,0.,0.,0.,0.,0.,0.,0.,0.,0.,0.,0.,0.,0.,0.,0.,0.,0.,0.,0.001,0.,0.001,,,
284,0.,0.,0.,0.,0.,0.,0.,0.,0.,0.,0.,0.,0.,0.,0.,0.,0.,0.,0.,0.,0.,0.001,0.,0.001,,,
285,0.,0.,0.,0.,0.,0.,0.,0.,0.,0.,0.,0.,0.,0.,0.,0.,0.,0.,0.,0.,0.,0.001,0.,0.001,,,
286,0.,0.,0.,0.,0.,0.,0.,0.,0.,0.,0.,0.,0.,0.,0.,0.,0.,0.,0.,0.,0.,0.001,0.,0.001,,,
287,0.,0.,0.,0.,0.,0.,0.,0.,0.,0.,0.,0.,0.,0.,0.,0.,0.,0.,0.,0.,0.,0.001,0.,0.001,,,
288,0.,0.,0.,0.,0.,0.,0.,0.,0.,0.,0.,0.,0.,0.,0.,0.,0.,0.,0.,0.,0.,0.001,0.,0.001,,,
289,0.,0.,0.,0.,0.,0.,0.,0.,0.,0.,0.,0.,0.001,0.,0.001,0.,0.,0.,0.,0.,0.,0.001,0.,0.001,,,
290,0.,0.,0.,0.,0.,0.,0.,0.,0.,0.,0.,0.,0.,0.,0.,0.,0.,0.,0.,0.,0.,0.001,0.,0.001,,,
291,0.,0.,0.,0.,0.,0.,0.003,0.,0.003,0.,0.,0.,0.004,0.,0.004,0.,0.,0.,0.,0.,0.,0.004,0.,0.004,,,
292,0.,0.,0.,0.,0.,0.,0.,0.,0.,0.,0.,0.,0.001,0.,0.001,0.,0.,0.,0.,0.,0.,0.001,0.,0.001,,,
293,0.,0.,0.,0.,0.,0.,0.,0.,0.,0.,0.,0.,0.001,0.,0.001,0.,0.,0.,0.,0.,0.,0.001,0.,0.001,,,
294,0.,0.,0.,0.,0.,0.,0.,0.,0.,0.,0.,0.,0.001,0.,0.001,0.,0.,0.,0.,0.,0.,0.001,0.,0.001,,,
295,0.,0.,0.,0.,0.,0.,0.,0.,0.,0.,0.,0.,0.001,0.,0.001,0.,0.,0.,0.,0.,0.,0.001,0.,0.001,,,
296,0.,0.,0.,0.,0.,0.,0.,0.,0.,0.,0.,0.,0.,0.,0.,0.,0.,0.,0.,0.,0.,0.001,0.,0.001,,,
297,0.,0.,0.,0.,0.,0.,0.,0.,0.,0.,0.,0.,0.,0.,0.,0.,0.,0.,0.,0.,0.,0.001,0.,0.001,,,
298,0.,0.,0.,0.,0.,0.,0.,0.,0.,0.,0.,0.,0.001,0.,0.001,0.,0.,0.,0.,0.,0.,0.001,0.,0.001,,,
299,0.,0.,0.,0.,0.,0.,0.,0.,0.,0.,0.,0.,0.001,0.,0.001,0.,0.,0.,0.,0.,0.,0.001,0.,0.001,,,
300,0.,0.,0.,0.,0.,0.,0.,0.,0.,0.,0.,0.,0.001,0.,0.001,0.,0.,0.,0.,0.,0.,0.001,0.,0.001,,,
301,0.,0.,0.,0.,0.,0.,0.,0.,0.,0.,0.,0.,0.001,0.,0.001,0.,0.,0.,0.,0.,0.,0.001,0.,0.001,,,
302,0.,0.,0.,0.,0.,0.,0.,0.,0.,0.,0.,0.,0.001,0.,0.001,0.,0.,0.,0.,0.,0.,0.001,0.,0.001,,,
303,0.,0.,0.,0.,0.,0.,0.,0.,0.,0.,0.,0.,0.001,0.,0.001,0.,0.,0.,0.,0.,0.,0.001,0.,0.001,,,
304,0.,0.,0.,0.,0.,0.,0.002,0.,0.002,0.,0.,0.,0.002,0.,0.002,0.,0.,0.,0.,0.,0.,0.002,0.,0.002,,,
305,0.,0.,0.,0.,0.,0.,0.,0.,0.,0.,0.,0.,0.001,0.,0.001,0.,0.,0.,0.,0.,0.,0.001,0.,0.001,,,
306,0.,0.,0.,0.,0.,0.,0.,0.,0.,0.,0.,0.,0.001,0.,0.001,0.,0.,0.,0.,0.,0.,0.001,0.,0.001,,,
307,0.,0.,0.,0.,0.,0.,0.,0.,0.,0.,0.,0.,0.001,0.,0.001,0.,0.,0.,0.,0.,0.,0.001,0.,0.001,,,
308,0.,0.,0.,0.,0.,0.,0.,0.,0.,0.,0.,0.,0.001,0.,0.001,0.,0.,0.,0.,0.,0.,0.001,0.,0.001,,,
309,0.,0.,0.,0.,0.,0.,0.,0.,0.,0.,0.,0.,0.001,0.,0.001,0.,0.,0.,0.,0.,0.,0.001,0.,0.001,,,
310,0.,0.,0.,0.,0.,0.,0.,0.,0.,0.,0.,0.,0.001,0.,0.001,0.,0.,0.,0.,0.,0.,0.001,0.,0.001,,,
311,0.,0.,0.,0.,0.,0.,0.,0.,0.,0.,0.,0.,0.001,0.,0.001,0.,0.,0.,0.,0.,0.,0.001,0.,0.001,,,
312,0.,0.,0.,0.,0.,0.,0.,0.,0.,0.,0.,0.,0.001,0.,0.001,0.,0.,0.,0.,0.,0.,0.001,0.,0.001,,,
313,0.,0.,0.,0.,0.,0.,0.,0.,0.,0.,0.,0.,0.001,0.,0.001,0.,0.,0.,0.,0.,0.,0.001,0.,0.001,,,
314,0.,0.,0.,0.,0.,0.,0.,0.,0.,0.,0.,0.,0.001,0.,0.001,0.,0.,0.,0.,0.,0.,0.001,0.,0.001,,,
315,0.,0.,0.,0.,0.,0.,0.,0.,0.,0.,0.,0.,0.001,0.,0.001,0.,0.,0.,0.,0.,0.,0.001,0.,0.001,,,
316,0.,0.,0.,0.,0.,0.,0.,0.,0.,0.,0.,0.,0.001,0.,0.001,0.,0.,0.,0.,0.,0.,0.001,0.,0.001,,,
317,0.,0.,0.,0.,0.,0.,0.,0.,0.,0.,0.,0.,0.001,0.,0.001,0.,0.,0.,0.,0.,0.,0.001,0.,0.001,,,
318,0.,0.,0.,0.,0.,0.,0.,0.,0.,0.,0.,0.,0.001,0.,0.001,0.,0.,0.,0.,0.,0.,0.001,0.,0.001,,,
319,0.,0.,0.,0.,0.,0.,0.,0.,0.,0.,0.,0.,0.001,0.,0.001,0.,0.,0.,0.,0.,0.,0.001,0.,0.001,,,
320,0.,0.,0.,0.,0.,0.,0.,0.,0.,0.,0.,0.,0.001,0.,0.001,0.,0.,0.,0.,0.,0.,0.001,0.,0.001,,,
321,0.,0.,0.,0.,0.,0.,0.,0.,0.,0.,0.,0.,0.001,0.,0.001,0.,0.,0.,0.,0.,0.,0.001,0.,0.001,,,
322,0.,0.,0.,0.,0.,0.,0.,0.,0.,0.,0.,0.,0.001,0.,0.001,0.,0.,0.,0.,0.,0.,0.001,0.,0.001,,,
323,0.,0.,0.,0.,0.,0.,0.,0.,0.,0.,0.,0.,0.001,0.,0.001,0.,0.,0.,0.,0.,0.,0.001,0.,0.001,,,
324,0.,0.,0.,0.,0.,0.,0.,0.,0.,0.,0.,0.,0.001,0.,0.001,0.,0.,0.,0.,0.,0.,0.001,0.,0.001,,,
325,0.,0.,0.,0.,0.,0.,0.,0.,0.,0.,0.,0.,0.001,0.,0.001,0.,0.,0.,0.,0.,0.,0.001,0.,0.001,,,
326,0.,0.,0.,0.,0.,0.,0.,0.,0.,0.,0.,0.,0.001,0.,0.001,0.,0.,0.,0.,0.,0.,0.001,0.,0.001,,,
327,0.,0.,0.,0.,0.,0.,0.,0.,0.,0.,0.,0.,0.001,0.,0.001,0.,0.,0.,0.,0.,0.,0.001,0.,0.001,,,
328,0.,0.,0.,0.,0.,0.,0.,0.,0.,0.,0.,0.,0.001,0.,0.001,0.,0.,0.,0.,0.,0.,0.001,0.,0.001,,,
329,0.,0.,0.,0.002,0.,0.002,0.,0.,0.,0.,0.,0.,0.001,0.,0.001,0.,0.,0.,0.,0.,0.,0.001,0.,0.001,,,
330,0.,0.,0.,0.,0.,0.,0.,0.,0.,0.,0.,0.,0.001,0.,0.001,0.,0.,0.,0.,0.,0.,0.001,0.,0.001,,,
331,0.,0.,0.,0.,0.,0.,0.,0.,0.,0.,0.,0.,0.001,0.,0.001,0.,0.,0.,0.,0.,0.,0.001,0.,0.001,,,
332,0.,0.,0.,0.,0.,0.,0.,0.,0.,0.,0.,0.,0.001,0.,0.001,0.,0.,0.,0.,0.,0.,0.001,0.,0.001,,,
333,0.,0.,0.,0.,0.,0.,0.,0.,0.,0.,0.,0.,0.001,0.,0.001,0.,0.,0.,0.,0.,0.,0.001,0.,0.001,,,
334,0.,0.,0.,0.,0.,0.,0.,0.,0.,0.,0.,0.,0.001,0.,0.001,0.,0.,0.,0.,0.,0.,0.001,0.,0.001,,,
335,0.,0.,0.,0.,0.,0.,0.,0.,0.,0.,0.,0.,0.001,0.,0.001,0.,0.,0.,0.,0.,0.,0.001,0.,0.001,,,
336,0.,0.,0.,0.,0.,0.,0.,0.,0.,0.,0.,0.,0.001,0.,0.001,0.,0.,0.,0.,0.,0.,0.001,0.,0.001,,,
337,0.,0.,0.,0.,0.,0.,0.,0.,0.,0.,0.,0.,0.001,0.,0.001,0.,0.,0.,0.,0.,0.,0.001,0.,0.001,,,
338,0.,0.,0.,0.,0.,0.,0.,0.,0.,0.,0.,0.,0.001,0.,0.001,0.,0.,0.,0.,0.,0.,0.001,0.,0.001,,,
339,0.,0.,0.,0.,0.,0.,0.,0.,0.,0.,0.,0.,0.001,0.,0.001,0.,0.,0.,0.,0.,0.,0.001,0.,0.001,,,
340,0.,0.,0.,0.,0.,0.,0.,0.,0.,0.,0.,0.,0.001,0.,0.001,0.,0.,0.,0.,0.,0.,0.001,0.,0.001,,,
341,0.,0.,0.,0.,0.,0.,0.,0.,0.,0.,0.,0.,0.001,0.,0.001,0.,0.,0.,0.,0.,0.,0.001,0.,0.001,,,
342,0.,0.,0.,0.,0.,0.,0.,0.,0.,0.,0.,0.,0.001,0.,0.001,0.,0.,0.,0.,0.,0.,0.001,0.,0.001,,,
343,0.,0.,0.,0.,0.,0.,0.,0.,0.,0.,0.,0.,0.001,0.,0.001,0.,0.,0.,0.,0.,0.,0.001,0.,0.001,,,
344,0.,0.,0.,0.,0.,0.,0.,0.,0.,0.,0.,0.,0.001,0.,0.001,0.,0.,0.,0.,0.,0.,0.001,0.,0.001,,,
345,0.,0.,0.,0.,0.,0.,0.,0.,0.,0.,0.,0.,0.001,0.,0.001,0.,0.,0.,0.,0.,0.,0.001,0.,0.001,,,
346,0.,0.,0.,0.,0.,0.,0.,0.,0.,0.,0.,0.,0.001,0.,0.001,0.,0.,0.,0.,0.,0.,0.001,0.,0.001,,,
347,0.,0.,0.,0.,0.,0.,0.,0.,0.,0.,0.,0.,0.001,0.,0.001,0.,0.,0.,0.,0.,0.,0.001,0.,0.001,,,
348,0.,0.,0.,0.,0.,0.,0.,0.,0.,0.,0.,0.,0.001,0.,0.001,0.,0.,0.,0.,0.,0.,0.001,0.,0.001,,,
349,0.,0.,0.,0.,0.,0.,0.,0.,0.,0.,0.,0.,0.001,0.,0.001,0.,0.,0.,0.,0.,0.,0.001,0.,0.001,,,
350,0.,0.,0.,0.,0.,0.,0.,0.,0.,0.,0.,0.,0.001,0.,0.001,0.,0.,0.,0.,0.,0.,0.001,0.,0.001,,,
351,0.,0.,0.,0.,0.,0.,0.,0.,0.,0.,0.,0.,0.001,0.,0.001,0.,0.,0.,0.,0.,0.,0.001,0.,0.001,,,
352,0.,0.,0.,0.002,0.,0.002,0.,0.,0.,0.,0.,0.,0.001,0.,0.001,0.,0.,0.,0.,0.,0.,0.001,0.,0.001,,,
353,0.,0.,0.,0.,0.,0.,0.,0.,0.,0.,0.,0.,0.001,0.,0.001,0.,0.,0.,0.,0.,0.,0.001,0.,0.001,,,
354,0.,0.,0.,0.,0.,0.,0.,0.,0.,0.,0.,0.,0.001,0.,0.001,0.,0.,0.,0.,0.,0.,0.001,0.,0.001,,,
355,0.,0.,0.,0.,0.,0.,0.,0.,0.,0.,0.,0.,0.001,0.,0.001,0.,0.,0.,0.,0.,0.,0.001,0.,0.001,,,
356,0.,0.,0.,0.,0.,0.,0.,0.,0.,0.,0.,0.,0.001,0.,0.001,0.,0.,0.,0.,0.,0.,0.001,0.,0.001,,,
357,0.,0.,0.,0.,0.,0.,0.,0.,0.,0.,0.,0.,0.001,0.,0.001,0.,0.,0.,0.,0.,0.,0.001,0.,0.001,,,
358,0.,0.,0.,0.,0.,0.,0.,0.,0.,0.,0.,0.,0.001,0.,0.001,0.,0.,0.,0.,0.,0.,0.001,0.,0.001,,,
359,0.,0.,0.,0.,0.,0.,0.,0.,0.,0.,0.,0.,0.001,0.,0.001,0.,0.,0.,0.,0.,0.,0.001,0.,0.001,,,
360,0.,0.,0.,0.,0.,0.,0.,0.,0.,0.,0.,0.,0.001,0.,0.001,0.,0.,0.,0.,0.,0.,0.001,0.,0.001,,,
361,0.,0.,0.,0.,0.,0.,0.,0.,0.,0.,0.,0.,0.001,0.,0.001,0.,0.,0.,0.,0.,0.,0.001,0.,0.001,,,
362,0.,0.,0.,0.,0.,0.,0.,0.,0.,0.,0.,0.,0.001,0.,0.001,0.,0.,0.,0.,0.,0.,0.001,0.,0.001,,,
363,0.003,0.,0.003,0.,0.,0.,0.,0.,0.,0.,0.,0.,0.004,0.,0.004,0.,0.,0.,0.,0.,0.,0.004,0.,0.004,,,
364,0.,0.,0.,0.,0.,0.,0.,0.,0.,0.,0.,0.,0.001,0.,0.001,0.,0.,0.,0.,0.,0.,0.001,0.,0.001,,,
365,0.,0.,0.,0.,0.,0.,0.,0.,0.,0.,0.,0.,0.001,0.,0.001,0.,0.,0.,0.,0.,0.,0.001,0.,0.001,,,
366,0.,0.,0.,0.,0.,0.,0.,0.,0.,0.,0.,0.,0.001,0.,0.001,0.,0.,0.,0.,0.,0.,0.001,0.,0.001,,,
367,0.,0.,0.,0.,0.,0.,0.,0.,0.,0.,0.,0.,0.001,0.,0.001,0.,0.,0.,0.,0.,0.,0.001,0.,0.001,,,
368,0.,0.,0.,0.,0.,0.,0.,0.,0.,0.,0.,0.,0.001,0.,0.001,0.,0.,0.,0.,0.,0.,0.001,0.,0.001,,,
369,0.,0.,0.,0.,0.,0.,0.,0.,0.,0.,0.,0.,0.001,0.,0.001,0.,0.,0.,0.,0.,0.,0.001,0.,0.001,,,
370,0.,0.,0.,0.,0.,0.,0.,0.,0.,0.,0.,0.,0.001,0.001,0.,0.,0.,0.,0.,0.,0.,0.001,0.001,0.,,,
371,0.,0.,0.,0.,0.,0.,0.,0.,0.,0.,0.,0.,0.001,0.,0.,0.,0.,0.,0.,0.,0.,0.001,0.,0.,,,
372,0.,0.,0.,0.,0.,0.,0.,0.,0.,0.,0.,0.,0.001,0.,0.001,0.,0.,0.,0.,0.,0.,0.001,0.,0.001,,,
373,0.,0.,0.,0.,0.,0.,0.,0.,0.,0.,0.,0.,0.001,0.,0.001,0.,0.,0.,0.,0.,0.,0.001,0.,0.001,,,
374,0.,0.,0.,0.001,0.,0.001,0.,0.,0.,0.,0.,0.,0.001,0.,0.001,0.,0.,0.,0.,0.,0.,0.001,0.,0.001,,,
375,0.,0.,0.,0.,0.,0.,0.,0.,0.,0.,0.,0.,0.001,0.,0.001,0.,0.,0.,0.,0.,0.,0.001,0.,0.001,,,
376,0.,0.,0.,0.,0.,0.,0.,0.,0.,0.,0.,0.,0.001,0.,0.001,0.,0.,0.,0.,0.,0.,0.001,0.,0.001,,,
377,0.,0.,0.,0.,0.,0.,0.,0.,0.,0.,0.,0.,0.001,0.,0.001,0.,0.,0.,0.,0.,0.,0.001,0.,0.001,,,
378,0.,0.,0.,0.,0.,0.,0.,0.,0.,0.,0.,0.,0.001,0.,0.001,0.,0.,0.,0.,0.,0.,0.001,0.,0.001,,,
379,0.,0.,0.,0.,0.,0.,0.,0.,0.,0.,0.,0.,0.001,0.,0.001,0.,0.,0.,0.,0.,0.,0.001,0.,0.001,,,
380,0.,0.,0.,0.,0.,0.,0.,0.,0.,0.,0.,0.,0.001,0.,0.001,0.,0.,0.,0.,0.,0.,0.001,0.,0.001,,,
381,0.,0.,0.,0.,0.,0.,0.,0.,0.,0.,0.,0.,0.001,0.,0.001,0.,0.,0.,0.,0.,0.,0.001,0.,0.001,,,
382,0.,0.,0.,0.,0.,0.,0.,0.,0.,0.,0.,0.,0.001,0.,0.001,0.,0.,0.,0.,0.,0.,0.001,0.,0.001,,,
383,0.,0.,0.,0.,0.,0.,0.,0.,0.,0.,0.,0.,0.001,0.,0.001,0.,0.,0.,0.,0.,0.,0.001,0.,0.001,,,
384,0.,0.,0.,0.,0.,0.,0.003,0.,0.003,0.,0.,0.,0.004,0.,0.004,0.,0.,0.,0.,0.,0.,0.004,0.,0.004,,,
385,0.,0.,0.,0.,0.,0.,0.,0.,0.,0.,0.,0.,0.001,0.,0.001,0.,0.,0.,0.,0.,0.,0.001,0.,0.001,,,
386,0.,0.,0.,0.,0.,0.,0.,0.,0.,0.,0.,0.,0.001,0.,0.001,0.,0.,0.,0.,0.,0.,0.001,0.,0.001,,,
387,0.,0.,0.,0.,0.,0.,0.,0.,0.,0.,0.,0.,0.001,0.,0.001,0.,0.,0.,0.,0.,0.,0.001,0.,0.001,,,
388,0.,0.,0.,0.,0.,0.,0.,0.,0.,0.,0.,0.,0.001,0.,0.001,0.,0.,0.,0.,0.,0.,0.001,0.,0.001,,,
389,0.,0.,0.,0.,0.,0.,0.,0.,0.,0.,0.,0.,0.001,0.,0.001,0.,0.,0.,0.,0.,0.,0.001,0.,0.001,,,
390,0.,0.,0.,0.,0.,0.,0.,0.,0.,0.,0.,0.,0.001,0.,0.001,0.,0.,0.,0.,0.,0.,0.001,0.,0.001,,,
391,0.,0.,0.,0.,0.,0.,0.,0.,0.,0.,0.,0.,0.001,0.,0.001,0.,0.,0.,0.,0.,0.,0.001,0.,0.001,,,
392,0.,0.,0.,0.,0.,0.,0.,0.,0.,0.,0.,0.,0.001,0.,0.001,0.,0.,0.,0.,0.,0.,0.001,0.,0.001,,,
393,0.,0.,0.,0.,0.,0.,0.,0.,0.,0.,0.,0.,0.001,0.,0.001,0.,0.,0.,0.,0.,0.,0.001,0.,0.001,,,
394,0.,0.,0.,0.,0.,0.,0.,0.,0.,0.,0.,0.,0.001,0.,0.001,0.,0.,0.,0.,0.,0.,0.001,0.,0.001,,,
395,0.,0.,0.,0.,0.,0.,0.,0.,0.,0.,0.,0.,0.001,0.,0.001,0.,0.,0.,0.,0.,0.,0.001,0.,0.001,,,
396,0.,0.,0.,0.,0.,0.,0.,0.,0.,0.,0.,0.,0.001,0.,0.001,0.,0.,0.,0.,0.,0.,0.001,0.,0.001,,,
397,0.,0.,0.,0.,0.,0.,0.,0.,0.,0.,0.,0.,0.001,0.,0.001,0.,0.,0.,0.,0.,0.,0.001,0.,0.001,,,
398,0.,0.,0.,0.,0.,0.,0.,0.,0.,0.,0.,0.,0.001,0.,0.001,0.,0.,0.,0.,0.,0.,0.001,0.,0.001,,,
399,0.,0.,0.,0.,0.,0.,0.,0.,0.,0.,0.,0.,0.001,0.,0.001,0.,0.,0.,0.,0.,0.,0.001,0.,0.001,,,
400,0.,0.,0.,0.,0.,0.,0.,0.,0.,0.,0.,0.,0.001,0.,0.001,0.,0.,0.,0.,0.,0.,0.001,0.,0.001,,,
401,0.,0.,0.,0.,0.,0.,0.,0.,0.,0.,0.,0.,0.001,0.,0.001,0.,0.,0.,0.,0.,0.,0.001,0.,0.001,,,
402,0.,0.,0.,0.,0.,0.,0.,0.,0.,0.,0.,0.,0.001,0.,0.001,0.,0.,0.,0.,0.,0.,0.001,0.,0.001,,,
403,0.,0.,0.,0.,0.,0.,0.,0.,0.,0.,0.,0.,0.001,0.,0.001,0.,0.,0.,0.,0.,0.,0.001,0.,0.001,,,
404,0.,0.,0.,0.,0.,0.,0.,0.,0.,0.,0.,0.,0.001,0.,0.001,0.,0.,0.,0.,0.,0.,0.001,0.,0.001,,,
405,0.,0.,0.,0.,0.,0.,0.,0.,0.,0.,0.,0.,0.001,0.,0.001,0.,0.,0.,0.,0.,0.,0.001,0.,0.001,,,
406,0.,0.,0.,0.,0.,0.,0.,0.,0.,0.,0.,0.,0.001,0.,0.001,0.,0.,0.,0.,0.,0.,0.001,0.,0.001,,,
407,0.,0.,0.,0.,0.,0.,0.,0.,0.,0.,0.,0.,0.001,0.,0.001,0.,0.,0.,0.,0.,0.,0.001,0.,0.001,,,
408,0.,0.,0.,0.,0.,0.,0.,0.,0.,0.,0.,0.,0.001,0.,0.001,0.,0.,0.,0.,0.,0.,0.001,0.,0.001,,,
409,0.,0.,0.,0.,0.,0.,0.,0.,0.,0.,0.,0.,0.001,0.,0.001,0.,0.,0.,0.,0.,0.,0.001,0.,0.001,,,
410,0.,0.,0.,0.,0.,0.,0.,0.,0.,0.,0.,0.,0.001,0.,0.001,0.,0.,0.,0.,0.,0.,0.001,0.,0.001,,,
411,0.,0.,0.,0.,0.,0.,0.,0.,0.,0.,0.,0.,0.001,0.,0.001,0.,0.,0.,0.,0.,0.,0.001,0.,0.001,,,
412,0.,0.,0.,0.,0.,0.,0.,0.,0.,0.,0.,0.,0.001,0.,0.001,0.,0.,0.,0.,0.,0.,0.001,0.,0.001,,,
413,0.,0.,0.,0.,0.,0.,0.,0.,0.,0.,0.,0.,0.001,0.,0.001,0.,0.,0.,0.,0.,0.,0.001,0.,0.001,,,
414,0.,0.,0.,0.,0.,0.,0.,0.,0.,0.,0.,0.,0.001,0.,0.001,0.,0.,0.,0.,0.,0.,0.001,0.,0.001,,,
415,0.,0.,0.,0.,0.,0.,0.,0.,0.,0.,0.,0.,0.001,0.,0.001,0.,0.,0.,0.,0.,0.,0.001,0.,0.001,,,
416,0.,0.,0.,0.,0.,0.,0.,0.,0.,0.,0.,0.,0.001,0.001,0.,0.,0.,0.,0.,0.,0.,0.001,0.001,0.,,,
417,0.,0.,0.,0.,0.,0.,0.,0.,0.,0.,0.,0.,0.001,0.,0.001,0.,0.,0.,0.,0.,0.,0.001,0.,0.001,,,
418,0.,0.,0.,0.,0.,0.,0.,0.,0.,0.,0.,0.,0.001,0.,0.001,0.,0.,0.,0.,0.,0.,0.001,0.,0.001,,,
419,0.,0.,0.,0.,0.,0.,0.,0.,0.,0.,0.,0.,0.001,0.,0.001,0.,0.,0.,0.,0.,0.,0.001,0.,0.001,,,
420,0.,0.,0.,0.,0.,0.,0.,0.,0.,0.,0.,0.,0.001,0.,0.001,0.,0.,0.,0.,0.,0.,0.001,0.,0.001,,,
421,0.,0.,0.,0.,0.,0.,0.,0.,0.,0.,0.,0.,0.001,0.,0.001,0.,0.,0.,0.,0.,0.,0.001,0.,0.001,,,
422,0.,0.,0.,0.,0.,0.,0.,0.,0.,0.,0.,0.,0.001,0.,0.001,0.,0.,0.,0.,0.,0.,0.001,0.,0.001,,,
423,0.,0.,0.,0.,0.,0.,0.,0.,0.,0.,0.,0.,0.001,0.,0.001,0.,0.,0.,0.,0.,0.,0.001,0.,0.001,,,
424,0.,0.,0.,0.,0.,0.,0.003,0.,0.003,0.,0.,0.,0.003,0.,0.003,0.,0.,0.,0.,0.,0.,0.004,0.,0.003,,,
425,0.,0.,0.,0.,0.,0.,0.,0.,0.,0.,0.,0.,0.001,0.001,0.,0.,0.,0.,0.,0.,0.,0.001,0.001,0.,,,
426,0.,0.,0.,0.,0.,0.,0.,0.,0.,0.,0.,0.,0.001,0.,0.001,0.,0.,0.,0.,0.,0.,0.001,0.,0.001,,,
427,0.,0.,0.,0.,0.,0.,0.,0.,0.,0.,0.,0.,0.001,0.,0.001,0.,0.,0.,0.,0.,0.,0.001,0.,0.001,,,
428,0.,0.,0.,0.,0.,0.,0.,0.,0.,0.,0.,0.,0.001,0.,0.001,0.,0.,0.,0.,0.,0.,0.001,0.,0.001,,,
429,0.,0.,0.,0.,0.,0.,0.,0.,0.,0.,0.,0.,0.001,0.,0.001,0.,0.,0.,0.,0.,0.,0.001,0.,0.001,,,
430,0.,0.,0.,0.,0.,0.,0.,0.,0.,0.,0.,0.,0.001,0.,0.001,0.,0.,0.,0.,0.,0.,0.001,0.,0.001,,,
431,0.,0.,0.,0.,0.,0.,0.,0.,0.,0.,0.,0.,0.001,0.,0.001,0.,0.,0.,0.,0.,0.,0.001,0.,0.001,,,
432,0.,0.,0.,0.,0.,0.,0.,0.,0.,0.,0.,0.,0.001,0.,0.001,0.,0.,0.,0.,0.,0.,0.001,0.,0.001,,,
433,0.,0.,0.,0.,0.,0.,0.,0.,0.,0.,0.,0.,0.001,0.,0.001,0.,0.,0.,0.,0.,0.,0.001,0.,0.001,,,
434,0.,0.,0.,0.,0.,0.,0.,0.,0.,0.,0.,0.,0.001,0.,0.001,0.,0.,0.,0.,0.,0.,0.001,0.,0.001,,,
435,0.,0.,0.,0.,0.,0.,0.,0.,0.,0.,0.,0.,0.001,0.,0.001,0.,0.,0.,0.,0.,0.,0.001,0.,0.001,,,
436,0.,0.,0.,0.,0.,0.,0.,0.,0.,0.,0.,0.,0.001,0.,0.001,0.,0.,0.,0.,0.,0.,0.001,0.,0.001,,,
437,0.,0.,0.,0.,0.,0.,0.,0.,0.,0.,0.,0.,0.001,0.,0.001,0.,0.,0.,0.,0.,0.,0.001,0.,0.001,,,
438,0.,0.,0.,0.,0.,0.,0.,0.,0.,0.,0.,0.,0.001,0.,0.001,0.,0.,0.,0.,0.,0.,0.001,0.,0.001,,,
439,0.,0.,0.,0.,0.,0.,0.,0.,0.,0.,0.,0.,0.001,0.,0.001,0.,0.,0.,0.,0.,0.,0.001,0.,0.001,,,
440,0.,0.,0.,0.,0.,0.,0.,0.,0.,0.,0.,0.,0.001,0.,0.001,0.,0.,0.,0.,0.,0.,0.001,0.,0.001,,,
441,0.,0.,0.,0.,0.,0.,0.,0.,0.,0.,0.,0.,0.001,0.,0.001,0.,0.,0.,0.,0.,0.,0.001,0.,0.001,,,
442,0.,0.,0.,0.,0.,0.,0.,0.,0.,0.,0.,0.,0.001,0.,0.001,0.,0.,0.,0.,0.,0.,0.001,0.,0.001,,,
443,0.,0.,0.,0.003,0.,0.003,0.,0.,0.,0.,0.,0.,0.001,0.,0.001,0.,0.,0.,0.,0.,0.,0.001,0.,0.001,,,
444,0.,0.,0.,0.,0.,0.,0.,0.,0.,0.,0.,0.,0.001,0.,0.001,0.,0.,0.,0.,0.,0.,0.001,0.,0.001,,,
445,0.,0.,0.,0.,0.,0.,0.,0.,0.,0.,0.,0.,0.001,0.,0.001,0.,0.,0.,0.,0.,0.,0.001,0.,0.001,,,
446,0.,0.,0.,0.,0.,0.,0.,0.,0.,0.,0.,0.,0.001,0.,0.001,0.,0.,0.,0.,0.,0.,0.001,0.,0.001,,,
447,0.,0.,0.,0.,0.,0.,0.,0.,0.,0.,0.,0.,0.001,0.,0.001,0.,0.,0.,0.,0.,0.,0.001,0.,0.001,,,
448,0.,0.,0.,0.,0.,0.,0.,0.,0.,0.,0.,0.,0.001,0.,0.001,0.,0.,0.,0.,0.,0.,0.001,0.,0.001,,,
449,0.,0.,0.,0.,0.,0.,0.,0.,0.,0.,0.,0.,0.001,0.,0.001,0.,0.,0.,0.,0.,0.,0.001,0.,0.001,,,
450,0.,0.,0.,0.,0.,0.,0.,0.,0.,0.,0.,0.,0.001,0.,0.001,0.,0.,0.,0.,0.,0.,0.001,0.,0.001,,,
451,0.,0.,0.,0.,0.,0.,0.,0.,0.,0.,0.,0.,0.001,0.,0.001,0.,0.,0.,0.,0.,0.,0.001,0.,0.001,,,
452,0.,0.,0.,0.002,0.,0.002,0.,0.,0.,0.,0.,0.,0.001,0.,0.001,0.,0.,0.,0.,0.,0.,0.001,0.,0.001,,,
453,0.,0.,0.,0.,0.,0.,0.,0.,0.,0.,0.,0.,0.001,0.,0.001,0.,0.,0.,0.,0.,0.,0.001,0.,0.001,,,
454,0.,0.,0.,0.,0.,0.,0.,0.,0.,0.,0.,0.,0.001,0.,0.001,0.,0.,0.,0.,0.,0.,0.001,0.,0.001,,,
455,0.,0.,0.,0.,0.,0.,0.,0.,0.,0.,0.,0.,0.001,0.,0.001,0.,0.,0.,0.,0.,0.,0.001,0.,0.001,,,
456,0.,0.,0.,0.,0.,0.,0.,0.,0.,0.,0.,0.,0.001,0.,0.001,0.,0.,0.,0.,0.,0.,0.001,0.,0.001,,,
457,0.,0.,0.,0.,0.,0.,0.,0.,0.,0.,0.,0.,0.001,0.,0.001,0.,0.,0.,0.,0.,0.,0.001,0.,0.001,,,
458,0.,0.,0.,0.,0.,0.,0.,0.,0.,0.,0.,0.,0.001,0.,0.001,0.,0.,0.,0.,0.,0.,0.001,0.,0.001,,,
459,0.,0.,0.,0.,0.,0.,0.,0.,0.,0.,0.,0.,0.001,0.,0.001,0.,0.,0.,0.,0.,0.,0.001,0.,0.001,,,
460,0.,0.,0.,0.,0.,0.,0.,0.,0.,0.,0.,0.,0.001,0.,0.001,0.,0.,0.,0.,0.,0.,0.001,0.,0.001,,,
461,0.,0.,0.,0.003,0.,0.003,0.,0.,0.,0.,0.,0.,0.001,0.,0.001,0.,0.,0.,0.,0.,0.,0.001,0.,0.001,,,
462,0.,0.,0.,0.,0.,0.,0.,0.,0.,0.,0.,0.,0.001,0.,0.001,0.,0.,0.,0.,0.,0.,0.001,0.,0.001,,,
463,0.,0.,0.,0.,0.,0.,0.,0.,0.,0.,0.,0.,0.001,0.,0.001,0.,0.,0.,0.,0.,0.,0.001,0.,0.001,,,
464,0.,0.,0.,0.,0.,0.,0.,0.,0.,0.,0.,0.,0.001,0.,0.001,0.,0.,0.,0.,0.,0.,0.001,0.,0.001,,,
465,0.,0.,0.,0.,0.,0.,0.,0.,0.,0.,0.,0.,0.001,0.,0.001,0.,0.,0.,0.,0.,0.,0.001,0.,0.001,,,
466,0.,0.,0.,0.,0.,0.,0.,0.,0.,0.,0.,0.,0.001,0.,0.001,0.,0.,0.,0.,0.,0.,0.001,0.,0.001,,,
467,0.,0.,0.,0.,0.,0.,0.,0.,0.,0.,0.,0.,0.001,0.,0.001,0.,0.,0.,0.,0.,0.,0.001,0.,0.001,,,
468,0.,0.,0.,0.,0.,0.,0.,0.,0.,0.,0.,0.,0.001,0.,0.001,0.,0.,0.,0.,0.,0.,0.001,0.,0.001,,,
469,0.,0.,0.,0.,0.,0.,0.,0.,0.,0.,0.,0.,0.001,0.,0.001,0.,0.,0.,0.,0.,0.,0.001,0.,0.001,,,
470,0.,0.,0.,0.,0.,0.,0.,0.,0.,0.,0.,0.,0.001,0.,0.001,0.,0.,0.,0.,0.,0.,0.001,0.,0.001,,,
471,0.,0.,0.,0.,0.,0.,0.,0.,0.,0.,0.,0.,0.001,0.,0.001,0.,0.,0.,0.,0.,0.,0.001,0.,0.001,,,
472,0.,0.,0.,0.,0.,0.,0.,0.,0.,0.,0.,0.,0.001,0.,0.001,0.,0.,0.,0.,0.,0.,0.001,0.,0.001,,,
473,0.,0.,0.,0.,0.,0.,0.,0.,0.,0.,0.,0.,0.001,0.,0.001,0.,0.,0.,0.,0.,0.,0.001,0.,0.001,,,
474,0.,0.,0.,0.,0.,0.,0.,0.,0.,0.,0.,0.,0.001,0.,0.001,0.,0.,0.,0.,0.,0.,0.001,0.,0.001,,,
475,0.,0.,0.,0.,0.,0.,0.,0.,0.,0.,0.,0.,0.001,0.,0.001,0.,0.,0.,0.,0.,0.,0.001,0.,0.001,,,
476,0.,0.,0.,0.,0.,0.,0.,0.,0.,0.,0.,0.,0.001,0.,0.001,0.,0.,0.,0.,0.,0.,0.001,0.,0.001,,,
477,0.,0.,0.,0.,0.,0.,0.,0.,0.,0.,0.,0.,0.001,0.,0.001,0.,0.,0.,0.,0.,0.,0.001,0.,0.001,,,
478,0.,0.,0.,0.,0.,0.,0.003,0.,0.003,0.,0.,0.,0.004,0.,0.004,0.,0.,0.,0.,0.,0.,0.004,0.,0.004,,,
479,0.,0.,0.,0.,0.,0.,0.,0.,0.,0.,0.,0.,0.001,0.,0.001,0.,0.,0.,0.,0.,0.,0.001,0.,0.001,,,
480,0.,0.,0.,0.,0.,0.,0.,0.,0.,0.,0.,0.,0.001,0.,0.001,0.,0.,0.,0.,0.,0.,0.001,0.,0.001,,,
481,0.,0.,0.,0.,0.,0.,0.,0.,0.,0.,0.,0.,0.001,0.,0.001,0.,0.,0.,0.,0.,0.,0.001,0.,0.001,,,
482,0.,0.,0.,0.,0.,0.,0.,0.,0.,0.,0.,0.,0.001,0.,0.001,0.,0.,0.,0.,0.,0.,0.001,0.,0.001,,,
483,0.,0.,0.,0.,0.,0.,0.,0.,0.,0.,0.,0.,0.001,0.,0.001,0.,0.,0.,0.,0.,0.,0.001,0.,0.001,,,
484,0.,0.,0.,0.,0.,0.,0.,0.,0.,0.,0.,0.,0.001,0.,0.001,0.,0.,0.,0.,0.,0.,0.001,0.,0.001,,,
485,0.,0.,0.,0.,0.,0.,0.,0.,0.,0.,0.,0.,0.001,0.,0.001,0.,0.,0.,0.,0.,0.,0.001,0.,0.001,,,
486,0.,0.,0.,0.,0.,0.,0.,0.,0.,0.,0.,0.,0.001,0.,0.001,0.,0.,0.,0.,0.,0.,0.001,0.,0.001,,,
487,0.,0.,0.,0.,0.,0.,0.,0.,0.,0.,0.,0.,0.001,0.,0.001,0.,0.,0.,0.,0.,0.,0.001,0.,0.001,,,
488,0.,0.,0.,0.,0.,0.,0.,0.,0.,0.,0.,0.,0.001,0.,0.001,0.,0.,0.,0.,0.,0.,0.001,0.,0.001,,,
489,0.,0.,0.,0.,0.,0.,0.,0.,0.,0.,0.,0.,0.001,0.,0.001,0.,0.,0.,0.,0.,0.,0.001,0.,0.001,,,
490,0.,0.,0.,0.,0.,0.,0.,0.,0.,0.,0.,0.,0.001,0.,0.001,0.,0.,0.,0.,0.,0.,0.001,0.,0.001,,,
491,0.,0.,0.,0.,0.,0.,0.,0.,0.,0.,0.,0.,0.001,0.,0.001,0.,0.,0.,0.,0.,0.,0.001,0.,0.001,,,
492,0.,0.,0.,0.,0.,0.,0.,0.,0.,0.,0.,0.,0.001,0.,0.001,0.,0.,0.,0.,0.,0.,0.001,0.,0.001,,,
493,0.,0.,0.,0.,0.,0.,0.,0.,0.,0.,0.,0.,0.001,0.,0.001,0.,0.,0.,0.,0.,0.,0.001,0.,0.001,,,
494,0.,0.,0.,0.,0.,0.,0.,0.,0.,0.,0.,0.,0.001,0.,0.001,0.,0.,0.,0.,0.,0.,0.001,0.,0.001,,,
495,0.003,0.,0.003,0.,0.,0.,0.001,0.,0.001,0.,0.,0.,0.004,0.,0.004,0.,0.,0.,0.,0.,0.,0.004,0.,0.004,,,
496,0.,0.,0.,0.,0.,0.,0.,0.,0.,0.,0.,0.,0.001,0.,0.001,0.,0.,0.,0.,0.,0.,0.001,0.,0.001,,,
497,0.,0.,0.,0.,0.,0.,0.,0.,0.,0.,0.,0.,0.001,0.,0.001,0.,0.,0.,0.,0.,0.,0.001,0.,0.001,,,
498,0.,0.,0.,0.,0.,0.,0.,0.,0.,0.,0.,0.,0.001,0.,0.001,0.,0.,0.,0.,0.,0.,0.001,0.,0.001,,,
499,0.,0.,0.,0.,0.,0.,0.,0.,0.,0.,0.,0.,0.001,0.,0.001,0.,0.,0.,0.,0.,0.,0.001,0.,0.001,,,
500,0.,0.,0.,0.,0.,0.,0.,0.,0.,0.,0.,0.,0.001,0.,0.001,0.,0.,0.,0.,0.,0.,0.001,0.,0.001,,,
505,0.,0.,0.,0.,0.,0.,0.,0.,0.,0.,0.,0.,0.001,0.,0.001,0.,0.,0.,0.,0.,0.,0.001,0.,0.001,,,
510,0.,0.,0.,0.,0.,0.,0.,0.,0.,0.,0.,0.,0.001,0.,0.001,0.,0.,0.,0.,0.,0.,0.001,0.,0.001,,,
515,0.,0.,0.,0.,0.,0.,0.002,0.,0.002,0.,0.,0.,0.002,0.,0.002,0.,0.,0.,0.,0.,0.,0.003,0.,0.003,,,
520,0.,0.,0.,0.,0.,0.,0.,0.,0.,0.,0.,0.,0.001,0.,0.001,0.,0.,0.,0.,0.,0.,0.001,0.,0.001,,,
525,0.,0.,0.,0.,0.,0.,0.,0.,0.,0.,0.,0.,0.001,0.,0.001,0.,0.,0.,0.,0.,0.,0.001,0.,0.001,,,
530,0.,0.,0.,0.,0.,0.,0.001,0.,0.001,0.,0.,0.,0.001,0.,0.001,0.,0.,0.,0.,0.,0.,0.001,0.,0.001,,,
535,0.,0.,0.,0.,0.,0.,0.001,0.,0.001,0.,0.,0.,0.001,0.,0.001,0.,0.,0.,0.,0.,0.,0.001,0.,0.001,,,
540,0.,0.,0.,0.,0.,0.,0.001,0.,0.001,0.,0.,0.,0.001,0.,0.001,0.,0.,0.,0.,0.,0.,0.002,0.,0.002,,,
545,0.,0.,0.,0.,0.,0.,0.001,0.,0.001,0.,0.,0.,0.001,0.,0.001,0.,0.,0.,0.,0.,0.,0.002,0.,0.002,,,
550,0.,0.,0.,0.,0.,0.,0.001,0.,0.001,0.,0.,0.,0.001,0.,0.001,0.,0.,0.,0.,0.,0.,0.002,0.,0.002,,,
555,0.,0.,0.,0.003,0.,0.003,0.001,0.,0.001,0.,0.,0.,0.001,0.,0.001,0.,0.,0.,0.,0.,0.,0.002,0.,0.002,,,
560,0.,0.,0.,0.,0.,0.,0.001,0.,0.001,0.,0.,0.,0.001,0.,0.001,0.,0.,0.,0.,0.,0.,0.002,0.,0.002,,,
565,0.,0.,0.,0.,0.,0.,0.001,0.,0.001,0.,0.,0.,0.001,0.,0.001,0.,0.,0.,0.,0.,0.,0.002,0.,0.002,,,
570,0.,0.,0.,0.,0.,0.,0.001,0.,0.001,0.,0.,0.,0.001,0.,0.001,0.,0.,0.,0.,0.,0.,0.002,0.,0.002,,,
575,0.,0.,0.,0.,0.,0.,0.001,0.,0.001,0.,0.,0.,0.001,0.,0.001,0.,0.,0.,0.,0.,0.,0.002,0.,0.002,,,
580,0.,0.,0.,0.,0.,0.,0.001,0.,0.001,0.,0.,0.,0.001,0.,0.001,0.,0.,0.,0.,0.,0.,0.002,0.,0.002,,,
585,0.,0.,0.,0.,0.,0.,0.001,0.,0.001,0.,0.,0.,0.001,0.,0.001,0.,0.,0.,0.,0.,0.,0.002,0.,0.002,,,
590,0.,0.,0.,0.,0.,0.,0.002,0.,0.002,0.,0.,0.,0.003,0.,0.003,0.,0.,0.,0.,0.,0.,0.004,0.,0.004,,,
595,0.,0.,0.,0.,0.,0.,0.001,0.,0.001,0.,0.,0.,0.001,0.,0.001,0.,0.,0.,0.,0.,0.,0.002,0.,0.002,,,
600,0.,0.,0.,0.,0.,0.,0.001,0.,0.001,0.,0.,0.,0.001,0.,0.001,0.,0.,0.,0.,0.,0.,0.002,0.,0.002,,,
605,0.,0.,0.,0.,0.,0.,0.001,0.,0.001,0.,0.,0.,0.001,0.,0.001,0.,0.,0.,0.,0.,0.,0.002,0.,0.002,,,
610,0.,0.,0.,0.,0.,0.,0.001,0.,0.001,0.,0.,0.,0.001,0.,0.001,0.,0.,0.,0.,0.,0.,0.002,0.,0.002,,,
615,0.,0.,0.,0.,0.,0.,0.001,0.,0.001,0.,0.,0.,0.001,0.,0.001,0.,0.,0.,0.,0.,0.,0.002,0.,0.002,,,
620,0.,0.,0.,0.,0.,0.,0.001,0.,0.001,0.,0.,0.,0.001,0.,0.001,0.,0.,0.,0.,0.,0.,0.002,0.,0.002,,,
625,0.,0.,0.,0.,0.,0.,0.001,0.,0.001,0.,0.,0.,0.005,0.,0.005,0.,0.,0.,0.,0.,0.,0.005,0.,0.005,,,
630,0.,0.,0.,0.,0.,0.,0.001,0.,0.001,0.,0.,0.,0.002,0.,0.002,0.,0.,0.,0.,0.,0.,0.002,0.,0.002,,,
635,0.,0.,0.,0.,0.,0.,0.001,0.,0.001,0.,0.,0.,0.002,0.,0.002,0.,0.,0.,0.,0.,0.,0.002,0.,0.002,,,
640,0.,0.,0.,0.,0.,0.,0.001,0.,0.001,0.,0.,0.,0.002,0.,0.002,0.,0.,0.,0.,0.,0.,0.002,0.,0.002,,,
645,0.,0.,0.,0.,0.,0.,0.001,0.,0.001,0.,0.,0.,0.002,0.,0.002,0.,0.,0.,0.,0.,0.,0.002,0.,0.002,,,
650,0.,0.,0.,0.,0.,0.,0.001,0.,0.001,0.,0.,0.,0.002,0.,0.002,0.,0.,0.,0.,0.,0.,0.002,0.,0.002,,,
655,0.,0.,0.,0.,0.,0.,0.001,0.,0.001,0.,0.,0.,0.002,0.,0.002,0.,0.,0.,0.,0.,0.,0.002,0.,0.002,,,
660,0.,0.,0.,0.,0.,0.,0.001,0.,0.001,0.,0.,0.,0.002,0.,0.002,0.,0.,0.,0.,0.,0.,0.002,0.,0.002,,,
665,0.,0.,0.,0.,0.,0.,0.001,0.,0.001,0.,0.,0.,0.002,0.,0.002,0.,0.,0.,0.,0.,0.,0.002,0.,0.002,,,
670,0.,0.,0.,0.,0.,0.,0.001,0.,0.001,0.,0.,0.,0.002,0.,0.002,0.,0.,0.,0.,0.,0.,0.002,0.,0.002,,,
675,0.,0.,0.,0.,0.,0.,0.001,0.,0.001,0.,0.,0.,0.002,0.,0.002,0.,0.,0.,0.,0.,0.,0.002,0.,0.002,,,
680,0.,0.,0.,0.,0.,0.,0.001,0.,0.001,0.,0.,0.,0.002,0.,0.002,0.,0.,0.,0.,0.,0.,0.002,0.,0.002,,,
685,0.,0.,0.,0.,0.,0.,0.001,0.,0.001,0.,0.,0.,0.002,0.,0.002,0.,0.,0.,0.,0.,0.,0.002,0.,0.002,,,
690,0.,0.,0.,0.,0.,0.,0.001,0.,0.001,0.,0.,0.,0.002,0.,0.002,0.,0.,0.,0.,0.,0.,0.002,0.,0.002,,,
695,0.,0.,0.,0.,0.,0.,0.001,0.,0.001,0.,0.,0.,0.002,0.,0.002,0.,0.,0.,0.,0.,0.,0.002,0.,0.002,,,
700,0.,0.,0.,0.,0.,0.,0.001,0.,0.001,0.,0.,0.,0.002,0.,0.002,0.,0.,0.,0.,0.,0.,0.002,0.,0.002,,,
705,0.,0.,0.,0.,0.,0.,0.001,0.,0.001,0.,0.,0.,0.002,0.,0.002,0.,0.,0.,0.,0.,0.,0.002,0.,0.002,,,
710,0.,0.,0.,0.,0.,0.,0.001,0.,0.001,0.,0.,0.,0.002,0.,0.002,0.,0.,0.,0.,0.,0.,0.002,0.,0.002,,,
715,0.,0.,0.,0.001,0.,0.001,0.001,0.,0.001,0.,0.,0.,0.002,0.,0.002,0.,0.,0.,0.,0.,0.,0.002,0.,0.002,,,
720,0.,0.,0.,0.001,0.,0.001,0.001,0.,0.001,0.,0.,0.,0.002,0.,0.002,0.,0.,0.,0.,0.,0.,0.002,0.,0.002,,,
725,0.,0.,0.,0.001,0.,0.001,0.001,0.,0.001,0.,0.,0.,0.002,0.,0.002,0.,0.,0.,0.,0.,0.,0.002,0.,0.002,,,
730,0.,0.,0.,0.001,0.,0.001,0.001,0.,0.001,0.,0.,0.,0.002,0.,0.002,0.,0.,0.,0.,0.,0.,0.002,0.,0.002,,,
735,0.,0.,0.,0.001,0.,0.001,0.001,0.,0.001,0.,0.,0.,0.002,0.,0.002,0.,0.,0.,0.,0.,0.,0.002,0.,0.002,,,
740,0.,0.,0.,0.001,0.,0.001,0.001,0.,0.001,0.,0.,0.,0.002,0.,0.002,0.,0.,0.,0.,0.,0.,0.002,0.,0.002,,,
745,0.,0.,0.,0.001,0.,0.001,0.001,0.,0.001,0.,0.,0.,0.002,0.,0.002,0.,0.,0.,0.,0.,0.,0.002,0.,0.002,,,
750,0.,0.,0.,0.001,0.,0.001,0.001,0.,0.001,0.,0.,0.,0.002,0.,0.002,0.,0.,0.,0.,0.,0.,0.002,0.,0.002,,,
755,0.,0.,0.,0.001,0.,0.001,0.001,0.,0.001,0.,0.,0.,0.002,0.,0.002,0.,0.,0.,0.,0.,0.,0.002,0.,0.002,,,
760,0.,0.,0.,0.001,0.,0.001,0.001,0.,0.001,0.,0.,0.,0.002,0.,0.002,0.,0.,0.,0.,0.,0.,0.002,0.,0.002,,,
765,0.,0.,0.,0.001,0.,0.001,0.001,0.,0.001,0.,0.,0.,0.002,0.,0.002,0.,0.,0.,0.,0.,0.,0.002,0.,0.002,,,
770,0.,0.,0.,0.001,0.,0.001,0.001,0.,0.001,0.,0.,0.,0.002,0.,0.002,0.,0.,0.,0.,0.,0.,0.002,0.,0.002,,,
775,0.002,0.,0.002,0.001,0.,0.001,0.001,0.,0.001,0.,0.,0.,0.003,0.,0.003,0.,0.,0.,0.,0.,0.,0.004,0.,0.004,,,
780,0.,0.,0.,0.001,0.,0.001,0.001,0.,0.001,0.,0.,0.,0.002,0.,0.002,0.,0.,0.,0.,0.,0.,0.002,0.,0.002,,,
785,0.,0.,0.,0.001,0.,0.001,0.001,0.001,0.,0.,0.,0.,0.002,0.002,0.,0.,0.,0.,0.,0.,0.,0.002,0.002,0.,,,
790,0.,0.,0.,0.001,0.,0.001,0.001,0.,0.001,0.,0.,0.,0.002,0.,0.002,0.,0.,0.,0.,0.,0.,0.002,0.,0.002,,,
795,0.,0.,0.,0.001,0.,0.001,0.001,0.,0.001,0.,0.,0.,0.002,0.,0.002,0.,0.,0.,0.,0.,0.,0.002,0.,0.002,,,
800,0.,0.,0.,0.001,0.,0.001,0.001,0.,0.001,0.,0.,0.,0.002,0.,0.002,0.,0.,0.,0.,0.,0.,0.005,0.,0.005,,,
805,0.,0.,0.,0.001,0.,0.001,0.001,0.,0.001,0.,0.,0.,0.002,0.,0.002,0.,0.,0.,0.,0.,0.,0.002,0.,0.002,,,
810,0.,0.,0.,0.001,0.,0.001,0.001,0.,0.001,0.,0.,0.,0.002,0.,0.002,0.,0.,0.,0.,0.,0.,0.002,0.,0.002,,,
815,0.,0.,0.,0.001,0.,0.001,0.001,0.,0.001,0.,0.,0.,0.002,0.,0.002,0.,0.,0.,0.,0.,0.,0.002,0.,0.002,,,
820,0.,0.,0.,0.001,0.,0.001,0.001,0.,0.001,0.,0.,0.,0.002,0.,0.002,0.,0.,0.,0.,0.,0.,0.002,0.,0.002,,,
825,0.,0.,0.,0.001,0.,0.001,0.001,0.,0.001,0.,0.,0.,0.002,0.,0.002,0.,0.,0.,0.,0.,0.,0.002,0.,0.002,,,
830,0.,0.,0.,0.001,0.,0.001,0.001,0.,0.001,0.,0.,0.,0.002,0.,0.002,0.,0.,0.,0.,0.,0.,0.002,0.,0.002,,,
835,0.,0.,0.,0.001,0.,0.001,0.001,0.,0.001,0.,0.,0.,0.002,0.,0.002,0.,0.,0.,0.,0.,0.,0.002,0.,0.002,,,
840,0.,0.,0.,0.001,0.,0.001,0.001,0.,0.001,0.,0.,0.,0.002,0.,0.002,0.,0.,0.,0.,0.,0.,0.002,0.,0.002,,,
845,0.,0.,0.,0.001,0.,0.001,0.001,0.,0.001,0.,0.,0.,0.002,0.,0.002,0.,0.,0.,0.,0.,0.,0.003,0.,0.003,,,
850,0.,0.,0.,0.001,0.,0.001,0.001,0.,0.001,0.,0.,0.,0.002,0.,0.002,0.,0.,0.,0.,0.,0.,0.003,0.,0.003,,,
855,0.,0.,0.,0.001,0.,0.001,0.001,0.,0.001,0.,0.,0.,0.002,0.,0.002,0.,0.,0.,0.,0.,0.,0.003,0.,0.003,,,
860,0.,0.,0.,0.001,0.,0.001,0.001,0.,0.001,0.,0.,0.,0.002,0.,0.002,0.,0.,0.,0.,0.,0.,0.003,0.,0.003,,,
865,0.,0.,0.,0.001,0.,0.001,0.001,0.,0.001,0.,0.,0.,0.002,0.,0.002,0.,0.,0.,0.,0.,0.,0.003,0.,0.003,,,
870,0.,0.,0.,0.001,0.,0.001,0.001,0.,0.001,0.,0.,0.,0.002,0.,0.002,0.,0.,0.,0.,0.,0.,0.003,0.,0.003,,,
875,0.,0.,0.,0.001,0.,0.001,0.001,0.,0.001,0.,0.,0.,0.002,0.,0.002,0.,0.,0.,0.,0.,0.,0.003,0.,0.003,,,
880,0.,0.,0.,0.001,0.,0.001,0.001,0.,0.001,0.,0.,0.,0.002,0.,0.002,0.,0.,0.,0.,0.,0.,0.003,0.,0.003,,,
885,0.001,0.,0.001,0.001,0.,0.001,0.001,0.,0.001,0.,0.,0.,0.002,0.,0.002,0.,0.,0.,0.,0.,0.,0.003,0.,0.003,,,
890,0.001,0.,0.001,0.001,0.,0.001,0.001,0.,0.001,0.,0.,0.,0.002,0.,0.002,0.,0.,0.,0.,0.,0.,0.003,0.,0.003,,,
895,0.001,0.,0.001,0.001,0.,0.001,0.001,0.,0.001,0.,0.,0.,0.002,0.,0.002,0.,0.,0.,0.,0.,0.,0.003,0.,0.003,,,
900,0.001,0.,0.001,0.001,0.,0.001,0.001,0.,0.001,0.002,0.,0.002,0.002,0.,0.002,0.,0.,0.,0.,0.,0.,0.005,0.,0.005,,,
905,0.001,0.,0.001,0.001,0.,0.001,0.001,0.,0.001,0.,0.,0.,0.002,0.,0.002,0.,0.,0.,0.,0.,0.,0.003,0.,0.003,,,
910,0.001,0.,0.001,0.001,0.,0.001,0.001,0.,0.001,0.,0.,0.,0.002,0.,0.002,0.,0.,0.,0.,0.,0.,0.003,0.,0.003,,,
915,0.001,0.,0.001,0.001,0.,0.001,0.001,0.,0.001,0.,0.,0.,0.002,0.,0.002,0.,0.,0.,0.,0.,0.,0.003,0.,0.003,,,
920,0.001,0.,0.001,0.001,0.,0.001,0.001,0.,0.001,0.,0.,0.,0.002,0.,0.002,0.,0.,0.,0.,0.,0.,0.003,0.,0.003,,,
925,0.002,0.,0.002,0.001,0.,0.001,0.001,0.,0.001,0.,0.,0.,0.004,0.,0.004,0.,0.,0.,0.,0.,0.,0.004,0.,0.004,,,
930,0.001,0.,0.001,0.001,0.,0.001,0.001,0.,0.001,0.,0.,0.,0.002,0.,0.002,0.,0.,0.,0.,0.,0.,0.003,0.,0.003,,,
935,0.001,0.,0.001,0.001,0.,0.001,0.001,0.,0.001,0.,0.,0.,0.002,0.,0.002,0.,0.,0.,0.,0.,0.,0.003,0.,0.003,,,
940,0.001,0.,0.001,0.001,0.,0.001,0.001,0.,0.001,0.,0.,0.,0.002,0.,0.002,0.,0.,0.,0.,0.,0.,0.003,0.,0.003,,,
945,0.001,0.,0.001,0.001,0.,0.001,0.001,0.,0.001,0.,0.,0.,0.002,0.,0.002,0.,0.,0.,0.,0.,0.,0.003,0.,0.003,,,
950,0.001,0.,0.001,0.001,0.,0.001,0.001,0.,0.001,0.,0.,0.,0.002,0.,0.002,0.,0.,0.,0.,0.,0.,0.003,0.,0.003,,,
955,0.001,0.,0.001,0.001,0.,0.001,0.001,0.,0.001,0.,0.,0.,0.002,0.,0.002,0.,0.,0.,0.,0.,0.,0.003,0.,0.003,,,
960,0.001,0.,0.001,0.001,0.,0.001,0.001,0.,0.001,0.,0.,0.,0.002,0.,0.002,0.,0.,0.,0.,0.,0.,0.003,0.,0.003,,,
965,0.001,0.,0.001,0.001,0.,0.001,0.001,0.,0.001,0.,0.,0.,0.002,0.,0.002,0.,0.,0.,0.,0.,0.,0.003,0.,0.003,,,
970,0.001,0.,0.001,0.001,0.,0.001,0.003,0.,0.003,0.,0.,0.,0.004,0.,0.004,0.,0.,0.,0.,0.,0.,0.004,0.,0.004,,,
975,0.001,0.,0.001,0.001,0.,0.001,0.001,0.,0.001,0.,0.,0.,0.003,0.,0.003,0.,0.,0.,0.,0.,0.,0.003,0.,0.003,,,
980,0.001,0.,0.001,0.001,0.,0.001,0.001,0.,0.001,0.,0.,0.,0.003,0.,0.003,0.,0.,0.,0.,0.,0.,0.003,0.,0.003,,,
985,0.001,0.,0.001,0.001,0.,0.001,0.001,0.,0.001,0.,0.,0.,0.002,0.,0.002,0.,0.,0.,0.,0.,0.,0.003,0.,0.003,,,
990,0.001,0.,0.001,0.001,0.,0.001,0.001,0.,0.001,0.,0.,0.,0.003,0.,0.003,0.,0.,0.,0.,0.,0.,0.003,0.,0.003,,,
995,0.001,0.,0.001,0.001,0.,0.001,0.001,0.,0.001,0.,0.,0.,0.003,0.,0.003,0.,0.,0.,0.,0.,0.,0.003,0.,0.003,,,
1000,0.001,0.,0.001,0.001,0.,0.001,0.001,0.,0.001,0.,0.,0.,0.003,0.,0.003,0.,0.,0.,0.,0.,0.,0.003,0.,0.003,,,
1010,0.001,0.,0.001,0.001,0.,0.001,0.002,0.,0.002,0.,0.,0.,0.003,0.,0.003,0.,0.,0.,0.,0.,0.,0.004,0.,0.004,,,
1020,0.001,0.,0.001,0.001,0.,0.001,0.039,0.003,0.035,0.,0.,0.,0.04,0.003,0.037,0.,0.,0.,0.,0.,0.,0.041,0.003,0.037,,,
1030,0.001,0.,0.,0.001,0.,0.001,0.001,0.,0.001,0.,0.,0.,0.003,0.,0.002,0.,0.,0.,0.,0.,0.,0.003,0.,0.003,,,
1040,0.001,0.,0.001,0.001,0.,0.001,0.001,0.,0.001,0.,0.,0.,0.003,0.,0.003,0.,0.,0.,0.,0.,0.,0.003,0.,0.003,,,
1050,0.001,0.,0.001,0.001,0.,0.001,0.001,0.,0.001,0.,0.,0.,0.003,0.,0.003,0.,0.,0.,0.,0.,0.,0.003,0.,0.003,,,
1060,0.001,0.,0.001,0.001,0.,0.001,0.001,0.,0.001,0.003,0.,0.003,0.003,0.,0.003,0.,0.,0.,0.,0.,0.,0.006,0.,0.006,,,
1070,0.001,0.,0.001,0.001,0.,0.001,0.001,0.,0.001,0.,0.,0.,0.003,0.,0.003,0.,0.,0.,0.,0.,0.,0.003,0.,0.003,,,
1080,0.001,0.,0.001,0.001,0.,0.001,0.001,0.,0.001,0.,0.,0.,0.003,0.,0.003,0.,0.,0.,0.,0.,0.,0.003,0.,0.003,,,
1090,0.001,0.,0.001,0.001,0.,0.001,0.001,0.,0.001,0.,0.,0.,0.003,0.,0.003,0.,0.,0.,0.,0.,0.,0.003,0.,0.003,,,
1100,0.001,0.,0.001,0.001,0.,0.001,0.006,0.,0.006,0.,0.,0.,0.007,0.,0.007,0.,0.,0.,0.,0.,0.,0.008,0.,0.008,,,
1110,0.001,0.,0.001,0.001,0.,0.001,0.001,0.,0.001,0.,0.,0.,0.003,0.,0.003,0.,0.,0.,0.,0.,0.,0.003,0.,0.003,,,
1120,0.001,0.,0.001,0.001,0.,0.001,0.002,0.,0.002,0.,0.,0.,0.003,0.,0.003,0.,0.,0.,0.,0.,0.,0.003,0.,0.003,,,
1130,0.001,0.,0.001,0.001,0.,0.001,0.002,0.,0.002,0.,0.,0.,0.003,0.,0.003,0.,0.,0.,0.,0.,0.,0.003,0.,0.003,,,
1140,0.001,0.,0.001,0.001,0.,0.001,0.004,0.,0.004,0.,0.,0.,0.005,0.,0.005,0.,0.,0.,0.,0.,0.,0.006,0.,0.006,,,
1150,0.001,0.,0.001,0.001,0.,0.001,0.002,0.,0.002,0.,0.,0.,0.003,0.,0.003,0.,0.,0.,0.,0.,0.,0.003,0.,0.003,,,
1160,0.001,0.,0.001,0.001,0.,0.001,0.002,0.,0.002,0.,0.,0.,0.003,0.,0.003,0.,0.,0.,0.,0.,0.,0.003,0.,0.003,,,
1170,0.001,0.,0.001,0.001,0.,0.001,0.002,0.,0.002,0.,0.,0.,0.003,0.,0.003,0.,0.,0.,0.,0.,0.,0.003,0.,0.003,,,
1180,0.001,0.,0.001,0.007,0.,0.007,0.002,0.,0.002,0.,0.,0.,0.003,0.,0.003,0.,0.,0.,0.,0.,0.,0.003,0.,0.003,,,
1190,0.001,0.,0.001,0.001,0.,0.001,0.002,0.,0.002,0.,0.,0.,0.003,0.,0.003,0.,0.,0.,0.,0.,0.,0.004,0.,0.004,,,
1200,0.001,0.,0.001,0.001,0.,0.001,0.002,0.,0.002,0.,0.,0.,0.003,0.,0.003,0.,0.,0.,0.,0.,0.,0.004,0.,0.004,,,
1210,0.001,0.,0.001,0.001,0.,0.001,0.002,0.,0.002,0.,0.,0.,0.003,0.,0.003,0.,0.,0.,0.,0.,0.,0.004,0.,0.004,,,
1220,0.001,0.,0.001,0.001,0.,0.001,0.002,0.002,0.,0.,0.,0.,0.003,0.002,0.001,0.,0.,0.,0.,0.,0.,0.004,0.002,0.001,,,
1230,0.001,0.,0.001,0.001,0.,0.001,0.002,0.,0.002,0.,0.,0.,0.003,0.,0.003,0.,0.,0.,0.,0.,0.,0.004,0.,0.004,,,
1240,0.001,0.,0.001,0.001,0.,0.001,0.002,0.,0.002,0.,0.,0.,0.003,0.,0.003,0.,0.,0.,0.,0.,0.,0.004,0.,0.004,,,
1250,0.005,0.,0.005,0.001,0.,0.001,0.002,0.,0.002,0.,0.,0.,0.007,0.,0.007,0.,0.,0.,0.,0.,0.,0.007,0.,0.007,,,
1260,0.001,0.,0.001,0.001,0.,0.001,0.002,0.,0.002,0.,0.,0.,0.003,0.,0.003,0.,0.,0.,0.,0.,0.,0.004,0.,0.004,,,
1270,0.001,0.,0.001,0.001,0.,0.001,0.002,0.,0.002,0.,0.,0.,0.003,0.,0.003,0.,0.,0.,0.,0.,0.,0.004,0.,0.004,,,
1280,0.001,0.,0.001,0.001,0.,0.001,0.002,0.,0.002,0.,0.,0.,0.003,0.,0.003,0.,0.,0.,0.,0.,0.,0.004,0.,0.004,,,
1290,0.001,0.,0.001,0.001,0.,0.001,0.002,0.,0.002,0.,0.,0.,0.003,0.,0.003,0.,0.,0.,0.,0.,0.,0.004,0.,0.004,,,
1300,0.001,0.001,0.,0.001,0.,0.001,0.002,0.002,0.,0.,0.,0.,0.003,0.003,0.,0.,0.,0.,0.,0.,0.,0.004,0.003,0.,,,
1310,0.001,0.,0.001,0.001,0.,0.001,0.002,0.,0.002,0.,0.,0.,0.003,0.,0.003,0.,0.,0.,0.,0.,0.,0.004,0.,0.004,,,
1320,0.001,0.,0.001,0.003,0.,0.003,0.002,0.,0.002,0.,0.,0.,0.003,0.,0.003,0.,0.,0.,0.,0.,0.,0.004,0.,0.004,,,
1330,0.001,0.,0.001,0.001,0.,0.001,0.002,0.,0.002,0.,0.,0.,0.003,0.,0.003,0.,0.,0.,0.,0.,0.,0.004,0.,0.004,,,
1340,0.001,0.,0.001,0.001,0.,0.001,0.002,0.,0.002,0.,0.,0.,0.003,0.,0.003,0.,0.,0.,0.,0.,0.,0.004,0.,0.004,,,
1350,0.003,0.,0.003,0.001,0.,0.001,0.002,0.,0.002,0.,0.,0.,0.005,0.,0.005,0.,0.,0.,0.,0.,0.,0.006,0.,0.006,,,
1360,0.001,0.,0.001,0.001,0.,0.001,0.002,0.,0.002,0.,0.,0.,0.004,0.,0.004,0.,0.,0.,0.,0.,0.,0.004,0.,0.004,,,
1370,0.001,0.,0.001,0.001,0.,0.001,0.002,0.,0.002,0.,0.,0.,0.004,0.,0.004,0.,0.,0.,0.,0.,0.,0.004,0.,0.004,,,
1380,0.001,0.,0.001,0.001,0.,0.001,0.007,0.,0.007,0.,0.,0.,0.008,0.,0.008,0.,0.,0.,0.,0.,0.,0.009,0.,0.009,,,
1390,0.001,0.,0.001,0.001,0.,0.001,0.002,0.,0.002,0.,0.,0.,0.004,0.,0.004,0.,0.,0.,0.,0.,0.,0.004,0.,0.004,,,
1400,0.001,0.,0.001,0.001,0.,0.001,0.002,0.,0.002,0.,0.,0.,0.004,0.,0.004,0.,0.,0.,0.,0.,0.,0.004,0.,0.004,,,
1410,0.001,0.,0.001,0.001,0.,0.001,0.004,0.,0.004,0.,0.,0.,0.006,0.,0.006,0.,0.,0.,0.,0.,0.,0.007,0.,0.007,,,
1420,0.001,0.,0.001,0.001,0.,0.001,0.002,0.,0.002,0.,0.,0.,0.004,0.,0.004,0.,0.,0.,0.,0.,0.,0.004,0.,0.004,,,
1430,0.001,0.,0.001,0.001,0.,0.001,0.002,0.,0.002,0.,0.,0.,0.004,0.,0.004,0.,0.,0.,0.,0.,0.,0.004,0.,0.004,,,
1440,0.001,0.,0.001,0.001,0.,0.001,0.002,0.,0.002,0.007,0.,0.007,0.004,0.,0.004,0.,0.,0.,0.,0.,0.,0.011,0.,0.011,,,
1450,0.001,0.,0.001,0.001,0.,0.001,0.002,0.,0.002,0.,0.,0.,0.004,0.,0.004,0.,0.,0.,0.,0.,0.,0.004,0.,0.004,,,
1460,0.001,0.,0.001,0.001,0.,0.001,0.002,0.,0.002,0.,0.,0.,0.004,0.,0.004,0.,0.,0.,0.,0.,0.,0.004,0.,0.004,,,
1470,0.001,0.,0.001,0.001,0.,0.001,0.005,0.,0.005,0.,0.,0.,0.007,0.,0.007,0.,0.,0.,0.,0.,0.,0.008,0.,0.008,,,
1480,0.001,0.,0.001,0.001,0.,0.001,0.002,0.,0.002,0.,0.,0.,0.004,0.,0.004,0.,0.,0.,0.,0.,0.,0.004,0.,0.004,,,
1490,0.001,0.,0.001,0.001,0.,0.001,0.002,0.,0.002,0.,0.,0.,0.004,0.,0.004,0.,0.,0.,0.,0.,0.,0.004,0.,0.004,,,
1500,0.001,0.,0.001,0.001,0.,0.001,0.011,0.,0.011,0.,0.,0.,0.012,0.,0.012,0.,0.,0.,0.,0.,0.,0.013,0.,0.013,,,
1510,0.001,0.,0.001,0.001,0.,0.001,0.002,0.,0.002,0.,0.,0.,0.004,0.,0.004,0.,0.,0.,0.,0.,0.,0.005,0.,0.005,,,
1520,0.001,0.,0.001,0.001,0.,0.001,0.002,0.,0.002,0.,0.,0.,0.004,0.,0.004,0.,0.,0.,0.,0.,0.,0.005,0.,0.005,,,
1530,0.001,0.,0.001,0.002,0.,0.002,0.004,0.,0.004,0.,0.,0.,0.006,0.,0.006,0.,0.,0.,0.,0.,0.,0.006,0.,0.006,,,
1540,0.001,0.,0.001,0.002,0.,0.002,0.002,0.,0.002,0.,0.,0.,0.004,0.,0.004,0.,0.,0.,0.,0.,0.,0.005,0.,0.005,,,
1550,0.001,0.,0.001,0.001,0.,0.001,0.002,0.,0.002,0.,0.,0.,0.004,0.,0.004,0.,0.,0.,0.,0.,0.,0.005,0.,0.005,,,
1560,0.005,0.,0.005,0.002,0.,0.002,0.002,0.,0.002,0.,0.,0.,0.008,0.,0.008,0.,0.,0.,0.,0.,0.,0.009,0.,0.009,,,
1570,0.001,0.,0.001,0.002,0.,0.002,0.002,0.,0.002,0.,0.,0.,0.004,0.,0.004,0.,0.,0.,0.,0.,0.,0.005,0.,0.005,,,
1580,0.001,0.,0.001,0.002,0.,0.002,0.002,0.,0.002,0.,0.,0.,0.004,0.,0.004,0.,0.,0.,0.,0.,0.,0.005,0.,0.005,,,
1590,0.001,0.,0.001,0.002,0.,0.002,0.002,0.,0.002,0.,0.,0.,0.004,0.,0.004,0.,0.,0.,0.,0.,0.,0.005,0.,0.005,,,
1600,0.001,0.,0.001,0.002,0.,0.002,0.002,0.,0.002,0.,0.,0.,0.004,0.,0.004,0.,0.,0.,0.,0.,0.,0.005,0.,0.005,,,
1610,0.001,0.,0.001,0.002,0.,0.002,0.002,0.,0.002,0.,0.,0.,0.004,0.,0.004,0.,0.,0.,0.,0.,0.,0.005,0.,0.005,,,
1620,0.001,0.,0.001,0.002,0.,0.002,0.002,0.,0.002,0.,0.,0.,0.004,0.,0.004,0.,0.,0.,0.,0.,0.,0.005,0.,0.005,,,
1630,0.001,0.,0.001,0.002,0.,0.002,0.002,0.,0.002,0.,0.,0.,0.004,0.,0.004,0.,0.,0.,0.,0.,0.,0.005,0.,0.005,,,
1640,0.001,0.,0.001,0.002,0.,0.002,0.004,0.,0.004,0.,0.,0.,0.006,0.,0.006,0.,0.,0.,0.,0.,0.,0.007,0.,0.007,,,
1650,0.001,0.,0.001,0.002,0.,0.002,0.002,0.,0.002,0.,0.,0.,0.004,0.,0.004,0.,0.,0.,0.,0.,0.,0.005,0.,0.005,,,
1660,0.001,0.,0.001,0.002,0.,0.002,0.002,0.,0.002,0.,0.,0.,0.004,0.,0.004,0.,0.,0.,0.,0.,0.,0.005,0.,0.005,,,
1670,0.001,0.,0.001,0.006,0.,0.006,0.002,0.,0.002,0.,0.,0.,0.004,0.,0.004,0.,0.,0.,0.,0.,0.,0.005,0.,0.005,,,
1680,0.001,0.,0.001,0.002,0.,0.002,0.002,0.,0.002,0.,0.,0.,0.004,0.,0.004,0.,0.,0.,0.,0.,0.,0.005,0.,0.005,,,
1690,0.001,0.,0.001,0.002,0.,0.002,0.003,0.,0.003,0.,0.,0.,0.004,0.,0.004,0.,0.,0.,0.,0.,0.,0.005,0.,0.005,,,
1700,0.001,0.,0.001,0.002,0.,0.002,0.003,0.,0.003,0.,0.,0.,0.005,0.,0.005,0.,0.,0.,0.,0.,0.,0.005,0.,0.005,,,
1710,0.001,0.,0.001,0.002,0.,0.002,0.003,0.,0.003,0.,0.,0.,0.005,0.,0.005,0.,0.,0.,0.,0.,0.,0.005,0.,0.005,,,
1720,0.001,0.,0.001,0.008,0.,0.008,0.003,0.,0.003,0.,0.,0.,0.005,0.,0.005,0.,0.,0.,0.,0.,0.,0.005,0.,0.005,,,
1730,0.001,0.,0.001,0.002,0.,0.002,0.003,0.,0.003,0.,0.,0.,0.005,0.,0.005,0.,0.,0.,0.,0.,0.,0.005,0.,0.005,,,
1740,0.001,0.,0.001,0.002,0.,0.002,0.003,0.,0.003,0.,0.,0.,0.005,0.,0.005,0.,0.,0.,0.,0.,0.,0.005,0.,0.005,,,
1750,0.001,0.,0.001,0.002,0.,0.002,0.003,0.,0.003,0.,0.,0.,0.005,0.,0.005,0.,0.,0.,0.,0.,0.,0.005,0.,0.005,,,
1760,0.001,0.,0.001,0.002,0.,0.002,0.003,0.,0.003,0.,0.,0.,0.005,0.,0.005,0.,0.,0.,0.,0.,0.,0.005,0.,0.005,,,
1770,0.004,0.,0.004,0.002,0.,0.002,0.003,0.,0.003,0.,0.,0.,0.007,0.,0.007,0.,0.,0.,0.,0.,0.,0.008,0.,0.008,,,
1780,0.002,0.,0.002,0.002,0.,0.002,0.003,0.,0.003,0.,0.,0.,0.005,0.,0.005,0.,0.,0.,0.,0.,0.,0.005,0.,0.005,,,
1790,0.002,0.,0.002,0.002,0.,0.002,0.003,0.,0.003,0.,0.,0.,0.005,0.,0.005,0.,0.,0.,0.,0.,0.,0.005,0.,0.005,,,
1800,0.001,0.,0.001,0.002,0.,0.002,0.003,0.,0.003,0.,0.,0.,0.005,0.,0.005,0.,0.,0.,0.,0.,0.,0.006,0.,0.006,,,
1810,0.002,0.,0.002,0.002,0.,0.002,0.003,0.,0.003,0.,0.,0.,0.005,0.,0.005,0.,0.,0.,0.,0.,0.,0.005,0.,0.005,,,
1820,0.002,0.,0.002,0.004,0.,0.004,0.003,0.,0.003,0.,0.,0.,0.005,0.,0.005,0.,0.,0.,0.,0.,0.,0.006,0.,0.006,,,
1830,0.002,0.,0.002,0.002,0.,0.002,0.003,0.,0.003,0.,0.,0.,0.005,0.,0.005,0.,0.,0.,0.,0.,0.,0.006,0.,0.006,,,
1840,0.002,0.,0.002,0.002,0.,0.002,0.005,0.,0.005,0.,0.,0.,0.008,0.,0.008,0.,0.,0.,0.,0.,0.,0.008,0.,0.008,,,
1850,0.002,0.,0.002,0.002,0.,0.002,0.003,0.,0.003,0.,0.,0.,0.005,0.,0.005,0.,0.,0.,0.,0.,0.,0.006,0.,0.006,,,
1860,0.002,0.,0.002,0.002,0.,0.002,0.003,0.,0.003,0.,0.,0.,0.005,0.,0.005,0.,0.,0.,0.,0.,0.,0.006,0.,0.006,,,
1870,0.002,0.,0.002,0.002,0.,0.002,0.003,0.,0.003,0.,0.,0.,0.005,0.,0.005,0.,0.,0.,0.,0.,0.,0.006,0.,0.006,,,
1880,0.002,0.,0.002,0.002,0.,0.002,0.003,0.,0.003,0.,0.,0.,0.005,0.,0.005,0.,0.,0.,0.,0.,0.,0.006,0.,0.006,,,
1890,0.002,0.,0.002,0.004,0.,0.004,0.003,0.,0.003,0.,0.,0.,0.005,0.,0.005,0.,0.,0.,0.,0.,0.,0.006,0.,0.006,,,
1900,0.002,0.,0.002,0.002,0.,0.002,0.003,0.,0.003,0.,0.,0.,0.005,0.,0.005,0.,0.,0.,0.,0.,0.,0.006,0.,0.006,,,
1910,0.002,0.,0.002,0.002,0.,0.002,0.007,0.,0.007,0.,0.,0.,0.009,0.,0.009,0.,0.,0.,0.,0.,0.,0.01,0.,0.01,,,
1920,0.002,0.,0.002,0.002,0.,0.002,0.003,0.,0.003,0.,0.,0.,0.005,0.,0.005,0.,0.,0.,0.,0.,0.,0.006,0.,0.006,,,
1930,0.002,0.,0.002,0.002,0.,0.002,0.003,0.,0.003,0.,0.,0.,0.005,0.,0.005,0.,0.,0.,0.,0.,0.,0.006,0.,0.006,,,
1940,0.002,0.,0.002,0.002,0.,0.002,0.003,0.,0.003,0.,0.,0.,0.005,0.,0.005,0.,0.,0.,0.,0.,0.,0.006,0.,0.006,,,
1950,0.002,0.,0.002,0.002,0.,0.002,0.003,0.,0.003,0.,0.,0.,0.005,0.,0.005,0.,0.,0.,0.,0.,0.,0.006,0.,0.006,,,
1960,0.002,0.,0.002,0.004,0.,0.004,0.003,0.,0.003,0.,0.,0.,0.005,0.,0.005,0.,0.,0.,0.,0.,0.,0.006,0.,0.006,,,
1970,0.003,0.,0.003,0.004,0.,0.004,0.004,0.,0.004,0.,0.,0.,0.007,0.,0.007,0.,0.,0.,0.,0.,0.,0.008,0.,0.008,,,
1980,0.003,0.,0.003,0.002,0.,0.002,0.003,0.,0.003,0.,0.,0.,0.007,0.,0.007,0.,0.,0.,0.,0.,0.,0.007,0.,0.007,,,
1990,0.002,0.,0.002,0.002,0.,0.002,0.003,0.,0.003,0.,0.,0.,0.005,0.,0.005,0.,0.,0.,0.,0.,0.,0.006,0.,0.006,,,
2000,0.002,0.,0.002,0.002,0.,0.002,0.007,0.,0.007,0.,0.,0.,0.009,0.,0.009,0.,0.,0.,0.,0.,0.,0.01,0.,0.01,,,
2050,0.002,0.,0.002,0.002,0.,0.002,0.003,0.,0.003,0.,0.,0.,0.005,0.,0.005,0.,0.,0.,0.,0.,0.,0.006,0.,0.006,,,
2100,0.002,0.,0.002,0.002,0.,0.002,0.003,0.,0.003,0.002,0.,0.002,0.006,0.,0.006,0.,0.,0.,0.,0.,0.,0.009,0.,0.009,,,
2150,0.002,0.,0.002,0.002,0.,0.002,0.003,0.,0.003,0.,0.,0.,0.006,0.,0.006,0.,0.,0.,0.,0.,0.,0.007,0.,0.007,,,
2200,0.002,0.,0.002,0.002,0.,0.002,0.003,0.,0.003,0.007,0.,0.007,0.006,0.,0.006,0.,0.,0.,0.,0.,0.,0.013,0.,0.013,,,
2250,0.002,0.,0.002,0.002,0.,0.002,0.003,0.,0.003,0.,0.,0.,0.006,0.,0.006,0.,0.,0.,0.,0.,0.,0.007,0.,0.007,,,
2300,0.002,0.,0.002,0.002,0.,0.002,0.009,0.,0.009,0.,0.,0.,0.011,0.,0.011,0.,0.,0.,0.,0.,0.,0.012,0.,0.012,,,
2350,0.002,0.,0.002,0.003,0.,0.003,0.004,0.,0.004,0.,0.,0.,0.006,0.,0.006,0.,0.,0.,0.,0.,0.,0.007,0.,0.007,,,
2400,0.002,0.,0.002,0.003,0.,0.003,0.012,0.,0.012,0.,0.,0.,0.015,0.,0.015,0.,0.,0.,0.,0.,0.,0.016,0.,0.016,,,
2450,0.002,0.,0.002,0.003,0.,0.003,0.004,0.,0.004,0.,0.,0.,0.007,0.,0.007,0.,0.,0.,0.,0.,0.,0.008,0.,0.008,,,
2500,0.004,0.,0.004,0.003,0.,0.003,0.004,0.,0.004,0.,0.,0.,0.009,0.,0.009,0.,0.,0.,0.,0.,0.,0.01,0.,0.01,,,
2550,0.002,0.,0.002,0.003,0.,0.003,0.004,0.,0.004,0.,0.,0.,0.007,0.,0.007,0.,0.,0.,0.,0.,0.,0.008,0.,0.007,,,
2600,0.002,0.,0.002,0.003,0.,0.003,0.004,0.,0.004,0.,0.,0.,0.007,0.,0.007,0.,0.,0.,0.,0.,0.,0.008,0.,0.008,,,
2650,0.002,0.,0.002,0.003,0.,0.003,0.004,0.,0.004,0.,0.,0.,0.007,0.,0.007,0.,0.,0.,0.,0.,0.,0.008,0.,0.008,,,
2700,0.002,0.,0.002,0.003,0.,0.003,0.004,0.,0.004,0.,0.,0.,0.007,0.,0.007,0.,0.,0.,0.,0.,0.,0.008,0.,0.008,,,
2750,0.002,0.,0.002,0.003,0.,0.003,0.004,0.,0.004,0.,0.,0.,0.007,0.,0.007,0.,0.,0.,0.,0.,0.,0.008,0.,0.008,,,
2800,0.003,0.,0.003,0.003,0.,0.003,0.005,0.,0.005,0.,0.,0.,0.008,0.,0.008,0.,0.,0.,0.,0.,0.,0.009,0.,0.009,,,
2850,0.003,0.,0.003,0.003,0.,0.003,0.005,0.,0.005,0.001,0.,0.001,0.008,0.,0.008,0.,0.,0.,0.,0.,0.,0.009,0.,0.009,,,
2900,0.003,0.,0.003,0.003,0.,0.003,0.005,0.,0.005,0.001,0.,0.001,0.009,0.,0.009,0.,0.,0.,0.,0.,0.,0.01,0.,0.01,,,
2950,0.003,0.,0.003,0.003,0.,0.003,0.005,0.,0.005,0.001,0.,0.001,0.008,0.,0.008,0.,0.,0.,0.,0.,0.,0.009,0.,0.009,,,
3000,0.003,0.,0.003,0.003,0.,0.003,0.005,0.,0.005,0.001,0.,0.001,0.008,0.,0.008,0.,0.,0.,0.,0.,0.,0.009,0.,0.009,,,
3050,0.003,0.,0.003,0.003,0.,0.003,0.005,0.,0.005,0.001,0.,0.001,0.009,0.,0.009,0.,0.,0.,0.,0.,0.,0.01,0.,0.01,,,
3100,0.003,0.,0.003,0.003,0.,0.003,0.005,0.,0.005,0.001,0.,0.001,0.009,0.,0.009,0.,0.,0.,0.,0.,0.,0.01,0.,0.01,,,
3150,0.003,0.,0.003,0.004,0.,0.004,0.005,0.,0.005,0.001,0.,0.001,0.009,0.,0.009,0.,0.,0.,0.,0.,0.,0.01,0.,0.01,,,
3200,0.003,0.,0.003,0.004,0.,0.004,0.005,0.,0.005,0.001,0.,0.001,0.009,0.,0.009,0.,0.,0.,0.,0.,0.,0.01,0.,0.01,,,
3250,0.003,0.,0.003,0.004,0.,0.004,0.011,0.,0.011,0.001,0.,0.001,0.015,0.,0.015,0.,0.,0.,0.,0.,0.,0.016,0.,0.016,,,
3300,0.003,0.,0.003,0.004,0.,0.004,0.005,0.,0.005,0.001,0.,0.001,0.009,0.,0.009,0.,0.,0.,0.,0.,0.,0.01,0.,0.01,,,
3350,0.003,0.,0.003,0.004,0.,0.004,0.005,0.,0.005,0.001,0.,0.001,0.009,0.,0.009,0.,0.,0.,0.,0.,0.,0.01,0.,0.01,,,
3400,0.005,0.,0.005,0.004,0.,0.004,0.005,0.,0.005,0.001,0.,0.001,0.011,0.,0.011,0.,0.,0.,0.,0.,0.,0.013,0.,0.013,,,
3450,0.003,0.,0.003,0.004,0.,0.004,0.007,0.,0.007,0.001,0.,0.001,0.01,0.,0.01,0.,0.,0.,0.,0.,0.,0.012,0.,0.012,,,
3500,0.003,0.,0.003,0.004,0.,0.004,0.006,0.,0.006,0.001,0.,0.001,0.01,0.,0.01,0.,0.,0.,0.,0.,0.,0.011,0.,0.011,,,
3550,0.003,0.,0.003,0.004,0.,0.004,0.006,0.,0.006,0.001,0.,0.001,0.01,0.,0.01,0.,0.,0.,0.,0.,0.,0.011,0.,0.011,,,
3600,0.003,0.,0.003,0.005,0.,0.005,0.006,0.,0.006,0.001,0.,0.001,0.01,0.,0.01,0.,0.,0.,0.,0.,0.,0.011,0.,0.011,,,
3650,0.005,0.,0.005,0.004,0.,0.004,0.006,0.,0.006,0.001,0.,0.001,0.012,0.,0.012,0.,0.,0.,0.,0.,0.,0.013,0.,0.013,,,
3700,0.004,0.,0.004,0.004,0.,0.004,0.007,0.,0.007,0.001,0.,0.001,0.011,0.,0.011,0.,0.,0.,0.,0.,0.,0.013,0.,0.013,,,
3750,0.004,0.,0.004,0.004,0.,0.004,0.006,0.,0.006,0.001,0.,0.001,0.011,0.,0.011,0.,0.,0.,0.,0.,0.,0.012,0.,0.012,,,
3800,0.004,0.,0.004,0.004,0.,0.004,0.006,0.,0.006,0.001,0.,0.001,0.011,0.,0.011,0.,0.,0.,0.,0.,0.,0.012,0.,0.012,,,
3850,0.004,0.,0.004,0.005,0.,0.005,0.006,0.,0.006,0.001,0.,0.001,0.011,0.,0.011,0.,0.,0.,0.,0.,0.,0.013,0.,0.013,,,
3900,0.004,0.,0.004,0.005,0.,0.005,0.007,0.,0.007,0.001,0.,0.001,0.011,0.,0.011,0.,0.,0.,0.,0.,0.,0.013,0.,0.013,,,
3950,0.004,0.,0.004,0.006,0.,0.006,0.007,0.,0.007,0.001,0.,0.001,0.011,0.,0.011,0.,0.,0.,0.,0.,0.,0.013,0.,0.013,,,
4000,0.006,0.,0.006,0.005,0.,0.005,0.007,0.,0.007,0.001,0.,0.001,0.013,0.,0.013,0.,0.,0.,0.,0.,0.,0.015,0.,0.015,,,
4050,0.004,0.,0.004,0.005,0.,0.005,0.008,0.,0.008,0.001,0.,0.001,0.012,0.,0.012,0.,0.,0.,0.,0.,0.,0.014,0.,0.014,,,
4100,0.004,0.,0.004,0.005,0.,0.005,0.01,0.,0.01,0.001,0.,0.001,0.015,0.,0.015,0.,0.,0.,0.,0.,0.,0.016,0.,0.016,,,
4150,0.004,0.,0.004,0.005,0.,0.005,0.009,0.,0.009,0.001,0.,0.001,0.013,0.,0.013,0.,0.,0.,0.,0.,0.,0.015,0.,0.015,,,
4200,0.004,0.,0.004,0.005,0.,0.005,0.018,0.003,0.014,0.001,0.,0.001,0.023,0.003,0.019,0.,0.,0.,0.,0.,0.,0.025,0.003,0.021,,,
4250,0.004,0.,0.004,0.005,0.,0.005,0.007,0.,0.007,0.004,0.,0.004,0.012,0.,0.012,0.,0.,0.,0.,0.,0.,0.017,0.,0.017,,,
4300,0.004,0.,0.004,0.005,0.,0.005,0.007,0.,0.007,0.008,0.003,0.004,0.012,0.,0.012,0.,0.,0.,0.,0.,0.,0.021,0.003,0.017,,,
4350,0.004,0.,0.004,0.005,0.,0.005,0.007,0.,0.007,0.001,0.,0.001,0.012,0.,0.012,0.,0.,0.,0.,0.,0.,0.014,0.,0.014,,,
4400,0.004,0.,0.004,0.005,0.,0.005,0.007,0.,0.007,0.001,0.,0.001,0.012,0.,0.012,0.,0.,0.,0.,0.,0.,0.014,0.,0.014,,,
4450,0.004,0.,0.004,0.005,0.,0.005,0.008,0.,0.008,0.001,0.,0.001,0.013,0.,0.013,0.,0.,0.,0.,0.,0.,0.015,0.,0.015,,,
4500,0.005,0.,0.005,0.005,0.,0.005,0.008,0.,0.008,0.001,0.,0.001,0.013,0.,0.013,0.,0.,0.,0.,0.,0.,0.015,0.,0.015,,,
4550,0.005,0.,0.005,0.006,0.,0.006,0.008,0.,0.008,0.001,0.,0.001,0.013,0.,0.013,0.,0.,0.,0.,0.,0.,0.015,0.,0.015,,,
4600,0.005,0.,0.005,0.006,0.,0.006,0.008,0.,0.008,0.006,0.,0.006,0.013,0.,0.013,0.,0.,0.,0.,0.,0.,0.019,0.,0.019,,,
4650,0.004,0.,0.004,0.006,0.,0.006,0.018,0.,0.018,0.001,0.,0.001,0.023,0.,0.023,0.,0.,0.,0.,0.,0.,0.025,0.,0.025,,,
4700,0.005,0.,0.005,0.006,0.,0.006,0.025,0.,0.025,0.002,0.,0.002,0.031,0.,0.031,0.,0.,0.,0.,0.,0.,0.033,0.,0.033,,,
4750,0.005,0.,0.005,0.006,0.,0.006,0.014,0.,0.014,0.001,0.,0.001,0.019,0.,0.019,0.,0.,0.,0.,0.,0.,0.021,0.,0.021,,,
4800,0.005,0.,0.005,0.006,0.,0.006,0.022,0.,0.022,0.002,0.,0.002,0.027,0.,0.027,0.,0.,0.,0.,0.,0.,0.029,0.,0.029,,,
4850,0.005,0.,0.005,0.006,0.,0.006,0.015,0.003,0.011,0.001,0.,0.001,0.02,0.003,0.016,0.,0.,0.,0.,0.,0.,0.022,0.003,0.018,,,
4900,0.016,0.,0.016,0.006,0.,0.006,0.008,0.,0.008,0.002,0.,0.002,0.025,0.,0.025,0.,0.,0.,0.,0.,0.,0.028,0.,0.028,,,
4950,0.005,0.,0.005,0.016,0.,0.016,0.008,0.,0.008,0.001,0.,0.001,0.014,0.,0.014,0.,0.,0.,0.,0.,0.,0.016,0.,0.016,,,
5000,0.005,0.,0.005,0.023,0.,0.023,0.008,0.,0.008,0.002,0.,0.002,0.014,0.,0.014,0.,0.,0.,0.,0.,0.,0.016,0.,0.016,,,
5050,0.005,0.,0.005,0.006,0.,0.006,0.008,0.,0.008,0.002,0.,0.002,0.014,0.,0.014,0.,0.,0.,0.,0.,0.,0.016,0.,0.016,,,
5100,0.005,0.,0.005,0.006,0.,0.006,0.008,0.,0.008,0.002,0.,0.002,0.014,0.,0.014,0.,0.,0.,0.,0.,0.,0.017,0.,0.017,,,
5150,0.005,0.,0.005,0.006,0.,0.006,0.011,0.,0.011,0.002,0.,0.002,0.016,0.,0.016,0.,0.,0.,0.,0.,0.,0.019,0.,0.019,,,
5200,0.005,0.,0.005,0.006,0.,0.006,0.015,0.,0.015,0.001,0.,0.001,0.02,0.,0.02,0.,0.,0.,0.,0.,0.,0.022,0.,0.022,,,
5250,0.015,0.,0.015,0.007,0.,0.007,0.009,0.,0.009,0.002,0.,0.002,0.024,0.,0.024,0.,0.,0.,0.,0.,0.,0.027,0.,0.027,,,
5300,0.006,0.,0.006,0.016,0.,0.016,0.009,0.,0.009,0.002,0.,0.002,0.015,0.,0.015,0.,0.,0.,0.,0.,0.,0.017,0.,0.017,,,
5350,0.005,0.,0.005,0.007,0.,0.007,0.009,0.,0.009,0.002,0.,0.002,0.015,0.,0.015,0.,0.,0.,0.,0.,0.,0.018,0.,0.018,,,
5400,0.005,0.,0.005,0.007,0.,0.007,0.009,0.,0.009,0.002,0.,0.002,0.016,0.,0.016,0.,0.,0.,0.,0.,0.,0.018,0.,0.018,,,
5450,0.006,0.,0.006,0.007,0.,0.007,0.014,0.003,0.01,0.001,0.,0.001,0.021,0.003,0.017,0.,0.,0.,0.,0.,0.,0.023,0.003,0.019,,,
5500,0.008,0.,0.008,0.007,0.,0.007,0.009,0.,0.009,0.002,0.,0.002,0.018,0.,0.018,0.,0.,0.,0.,0.,0.,0.02,0.,0.02,,,
5550,0.006,0.,0.006,0.018,0.003,0.014,0.01,0.,0.01,0.002,0.,0.002,0.016,0.,0.016,0.,0.,0.,0.,0.,0.,0.018,0.,0.018,,,
5600,0.006,0.,0.006,0.007,0.,0.007,0.01,0.,0.01,0.013,0.,0.013,0.016,0.,0.016,0.,0.,0.,0.,0.,0.,0.03,0.,0.03,,,
5650,0.006,0.,0.006,0.007,0.,0.007,0.015,0.,0.015,0.002,0.,0.002,0.022,0.,0.022,0.,0.,0.,0.,0.,0.,0.024,0.,0.024,,,
5700,0.006,0.,0.006,0.007,0.,0.007,0.01,0.,0.01,0.002,0.,0.002,0.016,0.,0.016,0.,0.,0.,0.,0.,0.,0.021,0.,0.021,,,
5750,0.006,0.,0.006,0.009,0.,0.009,0.01,0.,0.01,0.002,0.,0.002,0.016,0.,0.016,0.,0.,0.,0.,0.,0.,0.019,0.,0.019,,,
5800,0.006,0.,0.006,0.007,0.,0.007,0.011,0.,0.011,0.002,0.,0.002,0.017,0.,0.017,0.,0.,0.,0.,0.,0.,0.02,0.,0.02,,,
5850,0.009,0.,0.009,0.007,0.,0.007,0.011,0.,0.011,0.001,0.,0.001,0.02,0.,0.02,0.,0.,0.,0.,0.,0.,0.022,0.,0.022,,,
5900,0.006,0.,0.006,0.01,0.,0.01,0.01,0.,0.01,0.002,0.,0.002,0.017,0.,0.017,0.,0.,0.,0.,0.,0.,0.019,0.,0.019,,,
5950,0.006,0.,0.006,0.007,0.,0.007,0.011,0.,0.011,0.002,0.,0.002,0.018,0.,0.018,0.,0.,0.,0.,0.,0.,0.02,0.,0.02,,,
6000,0.006,0.,0.006,0.008,0.,0.008,0.014,0.,0.014,0.002,0.,0.002,0.021,0.,0.021,0.,0.,0.,0.,0.,0.,0.023,0.,0.023,,,
6050,0.006,0.,0.006,0.009,0.,0.009,0.01,0.,0.01,0.002,0.,0.002,0.017,0.,0.017,0.,0.,0.,0.,0.,0.,0.02,0.,0.02,,,
6100,0.006,0.,0.006,0.008,0.,0.008,0.013,0.,0.013,0.002,0.,0.002,0.02,0.,0.02,0.,0.,0.,0.,0.,0.,0.022,0.,0.022,,,
6150,0.009,0.,0.009,0.008,0.,0.008,0.01,0.,0.01,0.002,0.,0.002,0.02,0.,0.02,0.,0.,0.,0.,0.,0.,0.022,0.,0.022,,,
6200,0.006,0.,0.006,0.008,0.,0.008,0.011,0.,0.011,0.002,0.,0.002,0.018,0.,0.018,0.,0.,0.,0.,0.,0.,0.021,0.,0.021,,,
6250,0.007,0.,0.007,0.008,0.,0.008,0.011,0.,0.011,0.002,0.,0.002,0.018,0.,0.018,0.,0.,0.,0.,0.,0.,0.021,0.,0.021,,,
6300,0.007,0.,0.007,0.014,0.,0.014,0.011,0.,0.011,0.002,0.,0.002,0.018,0.,0.018,0.,0.,0.,0.,0.,0.,0.021,0.,0.021,,,
6350,0.006,0.,0.006,0.008,0.,0.008,0.023,0.,0.023,0.002,0.,0.002,0.03,0.,0.03,0.,0.,0.,0.,0.,0.,0.033,0.,0.033,,,
6400,0.012,0.,0.012,0.008,0.,0.008,0.011,0.,0.011,0.002,0.,0.002,0.024,0.,0.024,0.,0.,0.,0.,0.,0.,0.026,0.,0.026,,,
6450,0.007,0.,0.007,0.008,0.,0.008,0.012,0.,0.012,0.01,0.,0.01,0.019,0.,0.019,0.,0.,0.,0.,0.,0.,0.03,0.,0.03,,,
6500,0.007,0.,0.007,0.008,0.,0.008,0.028,0.,0.028,0.002,0.,0.002,0.035,0.,0.035,0.,0.,0.,0.,0.,0.,0.038,0.,0.038,,,
6550,0.007,0.,0.007,0.013,0.,0.013,0.011,0.,0.011,0.002,0.,0.002,0.018,0.,0.018,0.,0.,0.,0.,0.,0.,0.021,0.,0.021,,,
6600,0.007,0.,0.007,0.008,0.,0.008,0.018,0.,0.018,0.002,0.,0.002,0.025,0.,0.025,0.,0.,0.,0.,0.,0.,0.028,0.,0.028,,,
6650,0.007,0.,0.007,0.022,0.,0.022,0.012,0.,0.012,0.002,0.,0.002,0.019,0.,0.019,0.,0.,0.,0.,0.,0.,0.022,0.,0.022,,,
6700,0.008,0.,0.008,0.009,0.,0.009,0.024,0.,0.024,0.002,0.,0.002,0.033,0.,0.033,0.,0.,0.,0.,0.,0.,0.036,0.,0.036,,,
6750,0.007,0.,0.007,0.014,0.,0.014,0.012,0.,0.012,0.002,0.,0.002,0.019,0.,0.019,0.,0.,0.,0.,0.,0.,0.023,0.,0.023,,,
6800,0.007,0.,0.007,0.009,0.,0.009,0.019,0.,0.019,0.002,0.,0.002,0.027,0.,0.027,0.,0.,0.,0.,0.,0.,0.03,0.,0.03,,,
6850,0.008,0.,0.008,0.02,0.,0.02,0.012,0.,0.012,0.003,0.,0.003,0.02,0.,0.02,0.,0.,0.,0.,0.,0.,0.024,0.,0.024,,,
6900,0.016,0.,0.016,0.009,0.,0.009,0.012,0.,0.012,0.002,0.,0.002,0.029,0.,0.029,0.,0.,0.,0.,0.,0.,0.032,0.,0.032,,,
6950,0.007,0.,0.007,0.009,0.,0.009,0.018,0.,0.018,0.003,0.,0.003,0.026,0.,0.026,0.,0.,0.,0.,0.,0.,0.029,0.,0.029,,,
7000,0.01,0.,0.01,0.009,0.,0.009,0.012,0.,0.012,0.002,0.,0.002,0.023,0.,0.023,0.,0.,0.,0.,0.,0.,0.025,0.,0.025,,,
7050,0.008,0.,0.008,0.009,0.,0.009,0.023,0.,0.023,0.002,0.,0.002,0.032,0.,0.032,0.,0.,0.,0.,0.,0.,0.035,0.,0.035,,,
7100,0.008,0.,0.008,0.009,0.,0.009,0.013,0.,0.013,0.003,0.,0.003,0.022,0.,0.022,0.,0.,0.,0.,0.,0.,0.026,0.,0.026,,,
7150,0.008,0.,0.008,0.009,0.,0.009,0.014,0.,0.014,0.003,0.,0.003,0.023,0.,0.023,0.,0.,0.,0.,0.,0.,0.026,0.,0.026,,,
7200,0.008,0.,0.008,0.014,0.,0.014,0.013,0.,0.013,0.005,0.,0.005,0.022,0.,0.022,0.,0.,0.,0.,0.,0.,0.028,0.,0.028,,,
7250,0.015,0.,0.015,0.009,0.,0.009,0.013,0.,0.013,0.002,0.,0.002,0.028,0.,0.028,0.,0.,0.,0.,0.,0.,0.031,0.,0.031,,,
7300,0.01,0.,0.01,0.01,0.,0.01,0.033,0.,0.033,0.002,0.,0.002,0.044,0.,0.044,0.,0.,0.,0.,0.,0.,0.046,0.,0.046,,,
7350,0.009,0.,0.009,0.016,0.,0.016,0.013,0.,0.013,0.003,0.,0.003,0.023,0.,0.023,0.,0.,0.,0.,0.,0.,0.026,0.,0.026,,,
7400,0.012,0.,0.012,0.01,0.,0.01,0.013,0.,0.013,0.003,0.,0.003,0.025,0.,0.025,0.,0.,0.,0.,0.,0.,0.029,0.,0.029,,,
7450,0.008,0.,0.008,0.01,0.,0.01,0.016,0.,0.016,0.003,0.,0.003,0.024,0.,0.024,0.,0.,0.,0.,0.,0.,0.028,0.,0.028,,,
7500,0.008,0.,0.008,0.017,0.,0.017,0.013,0.,0.013,0.003,0.,0.003,0.022,0.,0.022,0.,0.,0.,0.,0.,0.,0.026,0.,0.026,,,
7550,0.016,0.,0.016,0.01,0.,0.01,0.013,0.,0.013,0.002,0.,0.002,0.03,0.,0.03,0.,0.,0.,0.,0.,0.,0.033,0.,0.033,,,
7600,0.009,0.,0.009,0.011,0.,0.011,0.023,0.,0.023,0.002,0.,0.002,0.033,0.,0.033,0.,0.,0.,0.,0.,0.,0.036,0.,0.036,,,
7650,0.009,0.,0.009,0.013,0.,0.013,0.014,0.,0.014,0.003,0.,0.003,0.023,0.,0.023,0.,0.,0.,0.,0.,0.,0.027,0.,0.027,,,
7700,0.011,0.,0.011,0.01,0.,0.01,0.014,0.,0.014,0.003,0.,0.003,0.025,0.,0.025,0.,0.,0.,0.,0.,0.,0.028,0.,0.028,,,
7750,0.009,0.,0.009,0.01,0.,0.01,0.015,0.,0.015,0.003,0.,0.003,0.024,0.,0.024,0.,0.,0.,0.,0.,0.,0.028,0.,0.028,,,
7800,0.008,0.,0.008,0.01,0.,0.01,0.014,0.,0.014,0.003,0.,0.003,0.023,0.,0.023,0.,0.,0.,0.,0.,0.,0.027,0.,0.027,,,
7850,0.008,0.,0.008,0.017,0.,0.017,0.014,0.,0.014,0.003,0.,0.003,0.023,0.,0.023,0.,0.,0.,0.,0.,0.,0.027,0.,0.027,,,
7900,0.016,0.,0.016,0.01,0.,0.01,0.014,0.,0.014,0.002,0.,0.002,0.03,0.,0.03,0.,0.,0.,0.,0.,0.,0.033,0.,0.033,,,
7950,0.009,0.,0.009,0.011,0.,0.011,0.019,0.,0.019,0.003,0.,0.003,0.028,0.,0.028,0.,0.,0.,0.,0.,0.,0.032,0.,0.032,,,
8000,0.008,0.,0.008,0.01,0.,0.01,0.021,0.,0.021,0.003,0.,0.003,0.03,0.,0.03,0.,0.,0.,0.,0.,0.,0.034,0.,0.034,,,
8050,0.009,0.,0.009,0.015,0.,0.015,0.014,0.,0.014,0.019,0.,0.019,0.024,0.,0.024,0.,0.,0.,0.,0.,0.,0.044,0.,0.044,,,
8100,0.009,0.,0.008,0.02,0.,0.02,0.014,0.,0.014,0.003,0.,0.003,0.024,0.,0.024,0.,0.,0.,0.,0.,0.,0.027,0.,0.027,,,
8150,0.014,0.,0.014,0.011,0.,0.011,0.014,0.,0.014,0.003,0.,0.003,0.029,0.,0.029,0.,0.,0.,0.,0.,0.,0.032,0.,0.032,,,
8200,0.009,0.,0.009,0.011,0.,0.011,0.019,0.,0.019,0.002,0.,0.002,0.028,0.,0.028,0.,0.,0.,0.,0.,0.,0.031,0.,0.031,,,
8250,0.009,0.,0.009,0.011,0.,0.011,0.033,0.,0.033,0.002,0.,0.002,0.042,0.,0.042,0.,0.,0.,0.,0.,0.,0.045,0.,0.045,,,
8300,0.009,0.,0.009,0.011,0.,0.011,0.035,0.007,0.027,0.003,0.,0.003,0.045,0.007,0.037,0.,0.,0.,0.,0.,0.,0.048,0.007,0.04,,,
8350,0.009,0.,0.009,0.029,0.,0.029,0.033,0.,0.033,0.002,0.,0.002,0.043,0.,0.043,0.,0.,0.,0.,0.,0.,0.046,0.,0.046,,,
8400,0.009,0.,0.009,0.011,0.,0.011,0.015,0.,0.015,0.003,0.,0.003,0.025,0.,0.025,0.,0.,0.,0.,0.,0.,0.028,0.,0.028,,,
8450,0.009,0.,0.009,0.011,0.,0.011,0.015,0.,0.015,0.003,0.,0.003,0.025,0.,0.025,0.,0.,0.,0.,0.,0.,0.028,0.,0.028,,,
8500,0.01,0.,0.01,0.011,0.,0.011,0.015,0.,0.015,0.003,0.,0.003,0.026,0.,0.026,0.,0.,0.,0.,0.,0.,0.03,0.,0.03,,,
8550,0.011,0.,0.011,0.011,0.,0.011,0.015,0.,0.015,0.003,0.,0.003,0.027,0.,0.027,0.,0.,0.,0.,0.,0.,0.03,0.,0.03,,,
8600,0.009,0.,0.009,0.011,0.,0.011,0.016,0.,0.016,0.003,0.,0.003,0.026,0.,0.026,0.,0.,0.,0.,0.,0.,0.03,0.,0.03,,,
8650,0.009,0.,0.009,0.011,0.,0.011,0.018,0.,0.018,0.003,0.,0.003,0.028,0.,0.028,0.,0.,0.,0.,0.,0.,0.032,0.,0.032,,,
8700,0.009,0.,0.009,0.011,0.,0.011,0.017,0.,0.017,0.003,0.,0.003,0.027,0.,0.027,0.,0.,0.,0.,0.,0.,0.031,0.,0.031,,,
8750,0.01,0.,0.01,0.012,0.,0.012,0.018,0.,0.018,0.003,0.,0.003,0.028,0.,0.028,0.,0.,0.,0.,0.,0.,0.032,0.,0.032,,,
8800,0.01,0.,0.01,0.012,0.,0.012,0.019,0.,0.019,0.003,0.,0.003,0.03,0.,0.029,0.,0.,0.,0.,0.,0.,0.034,0.,0.034,,,
8850,0.01,0.,0.01,0.014,0.,0.014,0.018,0.,0.018,0.004,0.,0.004,0.029,0.,0.029,0.,0.,0.,0.,0.,0.,0.033,0.,0.033,,,
8900,0.011,0.,0.011,0.012,0.,0.012,0.021,0.,0.021,0.004,0.,0.004,0.032,0.,0.032,0.,0.,0.,0.,0.,0.,0.037,0.,0.037,,,
8950,0.01,0.,0.01,0.012,0.,0.012,0.019,0.,0.019,0.003,0.,0.003,0.029,0.,0.029,0.,0.,0.,0.,0.,0.,0.033,0.,0.033,,,
9000,0.01,0.,0.01,0.012,0.,0.012,0.019,0.,0.019,0.003,0.,0.003,0.029,0.,0.029,0.,0.,0.,0.,0.,0.,0.033,0.,0.033,,,
9050,0.01,0.,0.01,0.012,0.,0.012,0.017,0.,0.017,0.004,0.,0.004,0.028,0.,0.028,0.,0.,0.,0.,0.,0.,0.032,0.,0.032,,,
9100,0.01,0.,0.01,0.012,0.,0.012,0.017,0.,0.017,0.003,0.,0.003,0.028,0.,0.028,0.,0.,0.,0.,0.,0.,0.032,0.,0.032,,,
9150,0.01,0.,0.01,0.012,0.,0.012,0.017,0.,0.017,0.004,0.,0.004,0.028,0.,0.028,0.,0.,0.,0.,0.,0.,0.032,0.,0.032,,,
9200,0.01,0.,0.01,0.012,0.,0.012,0.018,0.,0.018,0.004,0.,0.004,0.028,0.,0.028,0.,0.,0.,0.,0.,0.,0.033,0.,0.033,,,
9250,0.01,0.,0.01,0.012,0.,0.012,0.018,0.,0.018,0.004,0.,0.004,0.029,0.,0.029,0.,0.,0.,0.,0.,0.,0.033,0.,0.033,,,
9300,0.01,0.,0.01,0.013,0.,0.013,0.019,0.,0.019,0.004,0.,0.004,0.029,0.,0.029,0.,0.,0.,0.,0.,0.,0.033,0.,0.033,,,
9350,0.012,0.,0.012,0.012,0.,0.012,0.017,0.,0.017,0.004,0.,0.004,0.029,0.,0.029,0.,0.,0.,0.,0.,0.,0.034,0.,0.034,,,
9400,0.012,0.,0.012,0.013,0.,0.012,0.017,0.,0.017,0.004,0.,0.004,0.03,0.,0.03,0.,0.,0.,0.,0.,0.,0.034,0.,0.034,,,
9450,0.011,0.,0.011,0.013,0.,0.013,0.017,0.,0.017,0.004,0.,0.004,0.028,0.,0.028,0.,0.,0.,0.,0.,0.,0.032,0.,0.032,,,
9500,0.011,0.,0.011,0.014,0.,0.014,0.017,0.,0.017,0.017,0.,0.017,0.028,0.,0.028,0.,0.,0.,0.,0.,0.,0.046,0.,0.046,,,
9550,0.011,0.,0.011,0.017,0.,0.017,0.037,0.,0.037,0.003,0.,0.003,0.049,0.,0.049,0.,0.,0.,0.,0.,0.,0.052,0.,0.052,,,
9600,0.011,0.,0.011,0.024,0.,0.024,0.033,0.,0.033,0.004,0.,0.004,0.044,0.,0.044,0.,0.,0.,0.,0.,0.,0.049,0.,0.049,,,
9650,0.01,0.,0.01,0.013,0.,0.013,0.034,0.,0.034,0.004,0.,0.004,0.045,0.,0.045,0.,0.,0.,0.,0.,0.,0.049,0.,0.049,,,
9700,0.011,0.,0.011,0.013,0.,0.013,0.023,0.,0.023,0.004,0.,0.004,0.035,0.,0.035,0.,0.,0.,0.,0.,0.,0.039,0.,0.039,,,
9750,0.016,0.,0.016,0.013,0.,0.013,0.017,0.,0.017,0.004,0.,0.004,0.034,0.,0.034,0.,0.,0.,0.,0.,0.,0.039,0.,0.039,,,
9800,0.012,0.,0.012,0.017,0.,0.017,0.018,0.,0.018,0.02,0.,0.02,0.03,0.,0.03,0.,0.,0.,0.,0.,0.,0.051,0.,0.051,,,
9850,0.011,0.,0.011,0.041,0.,0.041,0.034,0.,0.034,0.003,0.,0.003,0.046,0.,0.046,0.,0.,0.,0.,0.,0.,0.05,0.,0.05,,,
9900,0.011,0.,0.011,0.035,0.,0.035,0.032,0.,0.032,0.003,0.,0.003,0.043,0.,0.043,0.,0.,0.,0.,0.,0.,0.047,0.,0.047,,,
9950,0.011,0.,0.011,0.014,0.,0.014,0.033,0.,0.033,0.003,0.,0.003,0.044,0.,0.044,0.,0.,0.,0.,0.,0.,0.048,0.,0.048,,,
10000,0.027,0.,0.027,0.013,0.,0.013,0.018,0.,0.018,0.003,0.,0.003,0.045,0.,0.045,0.,0.,0.,0.,0.,0.,0.049,0.,0.049,,,
10100,0.011,0.,0.011,0.02,0.,0.02,0.02,0.,0.02,0.004,0.,0.004,0.031,0.,0.031,0.,0.,0.,0.,0.,0.,0.036,0.,0.036,,,
10200,0.011,0.,0.011,0.023,0.,0.023,0.023,0.,0.023,0.005,0.,0.005,0.035,0.,0.035,0.,0.,0.,0.,0.,0.,0.041,0.,0.041,,,
10300,0.014,0.,0.014,0.013,0.,0.013,0.023,0.,0.023,0.004,0.,0.004,0.038,0.,0.038,0.,0.,0.,0.,0.,0.,0.043,0.,0.043,,,
10400,0.012,0.,0.012,0.016,0.,0.016,0.019,0.,0.019,0.02,0.003,0.016,0.032,0.,0.032,0.,0.,0.,0.,0.,0.,0.052,0.003,0.048,,,
10500,0.012,0.,0.012,0.023,0.,0.023,0.034,0.,0.034,0.004,0.,0.004,0.047,0.,0.047,0.,0.,0.,0.,0.,0.,0.052,0.,0.052,,,
10600,0.012,0.,0.012,0.014,0.,0.014,0.031,0.,0.031,0.003,0.,0.003,0.044,0.,0.044,0.,0.,0.,0.,0.,0.,0.048,0.,0.048,,,
10700,0.013,0.,0.013,0.031,0.,0.031,0.024,0.,0.024,0.004,0.,0.004,0.037,0.,0.037,0.,0.,0.,0.,0.,0.,0.042,0.,0.042,,,
10800,0.012,0.,0.012,0.021,0.,0.021,0.022,0.,0.022,0.004,0.,0.004,0.034,0.,0.034,0.,0.,0.,0.,0.,0.,0.04,0.,0.04,,,
10900,0.015,0.,0.015,0.015,0.,0.015,0.02,0.,0.02,0.004,0.,0.004,0.035,0.,0.035,0.,0.,0.,0.,0.,0.,0.04,0.,0.04,,,
11000,0.012,0.,0.012,0.015,0.,0.015,0.036,0.,0.036,0.003,0.,0.003,0.049,0.,0.049,0.,0.,0.,0.,0.,0.,0.053,0.,0.053,,,
11100,0.027,0.,0.027,0.015,0.,0.015,0.02,0.,0.02,0.005,0.,0.005,0.048,0.,0.048,0.,0.,0.,0.,0.,0.,0.053,0.,0.053,,,
11200,0.014,0.,0.014,0.02,0.,0.02,0.037,0.,0.037,0.005,0.,0.005,0.052,0.,0.052,0.,0.,0.,0.,0.,0.,0.057,0.,0.057,,,
11300,0.025,0.,0.025,0.016,0.,0.016,0.02,0.,0.02,0.003,0.,0.003,0.045,0.,0.045,0.,0.,0.,0.,0.,0.,0.05,0.,0.05,,,
11400,0.013,0.,0.013,0.026,0.,0.026,0.037,0.,0.037,0.005,0.,0.005,0.051,0.,0.051,0.,0.,0.,0.,0.,0.,0.056,0.,0.056,,,
11500,0.022,0.,0.022,0.016,0.,0.016,0.021,0.,0.021,0.021,0.,0.021,0.044,0.,0.044,0.,0.,0.,0.,0.,0.,0.065,0.,0.065,,,
11600,0.013,0.,0.013,0.032,0.,0.032,0.032,0.,0.032,0.004,0.,0.004,0.046,0.,0.046,0.,0.,0.,0.,0.,0.,0.05,0.,0.05,,,
11700,0.013,0.,0.013,0.03,0.,0.03,0.021,0.,0.021,0.005,0.,0.005,0.035,0.,0.035,0.,0.,0.,0.,0.,0.,0.041,0.,0.041,,,
11800,0.013,0.,0.013,0.016,0.,0.016,0.023,0.,0.023,0.005,0.,0.005,0.036,0.,0.036,0.,0.,0.,0.,0.,0.,0.042,0.,0.042,,,
11900,0.013,0.,0.013,0.017,0.,0.017,0.038,0.,0.038,0.004,0.,0.004,0.052,0.,0.052,0.,0.,0.,0.,0.,0.,0.057,0.,0.057,,,
12000,0.013,0.,0.013,0.028,0.,0.028,0.029,0.,0.029,0.004,0.,0.004,0.043,0.,0.043,0.,0.,0.,0.,0.,0.,0.047,0.,0.047,,,
12100,0.014,0.,0.014,0.016,0.,0.016,0.024,0.,0.024,0.005,0.,0.005,0.038,0.,0.038,0.,0.,0.,0.,0.,0.,0.044,0.,0.044,,,
12200,0.014,0.,0.014,0.017,0.,0.017,0.037,0.,0.037,0.004,0.,0.004,0.052,0.,0.052,0.,0.,0.,0.,0.,0.,0.057,0.,0.057,,,
12300,0.016,0.,0.016,0.032,0.,0.032,0.028,0.,0.028,0.005,0.,0.005,0.045,0.,0.045,0.,0.,0.,0.,0.,0.,0.051,0.,0.051,,,
12400,0.017,0.,0.017,0.017,0.,0.017,0.022,0.,0.022,0.017,0.,0.017,0.04,0.,0.04,0.,0.,0.,0.,0.,0.,0.057,0.,0.057,,,
12500,0.014,0.,0.014,0.017,0.,0.017,0.035,0.,0.035,0.004,0.,0.004,0.05,0.,0.05,0.,0.,0.,0.,0.,0.,0.055,0.,0.055,,,
12600,0.014,0.,0.014,0.041,0.,0.041,0.042,0.,0.042,0.005,0.,0.005,0.057,0.,0.057,0.,0.,0.,0.,0.,0.,0.062,0.,0.062,,,
12700,0.014,0.,0.014,0.038,0.,0.038,0.063,0.,0.063,0.005,0.,0.005,0.078,0.,0.078,0.,0.,0.,0.,0.,0.,0.084,0.,0.084,,,
12800,0.014,0.,0.014,0.029,0.,0.029,0.042,0.,0.042,0.005,0.,0.005,0.057,0.,0.057,0.,0.,0.,0.,0.,0.,0.063,0.,0.063,,,
12900,0.023,0.,0.023,0.017,0.,0.017,0.035,0.,0.035,0.004,0.,0.004,0.059,0.,0.059,0.,0.,0.,0.,0.,0.,0.064,0.,0.064,,,
13000,0.021,0.,0.021,0.018,0.,0.018,0.047,0.,0.047,0.004,0.,0.004,0.068,0.,0.068,0.,0.,0.,0.,0.,0.,0.073,0.,0.073,,,
13100,0.02,0.,0.02,0.019,0.,0.019,0.023,0.,0.023,0.004,0.,0.004,0.044,0.,0.044,0.,0.,0.,0.,0.,0.,0.049,0.,0.049,,,
13200,0.018,0.,0.018,0.019,0.,0.019,0.024,0.,0.024,0.006,0.,0.006,0.043,0.,0.043,0.,0.,0.,0.,0.,0.,0.05,0.,0.05,,,
13300,0.016,0.,0.016,0.019,0.,0.019,0.034,0.,0.034,0.005,0.,0.005,0.051,0.,0.051,0.,0.,0.,0.,0.,0.,0.057,0.,0.057,,,
13400,0.017,0.,0.017,0.038,0.,0.038,0.036,0.,0.036,0.007,0.,0.007,0.053,0.,0.053,0.,0.,0.,0.,0.,0.,0.062,0.,0.062,,,
13500,0.016,0.,0.016,0.021,0.,0.021,0.037,0.,0.037,0.005,0.,0.005,0.053,0.,0.053,0.,0.,0.,0.,0.,0.,0.059,0.,0.059,,,
13600,0.016,0.,0.016,0.038,0.,0.038,0.035,0.,0.035,0.006,0.,0.006,0.051,0.,0.051,0.,0.,0.,0.,0.,0.,0.058,0.,0.058,,,
13700,0.026,0.,0.026,0.019,0.,0.019,0.024,0.,0.024,0.012,0.,0.012,0.051,0.,0.051,0.,0.,0.,0.,0.,0.,0.064,0.,0.064,,,
13800,0.019,0.,0.019,0.019,0.,0.019,0.025,0.,0.025,0.019,0.,0.019,0.045,0.,0.045,0.,0.,0.,0.,0.,0.,0.065,0.,0.065,,,
13900,0.03,0.,0.03,0.02,0.,0.02,0.029,0.,0.029,0.005,0.,0.005,0.059,0.,0.059,0.,0.,0.,0.,0.,0.,0.064,0.,0.064,,,
14000,0.02,0.,0.02,0.019,0.,0.019,0.046,0.,0.046,0.005,0.,0.005,0.066,0.,0.066,0.,0.,0.,0.,0.,0.,0.072,0.,0.072,,,
14100,0.018,0.,0.018,0.034,0.,0.034,0.043,0.,0.043,0.004,0.,0.004,0.062,0.,0.062,0.,0.,0.,0.,0.,0.,0.067,0.,0.067,,,
14200,0.017,0.,0.017,0.037,0.,0.037,0.058,0.,0.058,0.009,0.,0.009,0.075,0.,0.075,0.,0.,0.,0.,0.,0.,0.084,0.,0.084,,,
14300,0.017,0.,0.017,0.031,0.,0.031,0.039,0.,0.039,0.005,0.,0.005,0.057,0.,0.057,0.,0.,0.,0.,0.,0.,0.062,0.,0.062,,,
14400,0.017,0.,0.017,0.038,0.,0.038,0.049,0.,0.049,0.028,0.,0.028,0.067,0.,0.067,0.,0.,0.,0.,0.,0.,0.095,0.,0.095,,,
14500,0.023,0.,0.023,0.02,0.,0.02,0.026,0.,0.026,0.005,0.,0.005,0.05,0.,0.05,0.,0.,0.,0.,0.,0.,0.055,0.,0.055,,,
14600,0.017,0.,0.017,0.022,0.,0.022,0.047,0.,0.047,0.005,0.,0.005,0.064,0.,0.064,0.,0.,0.,0.,0.,0.,0.07,0.,0.07,,,
14700,0.018,0.,0.018,0.041,0.,0.041,0.038,0.,0.038,0.006,0.,0.006,0.056,0.,0.056,0.,0.,0.,0.,0.,0.,0.063,0.,0.063,,,
14800,0.017,0.,0.017,0.025,0.,0.025,0.036,0.,0.036,0.011,0.,0.011,0.053,0.,0.053,0.,0.,0.,0.,0.,0.,0.065,0.,0.065,,,
14900,0.028,0.,0.028,0.021,0.,0.021,0.048,0.003,0.044,0.005,0.,0.005,0.077,0.003,0.073,0.,0.,0.,0.,0.,0.,0.082,0.003,0.078,,,
15000,0.02,0.,0.02,0.038,0.,0.038,0.033,0.,0.033,0.006,0.,0.006,0.054,0.,0.054,0.,0.,0.,0.,0.,0.,0.06,0.,0.06,,,
15100,0.018,0.,0.018,0.023,0.,0.023,0.036,0.,0.036,0.03,0.,0.03,0.055,0.,0.055,0.,0.,0.,0.,0.,0.,0.085,0.,0.085,,,
15200,0.017,0.,0.017,0.033,0.,0.033,0.053,0.,0.053,0.005,0.,0.005,0.07,0.,0.07,0.,0.,0.,0.,0.,0.,0.076,0.,0.076,,,
15300,0.018,0.,0.018,0.028,0.,0.028,0.039,0.,0.039,0.005,0.,0.005,0.057,0.,0.057,0.,0.,0.,0.,0.,0.,0.064,0.,0.064,,,
15400,0.038,0.,0.038,0.021,0.,0.021,0.05,0.,0.05,0.005,0.,0.005,0.088,0.,0.088,0.,0.,0.,0.,0.,0.,0.094,0.,0.094,,,
15500,0.018,0.,0.018,0.036,0.,0.036,0.041,0.,0.041,0.006,0.,0.006,0.059,0.,0.059,0.,0.,0.,0.,0.,0.,0.067,0.,0.067,,,
15600,0.027,0.,0.027,0.022,0.,0.022,0.035,0.,0.035,0.005,0.,0.005,0.062,0.,0.062,0.,0.,0.,0.,0.,0.,0.068,0.,0.068,,,
15700,0.019,0.,0.019,0.025,0.,0.025,0.044,0.,0.044,0.005,0.,0.005,0.063,0.,0.063,0.,0.,0.,0.,0.,0.,0.069,0.,0.069,,,
15800,0.026,0.,0.026,0.038,0.,0.038,0.056,0.,0.056,0.005,0.,0.005,0.083,0.,0.083,0.,0.,0.,0.,0.,0.,0.089,0.,0.089,,,
15900,0.019,0.,0.019,0.035,0.,0.035,0.036,0.,0.036,0.007,0.,0.007,0.056,0.,0.056,0.,0.,0.,0.,0.,0.,0.064,0.,0.064,,,
16000,0.027,0.,0.027,0.022,0.,0.022,0.034,0.,0.034,0.006,0.,0.006,0.062,0.,0.062,0.,0.,0.,0.,0.,0.,0.068,0.,0.068,,,
16100,0.019,0.,0.019,0.024,0.003,0.02,0.042,0.,0.042,0.005,0.,0.005,0.062,0.,0.062,0.,0.,0.,0.,0.,0.,0.068,0.,0.068,,,
16200,0.02,0.,0.02,0.027,0.,0.027,0.049,0.,0.049,0.006,0.,0.006,0.069,0.,0.069,0.,0.,0.,0.,0.,0.,0.076,0.,0.076,,,
16300,0.019,0.,0.019,0.042,0.,0.042,0.057,0.,0.057,0.006,0.,0.006,0.077,0.,0.077,0.,0.,0.,0.,0.,0.,0.084,0.,0.084,,,
16400,0.02,0.,0.02,0.065,0.,0.065,0.043,0.,0.043,0.006,0.,0.006,0.064,0.,0.064,0.,0.,0.,0.,0.,0.,0.071,0.,0.071,,,
16500,0.04,0.,0.04,0.024,0.,0.024,0.052,0.,0.052,0.006,0.,0.006,0.092,0.,0.092,0.,0.,0.,0.,0.,0.,0.098,0.,0.098,,,
16600,0.02,0.,0.02,0.043,0.,0.043,0.088,0.,0.088,0.006,0.,0.006,0.108,0.,0.108,0.,0.,0.,0.,0.,0.,0.115,0.,0.115,,,
16700,0.02,0.,0.02,0.038,0.,0.038,0.04,0.,0.04,0.007,0.,0.007,0.061,0.,0.061,0.,0.,0.,0.,0.,0.,0.069,0.,0.069,,,
16800,0.019,0.,0.019,0.034,0.,0.034,0.037,0.,0.037,0.007,0.,0.007,0.057,0.,0.057,0.,0.,0.,0.,0.,0.,0.064,0.,0.064,,,
16900,0.027,0.,0.027,0.026,0.,0.026,0.036,0.,0.036,0.006,0.,0.006,0.064,0.,0.064,0.,0.,0.,0.,0.,0.,0.071,0.,0.071,,,
17000,0.022,0.,0.022,0.027,0.,0.027,0.044,0.,0.044,0.006,0.,0.006,0.067,0.,0.067,0.,0.,0.,0.,0.,0.,0.073,0.,0.073,,,
17100,0.022,0.,0.022,0.035,0.,0.035,0.043,0.,0.043,0.012,0.,0.012,0.065,0.,0.065,0.,0.,0.,0.,0.,0.,0.078,0.,0.078,,,
17200,0.023,0.003,0.019,0.032,0.,0.032,0.047,0.,0.047,0.006,0.,0.006,0.07,0.003,0.066,0.,0.,0.,0.,0.,0.,0.076,0.003,0.072,,,
17300,0.021,0.,0.021,0.03,0.,0.03,0.051,0.,0.051,0.006,0.,0.006,0.072,0.,0.072,0.,0.,0.,0.,0.,0.,0.079,0.,0.079,,,
17400,0.028,0.,0.028,0.027,0.,0.027,0.056,0.,0.056,0.006,0.,0.006,0.085,0.,0.085,0.,0.,0.,0.,0.,0.,0.092,0.,0.092,,,
17500,0.031,0.,0.031,0.031,0.,0.031,0.053,0.,0.053,0.006,0.,0.006,0.084,0.,0.084,0.,0.,0.,0.,0.,0.,0.091,0.,0.091,,,
17600,0.028,0.,0.028,0.035,0.,0.035,0.044,0.,0.044,0.009,0.,0.009,0.073,0.,0.073,0.,0.,0.,0.,0.,0.,0.082,0.,0.082,,,
17700,0.032,0.,0.032,0.03,0.,0.03,0.044,0.,0.044,0.006,0.,0.006,0.077,0.,0.077,0.,0.,0.,0.,0.,0.,0.084,0.,0.084,,,
17800,0.022,0.,0.022,0.03,0.,0.03,0.053,0.,0.053,0.006,0.,0.006,0.076,0.,0.076,0.,0.,0.,0.,0.,0.,0.083,0.,0.083,,,
17900,0.022,0.,0.022,0.045,0.,0.045,0.042,0.,0.042,0.006,0.,0.006,0.065,0.,0.065,0.,0.,0.,0.,0.,0.,0.072,0.,0.072,,,
18000,0.022,0.,0.022,0.026,0.,0.026,0.049,0.,0.049,0.006,0.,0.006,0.071,0.,0.071,0.,0.,0.,0.,0.,0.,0.078,0.,0.078,,,
18100,0.022,0.,0.022,0.04,0.,0.04,0.047,0.,0.047,0.006,0.,0.006,0.07,0.,0.07,0.,0.,0.,0.,0.,0.,0.077,0.,0.077,,,
18200,0.03,0.,0.03,0.039,0.,0.039,0.037,0.,0.037,0.006,0.,0.006,0.068,0.,0.068,0.,0.,0.,0.,0.,0.,0.075,0.,0.075,,,
18300,0.028,0.,0.028,0.028,0.,0.028,0.037,0.,0.037,0.006,0.,0.006,0.066,0.,0.066,0.,0.,0.,0.,0.,0.,0.073,0.,0.073,,,
18400,0.029,0.,0.029,0.027,0.,0.027,0.039,0.,0.039,0.006,0.,0.006,0.069,0.,0.069,0.,0.,0.,0.,0.,0.,0.076,0.,0.076,,,
18500,0.029,0.,0.029,0.028,0.,0.028,0.038,0.,0.038,0.007,0.,0.007,0.068,0.,0.068,0.,0.,0.,0.,0.,0.,0.075,0.,0.075,,,
18600,0.021,0.,0.021,0.035,0.,0.035,0.037,0.,0.037,0.007,0.,0.007,0.059,0.,0.059,0.,0.,0.,0.,0.,0.,0.067,0.,0.067,,,
18700,0.023,0.,0.023,0.039,0.,0.039,0.054,0.,0.054,0.007,0.,0.007,0.078,0.,0.078,0.,0.,0.,0.,0.,0.,0.086,0.,0.086,,,
18800,0.026,0.,0.026,0.061,0.,0.061,0.068,0.,0.068,0.006,0.,0.006,0.094,0.,0.094,0.,0.,0.,0.,0.,0.,0.101,0.,0.101,,,
18900,0.023,0.,0.023,0.05,0.,0.05,0.052,0.,0.052,0.007,0.,0.007,0.075,0.,0.075,0.,0.,0.,0.,0.,0.,0.083,0.,0.083,,,
19000,0.029,0.,0.029,0.054,0.,0.054,0.047,0.,0.047,0.006,0.,0.006,0.076,0.,0.076,0.,0.,0.,0.,0.,0.,0.083,0.,0.083,,,
19100,0.021,0.,0.021,0.035,0.,0.035,0.035,0.,0.035,0.007,0.,0.007,0.057,0.,0.057,0.,0.,0.,0.,0.,0.,0.065,0.,0.065,,,
19200,0.023,0.,0.023,0.044,0.,0.044,0.046,0.,0.046,0.029,0.,0.029,0.07,0.,0.07,0.,0.,0.,0.,0.,0.,0.099,0.,0.099,,,
19300,0.024,0.,0.024,0.053,0.,0.053,0.087,0.,0.087,0.006,0.,0.006,0.111,0.,0.111,0.,0.,0.,0.,0.,0.,0.119,0.,0.119,,,
19400,0.033,0.,0.033,0.039,0.,0.039,0.061,0.,0.061,0.007,0.,0.007,0.095,0.,0.095,0.,0.,0.,0.,0.,0.,0.102,0.,0.102,,,
19500,0.027,0.,0.027,0.034,0.,0.034,0.052,0.,0.052,0.014,0.,0.014,0.08,0.,0.08,0.,0.,0.,0.,0.,0.,0.094,0.,0.094,,,
19600,0.027,0.,0.027,0.034,0.,0.034,0.064,0.,0.064,0.007,0.,0.007,0.092,0.,0.092,0.,0.,0.,0.,0.,0.,0.099,0.,0.099,,,
19700,0.051,0.,0.051,0.04,0.,0.04,0.059,0.,0.059,0.008,0.,0.008,0.112,0.,0.112,0.,0.,0.,0.,0.,0.,0.12,0.,0.12,,,
19800,0.026,0.,0.026,0.048,0.,0.048,0.063,0.,0.063,0.007,0.,0.007,0.09,0.,0.09,0.,0.,0.,0.,0.,0.,0.097,0.,0.097,,,
19900,0.03,0.,0.03,0.057,0.,0.057,0.047,0.,0.047,0.008,0.,0.008,0.078,0.,0.078,0.,0.,0.,0.,0.,0.,0.087,0.,0.087,,,
20000,0.028,0.,0.028,0.041,0.,0.041,0.045,0.,0.045,0.029,0.,0.029,0.073,0.,0.073,0.,0.,0.,0.,0.,0.,0.103,0.,0.103,,,