param-0-n,param-1-lgn,try-ssr-rewrite!-cold-noop-regression-linear-real,try-ssr-rewrite!-cold-noop-regression-linear-sys,try-ssr-rewrite!-cold-noop-regression-linear-user,try-ssr-rewrite!-evar-noop-regression-linear-real,try-ssr-rewrite!-evar-noop-regression-linear-sys,try-ssr-rewrite!-evar-noop-regression-linear-user,try-ssr-rewrite!-noop-regression-linear-real,try-ssr-rewrite!-noop-regression-linear-sys,try-ssr-rewrite!-noop-regression-linear-user,try-ssr-rewrite-evar-noop-regression-linear-real,try-ssr-rewrite-evar-noop-regression-linear-sys,try-ssr-rewrite-evar-noop-regression-linear-user,try-ssr-rewrite-noop-regression-linear-real,try-ssr-rewrite-noop-regression-linear-sys,try-ssr-rewrite-noop-regression-linear-user,try-ssr-rewrite?-evar-noop-regression-linear-real,try-ssr-rewrite?-evar-noop-regression-linear-sys,try-ssr-rewrite?-evar-noop-regression-linear-user,try-ssr-rewrite?-noop-regression-linear-real,try-ssr-rewrite?-noop-regression-linear-sys,try-ssr-rewrite?-noop-regression-linear-user
3,1,0.,0.,0.,0.,0.,0.,0.,0.,0.,0.,0.,0.,0.,0.,0.,0.,0.,0.,0.,0.,0.
7,2,0.,0.,0.,0.,0.,0.,0.,0.,0.,0.,0.,0.,0.,0.,0.,0.,0.,0.,0.,0.,0.
15,3,0.,0.,0.,0.,0.,0.,0.,0.,0.,0.,0.,0.,0.,0.,0.,0.,0.,0.,0.,0.,0.
31,4,0.,0.,0.,0.,0.,0.,0.,0.,0.,0.,0.,0.,0.,0.,0.,0.,0.,0.,0.,0.,0.
63,5,0.,0.,0.,0.,0.,0.,0.,0.,0.,0.,0.,0.,0.,0.,0.,0.,0.,0.,0.,0.,0.
127,6,0.,0.,0.,0.,0.,0.,0.,0.,0.,0.,0.,0.,0.,0.,0.,0.,0.,0.,0.,0.,0.
255,7,0.,0.,0.,0.,0.,0.,0.,0.,0.,0.,0.,0.,0.,0.,0.,0.,0.,0.,0.,0.,0.
511,8,0.,0.,0.,0.,0.,0.,0.,0.,0.,0.,0.,0.,0.,0.,0.,0.,0.,0.,0.,0.,0.
1023,9,0.,0.,0.,0.,0.,0.,0.,0.,0.,0.,0.,0.,0.,0.,0.,0.,0.,0.,0.,0.,0.
2047,10,0.,0.,0.,0.,0.,0.,0.,0.,0.,0.,0.,0.,0.,0.,0.,0.,0.,0.,0.,0.,0.
4095,11,0.001,0.,0.001,0.,0.,0.,0.001,0.001,0.,0.,0.,0.,0.036,0.006,0.03,0.,0.,0.,0.,0.,0.
8191,12,0.001,0.,0.001,0.001,0.,0.001,0.001,0.,0.001,0.001,0.,0.001,0.001,0.,0.001,0.001,0.,0.001,0.001,0.,0.001
16383,13,0.003,0.,0.003,0.003,0.,0.003,0.003,0.,0.003,0.003,0.,0.003,0.003,0.,0.003,0.003,0.,0.003,0.003,0.,0.003
32767,14,0.011,0.003,0.008,0.006,0.,0.006,0.006,0.,0.006,0.006,0.,0.006,0.006,0.,0.006,0.017,0.,0.017,0.006,0.,0.006
65535,15,0.013,0.,0.013,0.013,0.,0.013,0.013,0.,0.013,0.04,0.,0.04,0.026,0.,0.026,0.013,0.,0.013,0.013,0.,0.013
131071,16,0.043,0.,0.043,0.026,0.,0.026,0.026,0.,0.025,0.026,0.,0.026,0.069,0.003,0.066,0.026,0.,0.026,0.029,0.,0.029
262143,17,0.1,0.012,0.088,0.054,0.,0.054,0.062,0.,0.062,0.054,0.,0.054,0.053,0.,0.053,0.054,0.,0.054,0.054,0.,0.054
524287,18,0.211,0.008,0.203,0.123,0.,0.123,0.118,0.,0.118,0.122,0.,0.122,0.121,0.,0.121,0.123,0.,0.123,0.122,0.,0.122
1048575,19,0.406,0.,0.406,0.253,0.,0.253,0.255,0.,0.255,0.247,0.,0.247,0.252,0.,0.252,0.26,0.003,0.256,0.259,0.,0.259
2097151,20,0.592,0.,0.592,0.512,0.,0.512,0.509,0.,0.509,0.504,0.,0.504,0.504,0.,0.504,0.506,0.,0.506,0.503,0.,0.503
4194303,21,1.191,0.,1.191,0.997,0.,0.997,1.003,0.,1.003,0.991,0.,0.991,0.998,0.,0.998,0.992,0.,0.992,0.998,0.,0.998
8388607,22,2.153,0.003,2.149,1.991,0.,1.991,2.013,0.,2.013,2.022,0.004,2.018,2.042,0.,2.042,2.036,0.,2.036,1.995,0.,1.995