param-n,abstract-regression-cubic-real,abstract-regression-cubic-sys,abstract-regression-cubic-user,close-abstract-regression-cubic-real,close-abstract-regression-cubic-sys,close-abstract-regression-cubic-user,fast-rewrite-regression-cubic-real,fast-rewrite-regression-cubic-sys,fast-rewrite-regression-cubic-user,pose-build-and-refine-regression-cubic-real,pose-build-and-refine-regression-cubic-sys,pose-build-and-refine-regression-cubic-user,refine-regression-quadratic-regression-linear-real,refine-regression-quadratic-regression-linear-sys,refine-regression-quadratic-regression-linear-user
1,0.,0.,0.,0.,0.,0.,0.,0.,0.,0.,0.,0.,0.,0.,0.
2,0.,0.,0.,0.,0.,0.,0.,0.,0.,0.,0.,0.,0.,0.,0.
3,0.,0.,0.,0.,0.,0.,0.,0.,0.,0.,0.,0.,0.,0.,0.
4,0.,0.,0.,0.,0.,0.,0.,0.,0.,0.,0.,0.,0.,0.,0.
5,0.,0.,0.,0.,0.,0.,0.,0.,0.,0.,0.,0.,0.,0.,0.
6,0.001,0.,0.001,0.,0.,0.,0.,0.,0.,0.,0.,0.,0.,0.,0.
7,0.001,0.,0.001,0.,0.,0.,0.,0.,0.,0.,0.,0.,0.,0.,0.
8,0.001,0.,0.001,0.,0.,0.,0.,0.,0.,0.,0.,0.,0.,0.,0.
9,0.001,0.,0.001,0.,0.,0.,0.001,0.,0.001,0.001,0.,0.001,0.,0.,0.
10,0.001,0.001,0.,0.,0.,0.,0.001,0.001,0.,0.001,0.001,0.,0.,0.,0.
11,0.001,0.,0.001,0.,0.,0.,0.001,0.,0.001,0.001,0.,0.001,0.,0.,0.
12,0.002,0.,0.001,0.,0.,0.,0.001,0.,0.001,0.001,0.,0.001,0.,0.,0.
13,0.002,0.,0.002,0.,0.,0.,0.001,0.,0.001,0.001,0.,0.001,0.,0.,0.
14,0.002,0.002,0.,0.,0.,0.,0.001,0.001,0.,0.001,0.001,0.,0.,0.,0.
15,0.043,0.001,0.042,0.041,0.,0.041,0.001,0.001,0.,0.001,0.001,0.,0.,0.,0.
16,0.002,0.,0.002,0.,0.,0.,0.001,0.,0.001,0.001,0.,0.001,0.,0.,0.
17,0.002,0.,0.002,0.,0.,0.,0.001,0.,0.001,0.001,0.,0.001,0.,0.,0.
18,0.002,0.,0.002,0.,0.,0.,0.001,0.,0.001,0.001,0.,0.001,0.,0.,0.
19,0.002,0.,0.002,0.,0.,0.,0.001,0.,0.001,0.001,0.,0.001,0.,0.,0.
20,0.002,0.,0.002,0.,0.,0.,0.001,0.,0.001,0.001,0.,0.001,0.,0.,0.
21,0.002,0.,0.002,0.,0.,0.,0.002,0.,0.002,0.002,0.,0.002,0.,0.,0.
22,0.003,0.,0.003,0.,0.,0.,0.002,0.,0.002,0.002,0.,0.002,0.,0.,0.
23,0.003,0.,0.003,0.,0.,0.,0.002,0.,0.002,0.002,0.,0.002,0.,0.,0.
24,0.003,0.,0.003,0.,0.,0.,0.002,0.,0.002,0.002,0.,0.002,0.,0.,0.
25,0.003,0.,0.003,0.001,0.,0.001,0.002,0.,0.002,0.002,0.,0.002,0.,0.,0.
26,0.003,0.,0.003,0.,0.,0.,0.002,0.,0.002,0.002,0.,0.002,0.,0.,0.
27,0.003,0.,0.003,0.001,0.,0.001,0.002,0.,0.002,0.002,0.,0.002,0.,0.,0.
28,0.006,0.,0.006,0.001,0.,0.001,0.004,0.,0.004,0.004,0.,0.004,0.,0.,0.
29,0.004,0.,0.004,0.001,0.,0.001,0.003,0.,0.003,0.003,0.,0.003,0.,0.,0.
30,0.004,0.,0.004,0.001,0.,0.001,0.003,0.,0.003,0.003,0.,0.003,0.,0.,0.
31,0.004,0.,0.004,0.001,0.,0.001,0.003,0.,0.003,0.003,0.,0.003,0.,0.,0.
32,0.004,0.,0.004,0.001,0.,0.001,0.003,0.,0.003,0.003,0.,0.003,0.,0.,0.
33,0.005,0.,0.005,0.001,0.,0.001,0.003,0.,0.003,0.003,0.,0.003,0.,0.,0.
34,0.005,0.,0.005,0.001,0.,0.001,0.003,0.,0.003,0.003,0.,0.003,0.,0.,0.
35,0.005,0.,0.005,0.001,0.,0.001,0.003,0.,0.003,0.003,0.,0.003,0.,0.,0.
36,0.01,0.,0.01,0.001,0.,0.001,0.008,0.,0.008,0.008,0.,0.008,0.,0.,0.
37,0.006,0.,0.006,0.001,0.,0.001,0.004,0.,0.004,0.004,0.,0.004,0.,0.,0.
38,0.006,0.,0.006,0.001,0.,0.001,0.004,0.,0.004,0.004,0.,0.004,0.,0.,0.
39,0.006,0.,0.006,0.001,0.,0.001,0.004,0.,0.004,0.004,0.,0.004,0.,0.,0.
40,0.006,0.,0.006,0.002,0.,0.002,0.004,0.,0.004,0.004,0.,0.004,0.,0.,0.
41,0.007,0.,0.007,0.002,0.,0.002,0.004,0.,0.004,0.004,0.,0.004,0.,0.,0.
42,0.007,0.,0.007,0.002,0.,0.002,0.004,0.,0.004,0.004,0.,0.004,0.,0.,0.
43,0.009,0.,0.009,0.002,0.,0.002,0.006,0.,0.006,0.006,0.,0.006,0.,0.,0.
44,0.007,0.002,0.005,0.002,0.002,0.,0.005,0.,0.004,0.005,0.,0.004,0.,0.,0.
45,0.008,0.,0.007,0.002,0.,0.002,0.005,0.,0.005,0.005,0.,0.005,0.,0.,0.
46,0.008,0.,0.008,0.002,0.,0.002,0.005,0.,0.005,0.005,0.,0.005,0.,0.,0.
47,0.008,0.,0.008,0.002,0.,0.002,0.005,0.,0.005,0.005,0.,0.005,0.,0.,0.
48,0.014,0.,0.014,0.003,0.,0.003,0.01,0.,0.01,0.01,0.,0.01,0.,0.,0.
49,0.009,0.,0.009,0.003,0.,0.003,0.006,0.,0.006,0.006,0.,0.006,0.,0.,0.
50,0.011,0.007,0.003,0.003,0.,0.003,0.007,0.007,0.,0.007,0.007,0.,0.,0.,0.
51,0.01,0.,0.01,0.003,0.,0.003,0.006,0.,0.006,0.006,0.,0.006,0.,0.,0.
52,0.01,0.,0.01,0.003,0.,0.003,0.006,0.,0.006,0.006,0.,0.006,0.,0.,0.
53,0.01,0.,0.01,0.003,0.,0.003,0.006,0.,0.006,0.006,0.,0.006,0.,0.,0.
54,0.012,0.,0.012,0.003,0.,0.003,0.008,0.,0.008,0.008,0.,0.008,0.,0.,0.
55,0.011,0.,0.011,0.003,0.,0.003,0.007,0.,0.007,0.007,0.,0.007,0.,0.,0.
56,0.011,0.,0.011,0.004,0.,0.004,0.007,0.,0.007,0.007,0.,0.007,0.,0.,0.
57,0.012,0.003,0.008,0.004,0.003,0.,0.007,0.,0.007,0.007,0.,0.007,0.,0.,0.
58,0.015,0.,0.015,0.004,0.,0.004,0.011,0.,0.01,0.011,0.,0.01,0.,0.,0.
59,0.012,0.,0.012,0.004,0.,0.004,0.008,0.,0.008,0.008,0.,0.008,0.,0.,0.
60,0.013,0.,0.013,0.004,0.,0.004,0.008,0.,0.008,0.008,0.,0.008,0.,0.,0.
61,0.013,0.,0.013,0.004,0.,0.004,0.008,0.,0.008,0.008,0.,0.008,0.,0.,0.
62,0.015,0.,0.015,0.005,0.,0.005,0.009,0.,0.009,0.009,0.,0.009,0.,0.,0.
63,0.014,0.,0.014,0.005,0.,0.005,0.008,0.,0.008,0.008,0.,0.008,0.,0.,0.
64,0.014,0.,0.014,0.005,0.,0.005,0.008,0.,0.008,0.008,0.,0.008,0.,0.,0.
65,0.016,0.,0.016,0.005,0.,0.005,0.01,0.,0.01,0.01,0.,0.01,0.,0.,0.
66,0.015,0.,0.015,0.005,0.,0.005,0.009,0.,0.009,0.009,0.,0.009,0.,0.,0.
67,0.015,0.,0.015,0.005,0.,0.005,0.009,0.,0.009,0.009,0.,0.009,0.,0.,0.
68,0.018,0.,0.018,0.006,0.,0.006,0.012,0.,0.012,0.012,0.,0.012,0.003,0.,0.003
69,0.016,0.,0.016,0.006,0.,0.006,0.01,0.,0.01,0.01,0.,0.01,0.,0.,0.
70,0.017,0.,0.017,0.006,0.,0.006,0.01,0.,0.01,0.01,0.,0.01,0.,0.,0.
71,0.022,0.,0.022,0.006,0.,0.006,0.016,0.,0.015,0.015,0.,0.015,0.,0.,0.
72,0.018,0.,0.018,0.006,0.,0.006,0.01,0.,0.01,0.01,0.,0.01,0.,0.,0.
73,0.018,0.,0.018,0.007,0.,0.007,0.01,0.,0.01,0.01,0.,0.01,0.,0.,0.
74,0.021,0.,0.021,0.007,0.,0.007,0.014,0.,0.014,0.014,0.,0.014,0.,0.,0.
75,0.019,0.,0.019,0.007,0.,0.007,0.011,0.,0.011,0.011,0.,0.011,0.,0.,0.
76,0.02,0.,0.02,0.007,0.,0.007,0.011,0.,0.011,0.011,0.,0.011,0.,0.,0.
77,0.028,0.,0.028,0.008,0.,0.008,0.019,0.,0.019,0.019,0.,0.019,0.,0.,0.
78,0.021,0.,0.021,0.008,0.,0.008,0.012,0.,0.012,0.012,0.,0.012,0.,0.,0.
79,0.022,0.,0.022,0.009,0.,0.009,0.012,0.,0.012,0.012,0.,0.012,0.,0.,0.
80,0.022,0.,0.022,0.008,0.,0.008,0.012,0.,0.012,0.012,0.,0.012,0.,0.,0.
81,0.022,0.,0.022,0.009,0.,0.009,0.012,0.,0.012,0.012,0.,0.012,0.,0.,0.
82,0.024,0.,0.024,0.008,0.,0.008,0.014,0.,0.014,0.014,0.,0.014,0.,0.,0.
83,0.022,0.,0.022,0.009,0.,0.009,0.013,0.,0.013,0.013,0.,0.013,0.,0.,0.
84,0.026,0.,0.026,0.009,0.,0.009,0.016,0.,0.016,0.016,0.,0.016,0.,0.,0.
85,0.024,0.,0.024,0.01,0.,0.01,0.013,0.,0.013,0.013,0.,0.013,0.,0.,0.
86,0.025,0.,0.025,0.01,0.,0.01,0.014,0.,0.014,0.014,0.,0.014,0.,0.,0.
87,0.03,0.,0.03,0.01,0.,0.01,0.019,0.,0.019,0.019,0.,0.019,0.,0.,0.
88,0.026,0.,0.026,0.011,0.,0.011,0.014,0.,0.014,0.014,0.,0.014,0.,0.,0.
89,0.028,0.,0.028,0.01,0.,0.01,0.017,0.,0.017,0.017,0.,0.017,0.,0.,0.
90,0.027,0.,0.027,0.011,0.,0.011,0.015,0.,0.015,0.015,0.,0.015,0.,0.,0.
91,0.032,0.,0.032,0.011,0.,0.011,0.019,0.,0.019,0.019,0.,0.019,0.,0.,0.
92,0.028,0.,0.028,0.012,0.,0.012,0.015,0.,0.015,0.015,0.,0.015,0.,0.,0.
93,0.031,0.,0.031,0.012,0.,0.012,0.018,0.,0.018,0.018,0.,0.018,0.,0.,0.
94,0.029,0.,0.029,0.012,0.,0.012,0.016,0.,0.016,0.016,0.,0.016,0.,0.,0.
95,0.035,0.,0.035,0.013,0.,0.013,0.021,0.,0.021,0.021,0.,0.021,0.,0.,0.
96,0.03,0.,0.03,0.013,0.,0.013,0.016,0.,0.016,0.016,0.,0.016,0.,0.,0.
97,0.033,0.,0.033,0.013,0.,0.013,0.019,0.,0.019,0.019,0.,0.019,0.,0.,0.
98,0.031,0.,0.031,0.013,0.,0.013,0.017,0.,0.017,0.017,0.,0.017,0.,0.,0.
99,0.037,0.,0.037,0.014,0.,0.014,0.022,0.,0.022,0.022,0.,0.022,0.,0.,0.
100,0.071,0.,0.071,0.013,0.,0.013,0.057,0.,0.057,0.057,0.,0.057,0.,0.,0.
110,0.043,0.,0.043,0.021,0.,0.021,0.02,0.,0.02,0.02,0.,0.02,0.,0.,0.
120,0.048,0.,0.048,0.023,0.,0.023,0.024,0.,0.024,0.024,0.,0.024,0.,0.,0.
130,0.076,0.,0.076,0.028,0.,0.028,0.047,0.,0.047,0.047,0.,0.047,0.,0.,0.
140,0.089,0.,0.089,0.034,0.,0.034,0.053,0.,0.053,0.053,0.,0.053,0.,0.,0.
150,0.092,0.,0.092,0.041,0.,0.041,0.05,0.,0.05,0.05,0.,0.05,0.,0.,0.
160,0.118,0.,0.118,0.048,0.,0.048,0.069,0.,0.069,0.069,0.,0.069,0.001,0.,0.001
170,0.12,0.,0.12,0.057,0.,0.057,0.062,0.,0.062,0.062,0.,0.062,0.001,0.,0.001
180,0.137,0.,0.137,0.066,0.,0.066,0.07,0.,0.07,0.07,0.,0.07,0.001,0.,0.001
190,0.157,0.,0.157,0.077,0.,0.077,0.078,0.,0.078,0.078,0.,0.078,0.001,0.,0.001
200,0.199,0.003,0.195,0.089,0.003,0.086,0.109,0.,0.109,0.109,0.,0.109,0.001,0.,0.001
210,0.206,0.,0.206,0.095,0.,0.095,0.11,0.,0.11,0.11,0.,0.11,0.001,0.,0.001
220,0.258,0.003,0.254,0.117,0.,0.117,0.14,0.003,0.136,0.14,0.003,0.136,0.001,0.,0.001
230,0.281,0.,0.281,0.128,0.,0.128,0.152,0.,0.152,0.152,0.,0.152,0.001,0.,0.001
240,0.275,0.,0.275,0.137,0.,0.137,0.138,0.,0.138,0.138,0.,0.138,0.001,0.,0.001
250,0.337,0.,0.337,0.164,0.,0.164,0.172,0.,0.172,0.172,0.,0.172,0.001,0.,0.001
260,0.332,0.003,0.328,0.182,0.,0.182,0.149,0.003,0.145,0.149,0.003,0.145,0.001,0.,0.001
270,0.347,0.,0.347,0.188,0.,0.188,0.158,0.,0.158,0.158,0.,0.158,0.001,0.,0.001
280,0.45,0.,0.45,0.227,0.,0.227,0.223,0.,0.223,0.223,0.,0.223,0.001,0.,0.001
290,0.447,0.,0.447,0.227,0.,0.227,0.218,0.,0.218,0.218,0.,0.218,0.002,0.,0.002
300,0.454,0.,0.454,0.248,0.,0.248,0.205,0.,0.205,0.205,0.,0.205,0.002,0.,0.002
310,0.507,0.003,0.503,0.298,0.001,0.296,0.209,0.002,0.206,0.209,0.002,0.206,0.002,0.002,0.
320,0.544,0.,0.544,0.302,0.,0.302,0.241,0.,0.241,0.241,0.,0.241,0.002,0.,0.002
330,0.67,0.,0.67,0.359,0.,0.359,0.31,0.,0.309,0.31,0.,0.309,0.002,0.,0.002
340,0.636,0.,0.636,0.386,0.,0.386,0.249,0.,0.249,0.249,0.,0.249,0.002,0.,0.002
350,0.701,0.,0.701,0.405,0.,0.405,0.296,0.,0.296,0.296,0.,0.296,0.002,0.,0.002
360,0.73,0.,0.73,0.453,0.,0.453,0.276,0.,0.276,0.276,0.,0.276,0.002,0.,0.002
370,0.823,0.,0.823,0.476,0.,0.476,0.346,0.,0.346,0.346,0.,0.346,0.002,0.,0.002
380,0.839,0.,0.839,0.512,0.,0.512,0.325,0.,0.325,0.325,0.,0.325,0.002,0.,0.002
390,0.858,0.,0.858,0.528,0.,0.528,0.329,0.,0.329,0.329,0.,0.328,0.002,0.,0.002
400,0.986,0.003,0.982,0.613,0.,0.613,0.371,0.003,0.368,0.371,0.003,0.368,0.002,0.,0.002
500,1.711,0.,1.711,1.11,0.,1.11,0.6,0.,0.6,0.6,0.,0.6,0.003,0.,0.003
600,2.798,0.,2.798,1.985,0.,1.985,0.812,0.,0.812,0.812,0.,0.812,0.004,0.,0.004
700,3.908,0.,3.908,2.843,0.,2.843,1.064,0.,1.064,1.064,0.,1.064,0.004,0.,0.004
800,5.659,0.,5.658,4.314,0.,4.313,1.344,0.,1.344,1.344,0.,1.344,0.005,0.,0.005
900,7.744,0.007,7.735,6.026,0.003,6.022,1.717,0.003,1.712,1.717,0.003,1.712,0.006,0.,0.006
1000,10.134,0.007,10.125,8.079,0.003,8.075,2.053,0.004,2.049,2.053,0.004,2.049,0.007,0.,0.007