param-n,abstract+rewrite-strat-bottomup-real,abstract+rewrite-strat-bottomup-sys,abstract+rewrite-strat-bottomup-user,abstract+rewrite-strat-topdown-real,abstract+rewrite-strat-topdown-sys,abstract+rewrite-strat-topdown-user,close-abstract+rewrite-strat-bottomup-real,close-abstract+rewrite-strat-bottomup-sys,close-abstract+rewrite-strat-bottomup-user,close-abstract+rewrite-strat-topdown-real,close-abstract+rewrite-strat-topdown-sys,close-abstract+rewrite-strat-topdown-user,rewrite-strat-bottomup-real,rewrite-strat-bottomup-sys,rewrite-strat-bottomup-user,rewrite-strat-bottomup-noop-real,rewrite-strat-bottomup-noop-sys,rewrite-strat-bottomup-noop-user,rewrite-strat-topdown-real,rewrite-strat-topdown-sys,rewrite-strat-topdown-user,rewrite-strat-topdown-noop-real,rewrite-strat-topdown-noop-sys,rewrite-strat-topdown-noop-user
1,0.,0.,0.,0.001,0.,0.,0.,0.,0.,0.,0.,0.,0.,0.,0.,0.,0.,0.,0.,0.,0.,0.,0.,0.
2,0.001,0.,0.001,0.001,0.,0.001,0.,0.,0.,0.,0.,0.,0.,0.,0.,0.,0.,0.,0.,0.,0.,0.,0.,0.
3,0.001,0.,0.001,0.001,0.,0.001,0.,0.,0.,0.,0.,0.,0.001,0.,0.001,0.,0.,0.,0.,0.,0.,0.,0.,0.
4,0.002,0.,0.002,0.001,0.,0.001,0.,0.,0.,0.,0.,0.,0.001,0.,0.001,0.,0.,0.,0.001,0.,0.001,0.,0.,0.
5,0.003,0.,0.003,0.002,0.,0.002,0.,0.,0.,0.,0.,0.,0.002,0.,0.002,0.,0.,0.,0.001,0.,0.001,0.,0.,0.
6,0.003,0.,0.003,0.002,0.,0.002,0.,0.,0.,0.,0.,0.,0.002,0.,0.002,0.,0.,0.,0.001,0.,0.001,0.,0.,0.
7,0.004,0.,0.004,0.002,0.,0.002,0.001,0.,0.001,0.,0.,0.,0.002,0.,0.002,0.,0.,0.,0.001,0.,0.001,0.,0.,0.
8,0.005,0.,0.005,0.002,0.,0.002,0.001,0.,0.001,0.,0.,0.,0.003,0.,0.003,0.,0.,0.,0.001,0.,0.001,0.,0.,0.
9,0.005,0.,0.005,0.003,0.,0.003,0.001,0.,0.001,0.001,0.,0.001,0.004,0.,0.004,0.,0.,0.,0.001,0.,0.001,0.,0.,0.
10,0.006,0.,0.006,0.003,0.,0.003,0.001,0.,0.001,0.001,0.,0.001,0.004,0.,0.004,0.,0.,0.,0.002,0.,0.002,0.,0.,0.
11,0.007,0.,0.007,0.004,0.,0.004,0.001,0.,0.001,0.001,0.,0.001,0.005,0.,0.005,0.,0.,0.,0.002,0.,0.002,0.,0.,0.
12,0.008,0.,0.008,0.005,0.,0.005,0.002,0.,0.002,0.001,0.,0.001,0.005,0.,0.005,0.,0.,0.,0.002,0.,0.002,0.,0.,0.
13,0.009,0.,0.009,0.005,0.,0.005,0.002,0.,0.002,0.001,0.,0.001,0.006,0.,0.006,0.,0.,0.,0.003,0.,0.003,0.,0.,0.
14,0.01,0.,0.01,0.006,0.,0.006,0.002,0.,0.002,0.002,0.,0.002,0.007,0.,0.007,0.,0.,0.,0.003,0.,0.003,0.,0.,0.
15,0.011,0.,0.011,0.006,0.,0.006,0.003,0.,0.003,0.002,0.,0.002,0.007,0.,0.007,0.,0.,0.,0.003,0.,0.003,0.,0.,0.
16,0.012,0.,0.012,0.007,0.,0.007,0.003,0.,0.003,0.002,0.,0.002,0.008,0.,0.008,0.,0.,0.,0.004,0.,0.004,0.,0.,0.
17,0.013,0.,0.013,0.007,0.,0.007,0.003,0.,0.003,0.002,0.,0.002,0.009,0.,0.009,0.,0.,0.,0.004,0.,0.004,0.,0.,0.
18,0.024,0.,0.024,0.008,0.,0.008,0.013,0.,0.013,0.003,0.,0.003,0.009,0.,0.009,0.,0.,0.,0.004,0.,0.004,0.,0.,0.
19,0.015,0.,0.015,0.008,0.,0.008,0.004,0.,0.004,0.003,0.,0.003,0.01,0.,0.01,0.,0.,0.,0.005,0.,0.005,0.,0.,0.
20,0.017,0.,0.017,0.009,0.,0.009,0.004,0.,0.004,0.003,0.,0.003,0.011,0.,0.011,0.,0.,0.,0.005,0.,0.005,0.,0.,0.
21,0.018,0.,0.018,0.01,0.,0.01,0.005,0.,0.005,0.003,0.,0.003,0.012,0.,0.012,0.,0.,0.,0.005,0.,0.005,0.,0.,0.
22,0.03,0.,0.03,0.021,0.,0.021,0.016,0.,0.016,0.004,0.,0.004,0.013,0.,0.013,0.,0.,0.,0.016,0.,0.016,0.,0.,0.
23,0.021,0.,0.021,0.011,0.,0.011,0.006,0.,0.006,0.004,0.,0.004,0.014,0.,0.014,0.,0.,0.,0.006,0.,0.006,0.,0.,0.
24,0.022,0.,0.022,0.012,0.,0.012,0.006,0.,0.006,0.004,0.,0.004,0.015,0.,0.015,0.,0.,0.,0.007,0.,0.007,0.,0.,0.
25,0.025,0.,0.025,0.013,0.,0.013,0.007,0.,0.007,0.005,0.,0.005,0.016,0.,0.016,0.,0.,0.,0.007,0.,0.007,0.,0.,0.
26,0.027,0.,0.027,0.014,0.,0.014,0.007,0.,0.007,0.005,0.,0.005,0.018,0.,0.018,0.,0.,0.,0.008,0.,0.008,0.,0.,0.
27,0.027,0.,0.027,0.026,0.,0.026,0.008,0.,0.008,0.005,0.,0.005,0.018,0.,0.018,0.,0.,0.,0.02,0.,0.02,0.,0.,0.
28,0.046,0.,0.046,0.016,0.,0.016,0.009,0.,0.009,0.006,0.,0.006,0.036,0.,0.036,0.,0.,0.,0.009,0.,0.009,0.,0.,0.
29,0.031,0.,0.031,0.017,0.,0.017,0.01,0.,0.01,0.006,0.,0.006,0.021,0.,0.021,0.,0.,0.,0.009,0.,0.009,0.,0.,0.
30,0.125,0.,0.125,0.018,0.,0.018,0.101,0.,0.101,0.007,0.,0.007,0.022,0.,0.022,0.,0.,0.,0.01,0.,0.01,0.,0.,0.
31,0.035,0.,0.035,0.02,0.001,0.019,0.011,0.,0.011,0.007,0.,0.007,0.023,0.,0.023,0.,0.,0.,0.012,0.001,0.011,0.,0.,0.
32,0.039,0.,0.039,0.02,0.,0.02,0.014,0.,0.014,0.008,0.,0.008,0.024,0.,0.024,0.,0.,0.,0.011,0.,0.011,0.,0.,0.
33,0.04,0.,0.04,0.02,0.,0.02,0.012,0.,0.012,0.008,0.,0.008,0.026,0.,0.026,0.,0.,0.,0.011,0.,0.011,0.,0.,0.
34,0.061,0.,0.061,0.038,0.,0.038,0.013,0.,0.013,0.009,0.,0.009,0.047,0.,0.047,0.,0.,0.,0.028,0.,0.028,0.,0.,0.
35,0.043,0.,0.043,0.024,0.,0.024,0.013,0.,0.013,0.01,0.,0.01,0.029,0.,0.029,0.,0.,0.,0.013,0.,0.013,0.,0.,0.
36,0.047,0.,0.047,0.114,0.,0.114,0.014,0.,0.014,0.099,0.,0.099,0.032,0.,0.032,0.,0.,0.,0.013,0.,0.013,0.,0.,0.
37,0.049,0.,0.049,0.026,0.,0.026,0.014,0.,0.014,0.011,0.,0.011,0.033,0.,0.033,0.,0.,0.,0.014,0.,0.014,0.,0.,0.
38,0.049,0.,0.049,0.027,0.,0.027,0.014,0.,0.014,0.011,0.,0.011,0.033,0.,0.033,0.,0.,0.,0.014,0.,0.014,0.,0.,0.
39,0.054,0.,0.054,0.03,0.,0.03,0.015,0.,0.015,0.012,0.,0.012,0.037,0.,0.037,0.,0.,0.,0.016,0.,0.016,0.,0.,0.
40,0.066,0.,0.066,0.03,0.,0.03,0.028,0.,0.028,0.012,0.,0.012,0.036,0.,0.036,0.,0.,0.,0.016,0.,0.016,0.,0.,0.
41,0.057,0.,0.057,0.051,0.,0.051,0.017,0.,0.017,0.013,0.,0.013,0.038,0.,0.038,0.,0.,0.,0.036,0.,0.036,0.,0.,0.
42,0.06,0.,0.06,0.033,0.,0.033,0.017,0.,0.017,0.014,0.,0.014,0.041,0.,0.041,0.,0.,0.,0.018,0.,0.018,0.,0.,0.
43,0.079,0.,0.079,0.035,0.,0.035,0.02,0.,0.02,0.014,0.,0.014,0.057,0.,0.057,0.,0.,0.,0.019,0.,0.019,0.,0.,0.
44,0.156,0.,0.156,0.035,0.,0.035,0.021,0.,0.021,0.015,0.,0.015,0.134,0.,0.134,0.,0.,0.,0.019,0.,0.019,0.,0.,0.
45,0.069,0.,0.069,0.036,0.,0.036,0.022,0.,0.022,0.015,0.,0.015,0.046,0.,0.046,0.,0.,0.,0.02,0.,0.02,0.,0.,0.
46,0.093,0.,0.093,0.039,0.001,0.038,0.023,0.,0.023,0.017,0.001,0.015,0.048,0.,0.048,0.02,0.,0.02,0.021,0.,0.021,0.,0.,0.
47,0.075,0.003,0.072,0.039,0.,0.039,0.026,0.003,0.022,0.016,0.,0.016,0.048,0.,0.048,0.,0.,0.,0.022,0.,0.022,0.,0.,0.
48,0.075,0.,0.075,0.053,0.,0.053,0.022,0.,0.022,0.017,0.,0.017,0.051,0.,0.051,0.,0.,0.,0.035,0.,0.035,0.,0.,0.
49,0.078,0.,0.078,0.042,0.,0.042,0.023,0.,0.023,0.017,0.,0.017,0.052,0.,0.052,0.002,0.,0.002,0.024,0.,0.024,0.,0.,0.
50,0.079,0.,0.079,0.044,0.,0.044,0.024,0.,0.024,0.018,0.,0.018,0.054,0.,0.054,0.,0.,0.,0.024,0.,0.024,0.,0.,0.
51,0.094,0.,0.094,0.046,0.,0.046,0.025,0.,0.025,0.018,0.,0.018,0.068,0.,0.068,0.,0.,0.,0.026,0.,0.026,0.,0.,0.
52,0.087,0.,0.087,0.065,0.,0.065,0.026,0.,0.026,0.021,0.,0.021,0.059,0.,0.059,0.,0.,0.,0.042,0.,0.042,0.,0.,0.
53,0.11,0.,0.11,0.141,0.,0.141,0.03,0.,0.03,0.112,0.,0.112,0.078,0.,0.078,0.,0.,0.,0.027,0.,0.027,0.,0.,0.
54,0.188,0.,0.188,0.052,0.,0.052,0.032,0.,0.032,0.023,0.,0.023,0.154,0.,0.154,0.,0.,0.,0.028,0.,0.028,0.,0.,0.
55,0.119,0.,0.119,0.055,0.,0.055,0.052,0.,0.052,0.024,0.,0.024,0.065,0.,0.065,0.,0.,0.,0.03,0.,0.03,0.,0.,0.
56,0.102,0.,0.102,0.076,0.,0.076,0.032,0.,0.032,0.024,0.,0.024,0.068,0.,0.068,0.,0.,0.,0.05,0.,0.05,0.,0.,0.
57,0.104,0.,0.104,0.059,0.,0.059,0.034,0.,0.034,0.024,0.,0.024,0.068,0.,0.068,0.,0.,0.,0.033,0.,0.033,0.,0.,0.
58,0.105,0.,0.105,0.058,0.,0.058,0.031,0.,0.031,0.024,0.,0.024,0.072,0.,0.072,0.,0.,0.,0.032,0.,0.032,0.,0.,0.
59,0.109,0.,0.109,0.061,0.,0.061,0.033,0.,0.033,0.026,0.,0.026,0.074,0.,0.074,0.,0.,0.,0.033,0.,0.033,0.,0.,0.
60,0.113,0.,0.113,0.074,0.,0.074,0.036,0.,0.036,0.038,0.,0.038,0.075,0.,0.075,0.,0.,0.,0.034,0.,0.034,0.,0.,0.
61,0.116,0.,0.116,0.065,0.,0.065,0.036,0.,0.036,0.028,0.,0.028,0.079,0.,0.079,0.,0.,0.,0.035,0.,0.035,0.,0.,0.
62,0.117,0.,0.117,0.084,0.,0.084,0.036,0.,0.036,0.046,0.,0.046,0.079,0.,0.079,0.,0.,0.,0.037,0.,0.037,0.,0.,0.
63,0.122,0.,0.122,0.16,0.,0.16,0.039,0.,0.038,0.121,0.,0.121,0.081,0.,0.081,0.,0.,0.,0.038,0.,0.038,0.,0.,0.
64,0.129,0.,0.129,0.074,0.,0.074,0.039,0.,0.039,0.034,0.,0.034,0.088,0.,0.088,0.,0.,0.,0.038,0.,0.038,0.,0.,0.
65,0.138,0.,0.138,0.093,0.,0.093,0.039,0.,0.039,0.032,0.,0.032,0.097,0.,0.097,0.,0.,0.,0.059,0.,0.059,0.,0.,0.
66,0.138,0.,0.138,0.077,0.,0.077,0.044,0.,0.044,0.032,0.,0.032,0.093,0.,0.093,0.,0.,0.,0.043,0.,0.043,0.,0.,0.
67,0.139,0.,0.139,0.075,0.,0.075,0.044,0.,0.044,0.031,0.,0.031,0.093,0.,0.093,0.,0.,0.,0.042,0.,0.042,0.,0.,0.
68,0.144,0.,0.144,0.078,0.,0.078,0.046,0.,0.046,0.031,0.,0.031,0.097,0.,0.097,0.,0.,0.,0.045,0.,0.045,0.,0.,0.
69,0.147,0.,0.147,0.081,0.,0.081,0.046,0.,0.046,0.034,0.,0.034,0.099,0.,0.099,0.,0.,0.,0.045,0.,0.045,0.,0.,0.
70,0.149,0.,0.149,0.083,0.,0.083,0.047,0.,0.047,0.035,0.,0.035,0.1,0.,0.1,0.,0.,0.,0.046,0.,0.046,0.,0.,0.
71,0.154,0.,0.154,0.085,0.002,0.083,0.049,0.,0.049,0.034,0.,0.034,0.103,0.,0.103,0.,0.,0.,0.049,0.002,0.047,0.,0.,0.
72,0.16,0.,0.16,0.092,0.,0.092,0.05,0.,0.05,0.038,0.,0.038,0.107,0.,0.107,0.,0.,0.,0.051,0.,0.051,0.,0.,0.
73,0.165,0.,0.165,0.092,0.,0.092,0.053,0.,0.053,0.038,0.,0.038,0.11,0.,0.11,0.,0.,0.,0.051,0.,0.051,0.,0.,0.
74,0.168,0.,0.168,0.093,0.,0.093,0.053,0.,0.053,0.037,0.,0.037,0.112,0.,0.112,0.,0.,0.,0.053,0.,0.053,0.,0.,0.
75,0.179,0.,0.179,0.1,0.,0.099,0.052,0.,0.052,0.043,0.,0.043,0.124,0.,0.124,0.,0.,0.,0.054,0.,0.054,0.,0.,0.
76,0.181,0.,0.181,0.097,0.,0.097,0.056,0.,0.056,0.04,0.,0.04,0.123,0.,0.123,0.,0.,0.,0.055,0.,0.055,0.,0.,0.
77,0.183,0.,0.183,0.098,0.,0.098,0.057,0.,0.057,0.04,0.,0.04,0.123,0.,0.123,0.,0.,0.,0.055,0.,0.055,0.,0.,0.
78,0.182,0.,0.182,0.099,0.,0.099,0.057,0.,0.057,0.039,0.,0.039,0.123,0.,0.123,0.,0.,0.,0.057,0.,0.057,0.,0.,0.
79,0.188,0.,0.188,0.105,0.,0.105,0.06,0.,0.06,0.045,0.,0.045,0.125,0.,0.125,0.,0.,0.,0.058,0.,0.058,0.001,0.,0.001
80,0.199,0.,0.199,0.105,0.,0.105,0.061,0.,0.061,0.044,0.,0.044,0.136,0.,0.136,0.,0.,0.,0.059,0.,0.059,0.,0.,0.
81,0.205,0.,0.205,0.107,0.,0.107,0.07,0.,0.07,0.045,0.,0.045,0.133,0.,0.133,0.,0.,0.,0.06,0.,0.06,0.001,0.,0.001
82,0.224,0.,0.224,0.108,0.,0.108,0.077,0.,0.077,0.046,0.,0.046,0.145,0.,0.145,0.001,0.,0.001,0.06,0.,0.06,0.,0.,0.
83,0.218,0.,0.218,0.112,0.,0.112,0.073,0.,0.073,0.046,0.,0.046,0.143,0.,0.143,0.001,0.,0.001,0.064,0.,0.064,0.001,0.,0.001
84,0.219,0.,0.219,0.12,0.,0.12,0.076,0.,0.076,0.047,0.,0.047,0.141,0.,0.141,0.001,0.,0.001,0.071,0.,0.071,0.001,0.,0.001
85,0.241,0.,0.241,0.13,0.003,0.126,0.084,0.,0.084,0.048,0.,0.048,0.155,0.,0.155,0.,0.,0.,0.079,0.003,0.076,0.001,0.,0.001
86,0.228,0.,0.228,0.128,0.003,0.124,0.078,0.,0.078,0.054,0.003,0.05,0.148,0.,0.148,0.001,0.,0.001,0.072,0.,0.072,0.001,0.,0.001
87,0.246,0.,0.246,0.128,0.004,0.124,0.084,0.,0.084,0.055,0.003,0.051,0.159,0.,0.159,0.001,0.,0.001,0.071,0.,0.071,0.001,0.,0.001
88,0.245,0.,0.245,0.126,0.,0.126,0.082,0.,0.082,0.053,0.,0.053,0.16,0.,0.16,0.001,0.,0.001,0.071,0.,0.071,0.001,0.,0.001
89,0.263,0.003,0.259,0.136,0.,0.133,0.094,0.,0.094,0.055,0.,0.055,0.167,0.003,0.163,0.001,0.,0.001,0.078,0.,0.075,0.001,0.,0.001
90,0.262,0.,0.262,0.134,0.,0.134,0.087,0.,0.087,0.056,0.,0.056,0.173,0.,0.173,0.001,0.,0.001,0.075,0.,0.075,0.001,0.,0.001
91,0.269,0.003,0.265,0.136,0.003,0.132,0.087,0.,0.087,0.057,0.003,0.054,0.179,0.003,0.175,0.001,0.,0.001,0.075,0.,0.075,0.001,0.,0.001
92,0.277,0.,0.277,0.147,0.,0.147,0.097,0.,0.097,0.066,0.,0.066,0.177,0.,0.177,0.001,0.,0.001,0.078,0.,0.078,0.001,0.,0.001
93,0.27,0.,0.27,0.155,0.,0.155,0.092,0.,0.092,0.069,0.,0.069,0.175,0.,0.175,0.001,0.,0.001,0.083,0.,0.083,0.001,0.,0.001
94,0.269,0.,0.269,0.155,0.,0.155,0.086,0.,0.086,0.068,0.,0.068,0.18,0.,0.18,0.001,0.,0.001,0.084,0.,0.084,0.001,0.,0.001
95,0.271,0.003,0.267,0.156,0.,0.156,0.084,0.,0.084,0.07,0.,0.07,0.184,0.003,0.18,0.001,0.,0.001,0.084,0.,0.084,0.001,0.,0.001
96,0.289,0.,0.289,0.166,0.,0.166,0.09,0.,0.09,0.073,0.,0.073,0.196,0.,0.196,0.001,0.,0.001,0.089,0.,0.089,0.001,0.,0.001
97,0.283,0.,0.283,0.169,0.,0.169,0.093,0.,0.093,0.069,0.,0.069,0.186,0.,0.186,0.001,0.,0.001,0.093,0.,0.093,0.005,0.,0.005
98,0.286,0.,0.286,0.182,0.,0.182,0.091,0.,0.091,0.08,0.,0.08,0.192,0.,0.192,0.001,0.,0.001,0.099,0.,0.099,0.001,0.,0.001
99,0.293,0.,0.293,0.187,0.015,0.168,0.093,0.,0.093,0.081,0.,0.081,0.197,0.,0.197,0.001,0.,0.001,0.103,0.015,0.084,0.001,0.,0.001
100,0.324,0.,0.324,0.176,0.003,0.173,0.114,0.,0.114,0.075,0.001,0.073,0.209,0.,0.209,0.001,0.,0.001,0.099,0.,0.099,0.001,0.001,0.
110,0.36,0.,0.36,0.212,0.,0.212,0.116,0.,0.116,0.096,0.,0.096,0.241,0.,0.241,0.001,0.,0.001,0.113,0.,0.113,0.001,0.,0.001
120,0.433,0.,0.433,0.279,0.007,0.271,0.143,0.,0.143,0.13,0.004,0.126,0.286,0.,0.286,0.001,0.,0.001,0.146,0.003,0.142,0.001,0.,0.001
130,0.518,0.,0.518,0.32,0.,0.319,0.174,0.,0.174,0.142,0.,0.142,0.341,0.,0.341,0.001,0.,0.001,0.174,0.,0.174,0.001,0.,0.001
140,0.643,0.003,0.639,0.393,0.003,0.389,0.233,0.003,0.229,0.193,0.003,0.189,0.406,0.,0.406,0.002,0.,0.002,0.196,0.,0.196,0.001,0.,0.001
150,0.791,0.003,0.787,0.504,0.,0.504,0.241,0.,0.241,0.185,0.,0.185,0.547,0.003,0.543,0.002,0.,0.001,0.316,0.,0.316,0.002,0.,0.002
160,0.837,0.,0.837,0.448,0.,0.448,0.305,0.,0.305,0.193,0.,0.193,0.528,0.,0.528,0.002,0.,0.002,0.251,0.,0.251,0.002,0.,0.002
170,0.904,0.007,0.896,0.531,0.007,0.523,0.306,0.,0.306,0.226,0.,0.226,0.593,0.007,0.585,0.002,0.,0.002,0.3,0.007,0.292,0.002,0.,0.002
180,1.001,0.008,0.993,0.593,0.003,0.589,0.338,0.004,0.334,0.261,0.,0.261,0.658,0.003,0.654,0.002,0.,0.002,0.328,0.003,0.324,0.002,0.,0.002
190,1.1,0.,1.1,0.698,0.,0.698,0.346,0.,0.346,0.329,0.,0.329,0.749,0.,0.749,0.003,0.,0.003,0.364,0.,0.364,0.003,0.,0.003
200,1.476,0.003,1.472,0.842,0.,0.842,0.4,0.,0.4,0.414,0.,0.414,0.971,0.003,0.967,0.104,0.,0.104,0.423,0.,0.423,0.003,0.,0.003
210,1.426,0.,1.426,0.852,0.007,0.844,0.51,0.,0.51,0.374,0.003,0.37,0.91,0.,0.91,0.003,0.,0.003,0.472,0.003,0.468,0.003,0.,0.003
220,1.54,0.011,1.528,0.855,0.,0.855,0.471,0.003,0.467,0.352,0.,0.352,1.064,0.008,1.056,0.003,0.,0.003,0.498,0.,0.498,0.003,0.,0.003
230,1.62,0.,1.62,1.013,0.012,1.001,0.512,0.,0.512,0.42,0.,0.419,1.102,0.,1.102,0.004,0.,0.004,0.587,0.011,0.575,0.004,0.,0.004
240,1.872,0.,1.871,1.108,0.,1.108,0.658,0.,0.658,0.478,0.,0.477,1.207,0.,1.207,0.004,0.,0.004,0.624,0.,0.624,0.004,0.,0.004
250,2.016,0.011,2.004,1.303,0.011,1.291,0.596,0.007,0.588,0.54,0.004,0.536,1.414,0.003,1.41,0.004,0.,0.004,0.757,0.007,0.749,0.004,0.,0.004
260,2.118,0.007,2.109,1.234,0.003,1.23,0.641,0.004,0.637,0.485,0.,0.485,1.469,0.003,1.465,0.005,0.,0.005,0.741,0.003,0.737,0.005,0.,0.005
270,2.297,0.003,2.291,1.319,0.011,1.307,0.714,0.,0.714,0.531,0.003,0.527,1.576,0.003,1.57,0.005,0.,0.005,0.781,0.007,0.773,0.005,0.,0.005
280,2.584,0.,2.584,1.555,0.,1.555,0.889,0.,0.889,0.653,0.,0.652,1.688,0.,1.688,0.005,0.,0.005,0.895,0.,0.895,0.005,0.,0.005
290,2.704,0.003,2.7,1.549,0.,1.548,0.834,0.,0.834,0.605,0.,0.605,1.862,0.003,1.858,0.005,0.,0.006,0.936,0.,0.936,0.006,0.,0.006
300,2.953,0.012,2.941,1.657,0.019,1.637,1.003,0.003,0.999,0.638,0.007,0.63,1.943,0.007,1.935,0.006,0.,0.006,1.011,0.011,0.999,0.006,0.,0.006
310,3.21,0.,3.21,1.943,0.,1.943,0.944,0.,0.944,0.774,0.,0.774,2.257,0.,2.257,0.006,0.,0.006,1.16,0.,1.16,0.006,0.,0.006
320,3.751,0.015,3.735,2.005,0.,2.005,1.15,0.003,1.146,0.747,0.,0.747,2.579,0.011,2.566,0.02,0.,0.02,1.248,0.,1.248,0.007,0.,0.007
330,3.535,0.,3.535,2.031,0.,2.03,1.058,0.,1.057,0.835,0.,0.835,2.468,0.,2.468,0.007,0.,0.007,1.186,0.,1.186,0.007,0.,0.007
340,3.824,0.,3.824,2.189,0.,2.189,1.179,0.,1.179,0.831,0.,0.831,2.635,0.,2.635,0.007,0.,0.007,1.347,0.,1.347,0.007,0.,0.007
350,4.132,0.031,4.099,2.407,0.027,2.379,1.292,0.004,1.288,0.888,0.008,0.879,2.83,0.027,2.802,0.008,0.,0.008,1.51,0.019,1.49,0.007,0.,0.007
360,4.799,0.008,4.791,2.868,0.011,2.856,1.43,0.,1.429,1.06,0.008,1.052,3.359,0.008,3.351,0.008,0.,0.008,1.797,0.003,1.793,0.008,0.,0.008
370,4.709,0.,4.709,2.608,0.007,2.6,1.533,0.,1.533,0.981,0.,0.981,3.165,0.,3.165,0.008,0.,0.008,1.615,0.007,1.607,0.008,0.,0.008
380,5.112,0.,5.112,2.871,0.003,2.867,1.621,0.,1.621,1.031,0.003,1.027,3.466,0.,3.466,0.022,0.,0.022,1.828,0.,1.828,0.009,0.,0.009
390,5.294,0.003,5.29,3.336,0.007,3.328,1.667,0.003,1.663,1.253,0.,1.252,3.615,0.,3.615,0.009,0.,0.009,2.072,0.007,2.063,0.009,0.,0.009
400,5.38,0.027,5.351,3.036,0.,3.036,1.535,0.003,1.531,1.18,0.,1.18,3.833,0.023,3.809,0.009,0.,0.009,1.845,0.,1.844,0.01,0.,0.01