param-n,abstract-regression-cubic-real,abstract-regression-cubic-sys,abstract-regression-cubic-user,close-abstract-regression-cubic-real,close-abstract-regression-cubic-sys,close-abstract-regression-cubic-user,fast-rewrite-regression-cubic-real,fast-rewrite-regression-cubic-sys,fast-rewrite-regression-cubic-user,pose-build-and-refine-regression-cubic-real,pose-build-and-refine-regression-cubic-sys,pose-build-and-refine-regression-cubic-user,refine-regression-quadratic-regression-linear-real,refine-regression-quadratic-regression-linear-sys,refine-regression-quadratic-regression-linear-user
1,0.,0.,0.,0.,0.,0.,0.,0.,0.,0.,0.,0.,0.,0.,0.
2,0.,0.,0.,0.,0.,0.,0.,0.,0.,0.,0.,0.,0.,0.,0.
3,0.,0.,0.,0.,0.,0.,0.,0.,0.,0.,0.,0.,0.,0.,0.
4,0.,0.,0.,0.,0.,0.,0.,0.,0.,0.,0.,0.,0.,0.,0.
5,0.,0.,0.,0.,0.,0.,0.,0.,0.,0.,0.,0.,0.,0.,0.
6,0.001,0.,0.001,0.,0.,0.,0.,0.,0.,0.,0.,0.,0.,0.,0.
7,0.001,0.,0.001,0.,0.,0.,0.,0.,0.,0.,0.,0.,0.,0.,0.
8,0.001,0.001,0.,0.,0.,0.,0.,0.,0.,0.,0.,0.,0.,0.,0.
9,0.001,0.001,0.,0.,0.,0.,0.,0.,0.,0.,0.,0.,0.,0.,0.
10,0.001,0.,0.,0.,0.,0.,0.001,0.,0.,0.001,0.,0.,0.,0.,0.
11,0.001,0.001,0.,0.,0.,0.,0.001,0.001,0.,0.001,0.001,0.,0.,0.,0.
12,0.002,0.002,0.,0.,0.,0.,0.001,0.001,0.,0.001,0.001,0.,0.,0.,0.
13,0.002,0.002,0.,0.,0.,0.,0.001,0.001,0.,0.001,0.001,0.,0.,0.,0.
14,0.045,0.,0.045,0.,0.,0.,0.044,0.,0.044,0.044,0.,0.044,0.,0.,0.
15,0.001,0.,0.001,0.,0.,0.,0.001,0.,0.001,0.001,0.,0.001,0.,0.,0.
16,0.002,0.,0.002,0.,0.,0.,0.001,0.,0.001,0.001,0.,0.001,0.,0.,0.
17,0.002,0.,0.002,0.,0.,0.,0.001,0.,0.001,0.001,0.,0.001,0.,0.,0.
18,0.002,0.,0.002,0.,0.,0.,0.001,0.,0.001,0.001,0.,0.001,0.,0.,0.
19,0.002,0.,0.002,0.,0.,0.,0.001,0.,0.001,0.001,0.,0.001,0.,0.,0.
20,0.002,0.,0.002,0.,0.,0.,0.001,0.,0.001,0.001,0.,0.001,0.,0.,0.
21,0.002,0.,0.002,0.,0.,0.,0.001,0.,0.001,0.001,0.,0.001,0.,0.,0.
22,0.002,0.,0.002,0.,0.,0.,0.001,0.,0.001,0.001,0.,0.001,0.,0.,0.
23,0.002,0.,0.002,0.,0.,0.,0.001,0.,0.001,0.001,0.,0.001,0.,0.,0.
24,0.003,0.,0.003,0.,0.,0.,0.002,0.,0.002,0.001,0.,0.001,0.,0.,0.
25,0.003,0.,0.003,0.,0.,0.,0.002,0.,0.002,0.002,0.,0.002,0.,0.,0.
26,0.003,0.,0.003,0.,0.,0.,0.002,0.,0.002,0.002,0.,0.002,0.,0.,0.
27,0.003,0.,0.003,0.001,0.,0.001,0.002,0.,0.002,0.002,0.,0.002,0.,0.,0.
28,0.003,0.,0.003,0.001,0.,0.001,0.002,0.,0.002,0.002,0.,0.002,0.,0.,0.
29,0.005,0.,0.005,0.001,0.,0.001,0.004,0.,0.004,0.004,0.,0.004,0.,0.,0.
30,0.003,0.,0.003,0.001,0.,0.001,0.002,0.,0.002,0.002,0.,0.002,0.,0.,0.
31,0.004,0.,0.004,0.001,0.,0.001,0.002,0.,0.002,0.002,0.,0.002,0.,0.,0.
32,0.004,0.,0.004,0.001,0.,0.001,0.002,0.,0.002,0.002,0.,0.002,0.,0.,0.
33,0.004,0.,0.004,0.001,0.,0.001,0.002,0.,0.002,0.002,0.,0.002,0.,0.,0.
34,0.004,0.,0.004,0.001,0.,0.001,0.002,0.,0.002,0.002,0.,0.002,0.,0.,0.
35,0.004,0.,0.004,0.001,0.,0.001,0.003,0.,0.003,0.002,0.,0.003,0.,0.,0.
36,0.004,0.,0.004,0.001,0.,0.001,0.003,0.,0.003,0.003,0.,0.003,0.,0.,0.
37,0.005,0.,0.005,0.001,0.,0.001,0.003,0.,0.003,0.003,0.,0.003,0.,0.,0.
38,0.005,0.,0.005,0.001,0.,0.001,0.003,0.,0.003,0.003,0.,0.003,0.,0.,0.
39,0.005,0.,0.005,0.001,0.,0.001,0.003,0.,0.003,0.003,0.,0.003,0.,0.,0.
40,0.005,0.,0.005,0.002,0.,0.002,0.003,0.,0.003,0.003,0.,0.003,0.,0.,0.
41,0.006,0.,0.006,0.002,0.,0.002,0.003,0.,0.003,0.003,0.,0.003,0.,0.,0.
42,0.006,0.,0.006,0.002,0.,0.002,0.003,0.,0.003,0.003,0.,0.003,0.,0.,0.
43,0.006,0.,0.006,0.002,0.,0.002,0.003,0.,0.003,0.003,0.,0.003,0.,0.,0.
44,0.006,0.,0.006,0.002,0.,0.002,0.004,0.,0.004,0.004,0.,0.004,0.,0.,0.
45,0.006,0.,0.006,0.002,0.,0.002,0.004,0.,0.004,0.004,0.,0.004,0.,0.,0.
46,0.009,0.,0.009,0.002,0.,0.002,0.006,0.,0.006,0.006,0.,0.006,0.003,0.,0.003
47,0.007,0.,0.007,0.002,0.,0.002,0.004,0.,0.004,0.004,0.,0.004,0.,0.,0.
48,0.007,0.,0.007,0.002,0.,0.002,0.004,0.,0.004,0.004,0.,0.004,0.,0.,0.
49,0.007,0.,0.007,0.002,0.,0.002,0.004,0.,0.004,0.004,0.,0.004,0.,0.,0.
50,0.008,0.,0.008,0.003,0.,0.003,0.005,0.,0.005,0.005,0.,0.005,0.,0.,0.
51,0.007,0.,0.007,0.002,0.,0.002,0.004,0.,0.004,0.004,0.,0.004,0.,0.,0.
52,0.008,0.,0.008,0.003,0.,0.003,0.004,0.,0.004,0.004,0.,0.004,0.,0.,0.
53,0.008,0.,0.008,0.003,0.,0.003,0.004,0.,0.004,0.004,0.,0.004,0.,0.,0.
54,0.014,0.,0.014,0.003,0.,0.003,0.01,0.,0.01,0.01,0.,0.01,0.,0.,0.
55,0.008,0.,0.008,0.003,0.,0.003,0.005,0.,0.005,0.005,0.,0.005,0.,0.,0.
56,0.009,0.,0.009,0.003,0.,0.003,0.005,0.,0.005,0.005,0.,0.005,0.,0.,0.
57,0.009,0.,0.009,0.003,0.,0.003,0.005,0.,0.005,0.005,0.,0.005,0.,0.,0.
58,0.009,0.,0.009,0.003,0.,0.003,0.005,0.,0.005,0.005,0.,0.005,0.,0.,0.
59,0.011,0.,0.011,0.005,0.,0.005,0.005,0.,0.005,0.005,0.,0.005,0.,0.,0.
60,0.01,0.,0.01,0.004,0.,0.004,0.005,0.,0.005,0.005,0.,0.005,0.,0.,0.
61,0.01,0.,0.01,0.004,0.,0.004,0.005,0.,0.005,0.005,0.,0.005,0.,0.,0.
62,0.01,0.003,0.007,0.004,0.,0.004,0.005,0.002,0.003,0.005,0.002,0.003,0.,0.,0.
63,0.011,0.,0.011,0.004,0.,0.004,0.006,0.,0.006,0.005,0.,0.005,0.,0.,0.
64,0.013,0.,0.013,0.007,0.,0.007,0.006,0.,0.006,0.006,0.,0.006,0.,0.,0.
65,0.011,0.,0.011,0.005,0.,0.005,0.006,0.,0.006,0.006,0.,0.006,0.,0.,0.
66,0.011,0.,0.011,0.004,0.,0.004,0.006,0.,0.006,0.006,0.,0.006,0.,0.,0.
67,0.011,0.,0.011,0.005,0.,0.005,0.006,0.,0.006,0.006,0.,0.006,0.,0.,0.
68,0.012,0.,0.012,0.005,0.,0.005,0.006,0.,0.006,0.006,0.,0.006,0.,0.,0.
69,0.014,0.,0.014,0.005,0.,0.005,0.009,0.,0.009,0.009,0.,0.009,0.,0.,0.
70,0.012,0.,0.012,0.005,0.,0.005,0.006,0.,0.006,0.006,0.,0.006,0.,0.,0.
71,0.012,0.,0.012,0.005,0.,0.005,0.006,0.,0.006,0.006,0.,0.006,0.,0.,0.
72,0.013,0.,0.013,0.005,0.,0.005,0.006,0.,0.006,0.006,0.,0.006,0.,0.,0.
73,0.017,0.,0.017,0.01,0.,0.01,0.006,0.,0.006,0.006,0.,0.006,0.,0.,0.
74,0.013,0.,0.013,0.006,0.,0.006,0.007,0.,0.007,0.007,0.,0.007,0.,0.,0.
75,0.014,0.,0.014,0.006,0.,0.006,0.007,0.,0.007,0.007,0.,0.007,0.,0.,0.
76,0.014,0.,0.014,0.006,0.,0.006,0.007,0.,0.007,0.007,0.,0.007,0.,0.,0.
77,0.014,0.,0.014,0.006,0.,0.006,0.007,0.,0.007,0.007,0.,0.007,0.,0.,0.
78,0.015,0.,0.015,0.006,0.,0.006,0.007,0.,0.007,0.007,0.,0.007,0.,0.,0.
79,0.015,0.,0.015,0.007,0.,0.007,0.007,0.,0.007,0.007,0.,0.007,0.,0.,0.
80,0.015,0.,0.015,0.007,0.,0.007,0.007,0.,0.007,0.007,0.,0.007,0.,0.,0.
81,0.017,0.,0.017,0.009,0.,0.009,0.008,0.,0.008,0.008,0.,0.008,0.,0.,0.
82,0.016,0.003,0.012,0.007,0.003,0.003,0.008,0.,0.008,0.008,0.,0.008,0.,0.,0.
83,0.016,0.,0.016,0.007,0.,0.007,0.008,0.,0.008,0.008,0.,0.008,0.,0.,0.
84,0.016,0.,0.016,0.008,0.,0.008,0.008,0.,0.008,0.008,0.,0.008,0.,0.,0.
85,0.019,0.,0.019,0.008,0.,0.008,0.01,0.,0.01,0.01,0.,0.01,0.,0.,0.
86,0.017,0.,0.017,0.008,0.,0.008,0.008,0.,0.008,0.008,0.,0.008,0.,0.,0.
87,0.017,0.,0.017,0.008,0.,0.008,0.008,0.,0.008,0.008,0.,0.008,0.,0.,0.
88,0.018,0.,0.018,0.008,0.,0.008,0.008,0.,0.008,0.008,0.,0.008,0.,0.,0.
89,0.018,0.,0.018,0.009,0.,0.009,0.008,0.,0.008,0.008,0.,0.008,0.,0.,0.
90,0.019,0.,0.019,0.009,0.,0.009,0.009,0.,0.009,0.009,0.,0.009,0.,0.,0.
91,0.019,0.,0.019,0.009,0.,0.009,0.009,0.,0.009,0.009,0.,0.009,0.,0.,0.
92,0.021,0.,0.021,0.01,0.,0.01,0.011,0.,0.011,0.011,0.,0.011,0.,0.,0.
93,0.02,0.,0.02,0.01,0.,0.01,0.009,0.,0.009,0.009,0.,0.009,0.,0.,0.
94,0.02,0.,0.02,0.01,0.,0.01,0.009,0.,0.009,0.009,0.,0.009,0.,0.,0.
95,0.024,0.,0.024,0.01,0.,0.01,0.013,0.,0.013,0.013,0.,0.013,0.,0.,0.
96,0.021,0.,0.021,0.011,0.,0.011,0.009,0.,0.009,0.009,0.,0.009,0.,0.,0.
97,0.021,0.,0.021,0.011,0.,0.011,0.009,0.,0.009,0.009,0.,0.009,0.,0.,0.
98,0.024,0.,0.024,0.011,0.,0.011,0.012,0.,0.012,0.012,0.,0.012,0.,0.,0.
99,0.022,0.,0.022,0.011,0.,0.011,0.01,0.,0.01,0.01,0.,0.01,0.,0.,0.
100,0.025,0.,0.025,0.012,0.,0.012,0.012,0.,0.012,0.012,0.,0.012,0.,0.,0.
110,0.027,0.,0.027,0.015,0.,0.015,0.011,0.,0.011,0.011,0.,0.011,0.,0.,0.
120,0.037,0.,0.037,0.018,0.,0.018,0.018,0.,0.018,0.018,0.,0.018,0.001,0.,0.001
130,0.048,0.,0.048,0.022,0.,0.022,0.025,0.,0.025,0.025,0.,0.025,0.,0.,0.
140,0.057,0.,0.057,0.027,0.,0.027,0.029,0.,0.029,0.029,0.,0.029,0.001,0.,0.001
150,0.059,0.,0.059,0.032,0.,0.032,0.027,0.,0.027,0.027,0.,0.027,0.001,0.,0.001
160,0.073,0.,0.073,0.033,0.,0.033,0.039,0.,0.039,0.039,0.,0.039,0.001,0.,0.001
170,0.086,0.,0.086,0.039,0.,0.039,0.046,0.,0.046,0.046,0.,0.046,0.001,0.,0.001
180,0.099,0.,0.099,0.045,0.,0.045,0.052,0.,0.052,0.052,0.,0.052,0.001,0.,0.001
190,0.111,0.003,0.107,0.053,0.,0.053,0.058,0.003,0.054,0.058,0.003,0.054,0.001,0.,0.001
200,0.134,0.003,0.13,0.07,0.,0.07,0.064,0.003,0.06,0.064,0.003,0.06,0.001,0.,0.001
210,0.12,0.004,0.116,0.068,0.,0.068,0.051,0.003,0.047,0.051,0.003,0.047,0.001,0.,0.001
220,0.134,0.003,0.13,0.077,0.,0.077,0.055,0.003,0.051,0.055,0.003,0.051,0.001,0.,0.001
230,0.148,0.003,0.144,0.087,0.,0.087,0.06,0.003,0.056,0.06,0.003,0.056,0.001,0.,0.001
240,0.181,0.003,0.177,0.114,0.,0.114,0.066,0.003,0.062,0.066,0.003,0.062,0.001,0.,0.001
250,0.22,0.,0.22,0.128,0.,0.128,0.091,0.,0.091,0.091,0.,0.091,0.001,0.,0.001
260,0.24,0.003,0.236,0.144,0.,0.144,0.095,0.003,0.091,0.095,0.003,0.091,0.001,0.,0.001
270,0.272,0.,0.272,0.16,0.,0.159,0.111,0.,0.111,0.111,0.,0.111,0.001,0.,0.001
280,0.299,0.,0.299,0.176,0.,0.176,0.122,0.,0.122,0.122,0.,0.122,0.002,0.,0.002
290,0.299,0.,0.299,0.194,0.,0.194,0.104,0.,0.104,0.104,0.,0.104,0.002,0.,0.002
300,0.346,0.003,0.342,0.214,0.,0.214,0.132,0.003,0.128,0.132,0.003,0.128,0.002,0.,0.002
310,0.338,0.003,0.334,0.233,0.,0.233,0.104,0.003,0.1,0.104,0.003,0.1,0.002,0.,0.002
320,0.361,0.,0.361,0.254,0.,0.254,0.105,0.,0.105,0.105,0.,0.105,0.002,0.,0.002
330,0.421,0.,0.421,0.279,0.,0.279,0.14,0.,0.14,0.14,0.,0.14,0.002,0.,0.002
340,0.469,0.,0.469,0.306,0.,0.306,0.162,0.,0.162,0.162,0.,0.162,0.002,0.,0.002
350,0.467,0.003,0.463,0.328,0.003,0.325,0.138,0.,0.138,0.138,0.,0.138,0.002,0.,0.002
360,0.513,0.003,0.509,0.357,0.,0.357,0.155,0.003,0.151,0.155,0.003,0.151,0.002,0.,0.002
370,0.526,0.,0.526,0.386,0.,0.386,0.138,0.,0.138,0.138,0.,0.138,0.002,0.,0.002
380,0.571,0.,0.571,0.419,0.,0.418,0.151,0.,0.151,0.151,0.,0.151,0.002,0.,0.002
390,0.659,0.,0.659,0.452,0.,0.452,0.206,0.,0.206,0.206,0.,0.206,0.002,0.,0.002
400,0.657,0.004,0.652,0.499,0.,0.499,0.157,0.004,0.153,0.157,0.004,0.153,0.003,0.,0.002
500,1.165,0.,1.165,0.919,0.,0.919,0.245,0.,0.244,0.245,0.,0.244,0.003,0.,0.003
600,1.913,0.,1.913,1.589,0.,1.589,0.322,0.,0.322,0.322,0.,0.322,0.004,0.,0.004
700,2.891,0.,2.89,2.46,0.,2.46,0.429,0.,0.429,0.429,0.,0.429,0.005,0.,0.005
800,4.218,0.,4.218,3.651,0.,3.65,0.566,0.,0.566,0.566,0.,0.566,0.006,0.,0.006
900,5.856,0.,5.855,5.201,0.,5.2,0.654,0.,0.654,0.654,0.,0.654,0.006,0.,0.006
1000,7.88,0.,7.879,7.115,0.,7.114,0.763,0.,0.763,0.763,0.,0.763,0.007,0.,0.007