param-n,autorewrite-noop-regression-quadratic-real,autorewrite-noop-regression-quadratic-sys,autorewrite-noop-regression-quadratic-user,try-rewrite!-evar-noop-regression-quadratic-real,try-rewrite!-evar-noop-regression-quadratic-sys,try-rewrite!-evar-noop-regression-quadratic-user,try-rewrite!-noop-regression-quadratic-real,try-rewrite!-noop-regression-quadratic-sys,try-rewrite!-noop-regression-quadratic-user,try-rewrite-evar-noop-regression-quadratic-real,try-rewrite-evar-noop-regression-quadratic-sys,try-rewrite-evar-noop-regression-quadratic-user,try-rewrite-noop-regression-quadratic-real,try-rewrite-noop-regression-quadratic-sys,try-rewrite-noop-regression-quadratic-user,try-rewrite?-evar-noop-regression-quadratic-real,try-rewrite?-evar-noop-regression-quadratic-sys,try-rewrite?-evar-noop-regression-quadratic-user,try-rewrite?-noop-regression-quadratic-real,try-rewrite?-noop-regression-quadratic-sys,try-rewrite?-noop-regression-quadratic-user,try-ssr-rewrite!-evar-noop-regression-linear-real,try-ssr-rewrite!-evar-noop-regression-linear-sys,try-ssr-rewrite!-evar-noop-regression-linear-user,try-ssr-rewrite!-noop-regression-linear-real,try-ssr-rewrite!-noop-regression-linear-sys,try-ssr-rewrite!-noop-regression-linear-user,try-ssr-rewrite-evar-noop-regression-linear-real,try-ssr-rewrite-evar-noop-regression-linear-sys,try-ssr-rewrite-evar-noop-regression-linear-user,try-ssr-rewrite-noop-regression-linear-real,try-ssr-rewrite-noop-regression-linear-sys,try-ssr-rewrite-noop-regression-linear-user,try-ssr-rewrite?-evar-noop-regression-linear-real,try-ssr-rewrite?-evar-noop-regression-linear-sys,try-ssr-rewrite?-evar-noop-regression-linear-user,try-ssr-rewrite?-noop-regression-linear-real,try-ssr-rewrite?-noop-regression-linear-sys,try-ssr-rewrite?-noop-regression-linear-user
1,0.,0.,0.,0.,0.,0.,0.,0.,0.,0.,0.,0.,0.,0.,0.,0.,0.,0.,0.,0.,0.,0.,0.,0.,0.,0.,0.,0.,0.,0.,0.,0.,0.,0.,0.,0.,0.,0.,0.
2,0.,0.,0.,0.,0.,0.,0.,0.,0.,0.,0.,0.,0.,0.,0.,0.,0.,0.,0.,0.,0.,0.,0.,0.,0.,0.,0.,0.,0.,0.,0.,0.,0.,0.,0.,0.,0.,0.,0.
3,0.,0.,0.,0.,0.,0.,0.,0.,0.,0.,0.,0.,0.,0.,0.,0.,0.,0.,0.,0.,0.,0.,0.,0.,0.,0.,0.,0.,0.,0.,0.,0.,0.,0.,0.,0.,0.,0.,0.
4,0.,0.,0.,0.,0.,0.,0.,0.,0.,0.,0.,0.,0.,0.,0.,0.,0.,0.,0.,0.,0.,0.,0.,0.,0.,0.,0.,0.,0.,0.,0.,0.,0.,0.,0.,0.,0.,0.,0.
8,0.,0.,0.,0.,0.,0.,0.,0.,0.,0.,0.,0.,0.,0.,0.,0.,0.,0.,0.,0.,0.,0.,0.,0.,0.,0.,0.,0.,0.,0.,0.,0.,0.,0.,0.,0.,0.,0.,0.
12,0.,0.,0.,0.,0.,0.,0.,0.,0.,0.,0.,0.,0.,0.,0.,0.,0.,0.,0.,0.,0.,0.,0.,0.,0.,0.,0.,0.,0.,0.,0.,0.,0.,0.,0.,0.,0.,0.,0.
16,0.,0.,0.,0.,0.,0.,0.,0.,0.,0.,0.,0.,0.,0.,0.,0.,0.,0.,0.,0.,0.,0.,0.,0.,0.,0.,0.,0.,0.,0.,0.,0.,0.,0.,0.,0.,0.,0.,0.
20,0.,0.,0.,0.,0.,0.,0.,0.,0.,0.,0.,0.,0.,0.,0.,0.,0.,0.,0.,0.,0.,0.,0.,0.,0.,0.,0.,0.,0.,0.,0.,0.,0.,0.,0.,0.,0.,0.,0.
24,0.,0.,0.,0.,0.,0.,0.,0.,0.,0.,0.,0.,0.,0.,0.,0.,0.,0.,0.,0.,0.,0.,0.,0.,0.,0.,0.,0.,0.,0.,0.,0.,0.,0.,0.,0.,0.,0.,0.
28,0.,0.,0.,0.,0.,0.,0.,0.,0.,0.,0.,0.,0.,0.,0.,0.,0.,0.,0.,0.,0.,0.,0.,0.,0.,0.,0.,0.,0.,0.,0.,0.,0.,0.,0.,0.,0.,0.,0.
32,0.,0.,0.,0.,0.,0.,0.,0.,0.,0.,0.,0.,0.,0.,0.,0.,0.,0.,0.,0.,0.,0.,0.,0.,0.,0.,0.,0.,0.,0.,0.,0.,0.,0.,0.,0.,0.,0.,0.
36,0.,0.,0.,0.,0.,0.,0.,0.,0.,0.,0.,0.,0.,0.,0.,0.,0.,0.,0.,0.,0.,0.,0.,0.,0.,0.,0.,0.,0.,0.,0.,0.,0.,0.,0.,0.,0.,0.,0.
40,0.,0.,0.,0.,0.,0.,0.,0.,0.,0.,0.,0.,0.,0.,0.,0.,0.,0.,0.,0.,0.,0.,0.,0.,0.,0.,0.,0.,0.,0.,0.,0.,0.,0.,0.,0.,0.,0.,0.
44,0.,0.,0.,0.,0.,0.,0.,0.,0.,0.,0.,0.,0.045,0.003,0.041,0.,0.,0.,0.,0.,0.,0.,0.,0.,0.,0.,0.,0.,0.,0.,0.,0.,0.,0.,0.,0.,0.,0.,0.
48,0.,0.,0.,0.,0.,0.,0.,0.,0.,0.,0.,0.,0.,0.,0.,0.,0.,0.,0.,0.,0.,0.,0.,0.,0.,0.,0.,0.,0.,0.,0.,0.,0.,0.,0.,0.,0.,0.,0.
50,0.,0.,0.,0.,0.,0.,0.,0.,0.,0.,0.,0.,0.,0.,0.,0.,0.,0.,0.,0.,0.,0.,0.,0.,0.,0.,0.,0.,0.,0.,0.,0.,0.,0.,0.,0.,0.,0.,0.
52,0.,0.,0.,0.,0.,0.,0.,0.,0.,0.,0.,0.,0.,0.,0.,0.,0.,0.,0.,0.,0.,0.,0.,0.,0.,0.,0.,0.,0.,0.,0.,0.,0.,0.,0.,0.,0.,0.,0.
56,0.,0.,0.,0.,0.,0.,0.,0.,0.,0.,0.,0.,0.,0.,0.,0.,0.,0.,0.,0.,0.,0.,0.,0.,0.,0.,0.,0.,0.,0.,0.,0.,0.,0.,0.,0.,0.,0.,0.
60,0.,0.,0.,0.,0.,0.,0.,0.,0.,0.,0.,0.,0.,0.,0.,0.,0.,0.,0.,0.,0.,0.,0.,0.,0.,0.,0.,0.,0.,0.,0.,0.,0.,0.,0.,0.,0.,0.,0.
64,0.,0.,0.,0.,0.,0.,0.,0.,0.,0.,0.,0.,0.,0.,0.,0.,0.,0.,0.,0.,0.,0.,0.,0.,0.,0.,0.,0.,0.,0.,0.,0.,0.,0.,0.,0.,0.,0.,0.
68,0.,0.,0.,0.001,0.,0.001,0.,0.,0.,0.001,0.,0.001,0.,0.,0.,0.001,0.,0.001,0.,0.,0.,0.,0.,0.,0.,0.,0.,0.,0.,0.,0.,0.,0.,0.,0.,0.,0.,0.,0.
72,0.,0.,0.,0.001,0.,0.001,0.,0.,0.,0.001,0.,0.001,0.,0.,0.,0.001,0.,0.001,0.,0.,0.,0.,0.,0.,0.,0.,0.,0.,0.,0.,0.,0.,0.,0.,0.,0.,0.,0.,0.
76,0.,0.,0.,0.001,0.,0.001,0.,0.,0.,0.001,0.,0.001,0.045,0.,0.045,0.001,0.,0.001,0.,0.,0.,0.,0.,0.,0.,0.,0.,0.,0.,0.,0.,0.,0.,0.,0.,0.,0.,0.,0.
80,0.,0.,0.,0.001,0.,0.001,0.,0.,0.,0.001,0.,0.001,0.,0.,0.,0.001,0.,0.001,0.,0.,0.,0.,0.,0.,0.,0.,0.,0.,0.,0.,0.,0.,0.,0.,0.,0.,0.,0.,0.
84,0.,0.,0.,0.001,0.,0.001,0.,0.,0.,0.001,0.,0.001,0.,0.,0.,0.001,0.,0.001,0.,0.,0.,0.,0.,0.,0.,0.,0.,0.,0.,0.,0.,0.,0.,0.,0.,0.,0.,0.,0.
88,0.,0.,0.,0.001,0.,0.001,0.,0.,0.,0.001,0.,0.001,0.,0.,0.,0.001,0.,0.001,0.,0.,0.,0.,0.,0.,0.,0.,0.,0.,0.,0.,0.,0.,0.,0.,0.,0.,0.,0.,0.
92,0.,0.,0.,0.001,0.,0.001,0.,0.,0.,0.001,0.,0.001,0.,0.,0.,0.001,0.,0.001,0.,0.,0.,0.,0.,0.,0.,0.,0.,0.,0.,0.,0.,0.,0.,0.,0.,0.,0.,0.,0.
96,0.,0.,0.,0.001,0.,0.001,0.,0.,0.,0.002,0.,0.002,0.,0.,0.,0.001,0.,0.001,0.,0.,0.,0.,0.,0.,0.,0.,0.,0.,0.,0.,0.,0.,0.,0.,0.,0.,0.,0.,0.
100,0.001,0.,0.001,0.001,0.001,0.,0.001,0.,0.001,0.001,0.,0.001,0.001,0.,0.001,0.001,0.,0.001,0.001,0.,0.001,0.,0.,0.,0.,0.,0.,0.,0.,0.,0.,0.,0.,0.,0.,0.,0.,0.,0.
104,0.001,0.,0.001,0.001,0.,0.001,0.001,0.,0.001,0.001,0.,0.001,0.001,0.,0.001,0.001,0.,0.001,0.001,0.,0.001,0.,0.,0.,0.,0.,0.,0.,0.,0.,0.,0.,0.,0.,0.,0.,0.,0.,0.
108,0.001,0.,0.001,0.001,0.,0.001,0.001,0.,0.001,0.001,0.,0.001,0.001,0.,0.001,0.001,0.001,0.,0.001,0.,0.001,0.,0.,0.,0.,0.,0.,0.,0.,0.,0.,0.,0.,0.,0.,0.,0.,0.,0.
112,0.001,0.001,0.,0.001,0.,0.001,0.001,0.,0.001,0.001,0.,0.001,0.001,0.,0.001,0.001,0.,0.001,0.001,0.,0.001,0.,0.,0.,0.,0.,0.,0.,0.,0.,0.,0.,0.,0.,0.,0.,0.,0.,0.
116,0.001,0.,0.001,0.001,0.,0.001,0.001,0.,0.001,0.001,0.,0.001,0.001,0.,0.001,0.002,0.,0.002,0.001,0.,0.001,0.,0.,0.,0.,0.,0.,0.,0.,0.,0.,0.,0.,0.,0.,0.,0.,0.,0.
120,0.001,0.,0.001,0.002,0.,0.002,0.001,0.,0.001,0.002,0.,0.002,0.001,0.,0.001,0.002,0.,0.002,0.001,0.,0.001,0.,0.,0.,0.,0.,0.,0.,0.,0.,0.,0.,0.,0.,0.,0.,0.,0.,0.
124,0.001,0.,0.001,0.002,0.,0.002,0.001,0.,0.001,0.002,0.,0.002,0.001,0.,0.001,0.002,0.,0.002,0.001,0.,0.001,0.,0.,0.,0.,0.,0.,0.,0.,0.,0.,0.,0.,0.,0.,0.,0.,0.,0.
128,0.001,0.,0.001,0.002,0.,0.002,0.001,0.,0.001,0.002,0.,0.002,0.001,0.,0.001,0.002,0.,0.002,0.001,0.,0.001,0.,0.,0.,0.,0.,0.,0.,0.,0.,0.,0.,0.,0.,0.,0.,0.,0.,0.
132,0.001,0.,0.001,0.002,0.,0.002,0.001,0.,0.001,0.002,0.,0.002,0.001,0.,0.001,0.002,0.,0.002,0.001,0.,0.001,0.,0.,0.,0.,0.,0.,0.,0.,0.,0.,0.,0.,0.,0.,0.,0.,0.,0.
136,0.001,0.,0.001,0.002,0.,0.002,0.001,0.,0.001,0.002,0.,0.002,0.001,0.,0.001,0.002,0.,0.002,0.001,0.,0.001,0.,0.,0.,0.,0.,0.,0.,0.,0.,0.,0.,0.,0.,0.,0.,0.,0.,0.
140,0.001,0.,0.001,0.002,0.,0.002,0.001,0.,0.001,0.002,0.,0.002,0.001,0.,0.001,0.002,0.,0.002,0.001,0.,0.001,0.,0.,0.,0.,0.,0.,0.,0.,0.,0.,0.,0.,0.,0.,0.,0.,0.,0.
144,0.001,0.,0.001,0.002,0.,0.002,0.001,0.,0.001,0.002,0.,0.002,0.001,0.,0.001,0.002,0.,0.002,0.001,0.,0.001,0.,0.,0.,0.,0.,0.,0.,0.,0.,0.,0.,0.,0.,0.,0.,0.,0.,0.
148,0.001,0.,0.001,0.002,0.,0.002,0.001,0.,0.001,0.002,0.,0.002,0.001,0.,0.001,0.002,0.,0.002,0.001,0.,0.001,0.,0.,0.,0.,0.,0.,0.,0.,0.,0.,0.,0.,0.,0.,0.,0.,0.,0.
150,0.002,0.,0.002,0.002,0.002,0.,0.001,0.,0.001,0.002,0.,0.002,0.002,0.,0.002,0.002,0.,0.002,0.038,0.004,0.033,0.,0.,0.,0.,0.,0.,0.,0.,0.,0.,0.,0.,0.,0.,0.,0.,0.,0.
152,0.001,0.,0.001,0.002,0.,0.002,0.001,0.,0.001,0.002,0.,0.002,0.001,0.,0.001,0.002,0.,0.002,0.001,0.,0.001,0.,0.,0.,0.,0.,0.,0.,0.,0.,0.,0.,0.,0.,0.,0.,0.,0.,0.
156,0.001,0.,0.001,0.003,0.,0.003,0.001,0.,0.001,0.002,0.,0.002,0.001,0.,0.001,0.002,0.,0.002,0.001,0.,0.001,0.,0.,0.,0.,0.,0.,0.,0.,0.,0.,0.,0.,0.,0.,0.,0.,0.,0.
160,0.001,0.,0.001,0.002,0.,0.002,0.001,0.,0.001,0.002,0.,0.002,0.001,0.,0.001,0.002,0.,0.002,0.001,0.,0.001,0.,0.,0.,0.,0.,0.,0.,0.,0.,0.,0.,0.,0.,0.,0.,0.,0.,0.
164,0.001,0.,0.001,0.003,0.,0.003,0.001,0.,0.001,0.003,0.,0.003,0.001,0.,0.001,0.003,0.,0.003,0.001,0.,0.001,0.,0.,0.,0.,0.,0.,0.,0.,0.,0.,0.,0.,0.,0.,0.,0.,0.,0.
168,0.001,0.,0.001,0.003,0.,0.003,0.002,0.,0.002,0.003,0.,0.003,0.001,0.,0.001,0.003,0.,0.003,0.001,0.,0.001,0.,0.,0.,0.,0.,0.,0.,0.,0.,0.,0.,0.,0.,0.,0.,0.,0.,0.
172,0.001,0.,0.001,0.003,0.,0.003,0.002,0.,0.002,0.003,0.,0.003,0.002,0.,0.002,0.003,0.,0.003,0.002,0.,0.002,0.,0.,0.,0.,0.,0.,0.,0.,0.,0.,0.,0.,0.,0.,0.,0.,0.,0.
176,0.002,0.,0.002,0.003,0.,0.003,0.002,0.,0.002,0.003,0.,0.003,0.002,0.,0.002,0.003,0.,0.003,0.002,0.,0.002,0.,0.,0.,0.,0.,0.,0.,0.,0.,0.,0.,0.,0.,0.,0.,0.,0.,0.
180,0.002,0.,0.002,0.003,0.,0.003,0.002,0.,0.002,0.003,0.,0.003,0.002,0.,0.002,0.003,0.,0.003,0.002,0.,0.002,0.,0.,0.,0.,0.,0.,0.,0.,0.,0.,0.,0.,0.,0.,0.,0.,0.,0.
184,0.002,0.,0.002,0.003,0.,0.003,0.002,0.,0.002,0.003,0.,0.003,0.002,0.,0.002,0.004,0.,0.004,0.002,0.,0.002,0.,0.,0.,0.,0.,0.,0.,0.,0.,0.,0.,0.,0.,0.,0.,0.,0.,0.
188,0.002,0.,0.002,0.003,0.,0.003,0.002,0.,0.002,0.003,0.,0.003,0.002,0.,0.002,0.003,0.,0.003,0.002,0.,0.002,0.,0.,0.,0.,0.,0.,0.,0.,0.,0.,0.,0.,0.,0.,0.,0.,0.,0.
192,0.002,0.,0.002,0.003,0.,0.003,0.002,0.,0.002,0.003,0.,0.003,0.002,0.,0.002,0.003,0.,0.003,0.002,0.,0.002,0.,0.,0.,0.,0.,0.,0.,0.,0.,0.,0.,0.,0.,0.,0.,0.,0.,0.
196,0.002,0.,0.002,0.004,0.,0.004,0.002,0.,0.002,0.003,0.,0.003,0.002,0.,0.002,0.003,0.,0.003,0.002,0.,0.002,0.,0.,0.,0.,0.,0.,0.,0.,0.,0.,0.,0.,0.,0.,0.,0.,0.,0.
200,0.002,0.,0.002,0.003,0.,0.003,0.002,0.,0.002,0.003,0.,0.003,0.002,0.,0.002,0.003,0.,0.003,0.002,0.,0.002,0.,0.,0.,0.,0.,0.,0.,0.,0.,0.,0.,0.,0.,0.,0.,0.,0.,0.
204,0.002,0.,0.002,0.004,0.,0.004,0.002,0.,0.002,0.004,0.,0.004,0.002,0.,0.002,0.004,0.,0.004,0.002,0.,0.002,0.,0.,0.,0.,0.,0.,0.,0.,0.,0.,0.,0.,0.,0.,0.,0.,0.,0.
208,0.002,0.,0.002,0.004,0.,0.004,0.002,0.,0.002,0.004,0.,0.004,0.002,0.,0.002,0.004,0.,0.004,0.002,0.,0.002,0.,0.,0.,0.,0.,0.,0.,0.,0.,0.,0.,0.,0.,0.,0.,0.,0.,0.
212,0.002,0.,0.002,0.004,0.,0.004,0.002,0.,0.002,0.004,0.,0.004,0.002,0.,0.002,0.004,0.,0.004,0.002,0.,0.002,0.,0.,0.,0.,0.,0.,0.,0.,0.,0.,0.,0.,0.,0.,0.,0.,0.,0.
216,0.002,0.,0.002,0.004,0.,0.004,0.002,0.,0.002,0.004,0.,0.004,0.002,0.,0.002,0.004,0.,0.004,0.002,0.,0.002,0.,0.,0.,0.,0.,0.,0.,0.,0.,0.,0.,0.,0.,0.,0.,0.,0.,0.
220,0.002,0.,0.002,0.004,0.,0.004,0.002,0.,0.002,0.004,0.,0.004,0.002,0.,0.002,0.004,0.,0.004,0.002,0.,0.002,0.,0.,0.,0.,0.,0.,0.,0.,0.,0.,0.,0.,0.,0.,0.,0.,0.,0.
224,0.002,0.,0.002,0.004,0.,0.004,0.002,0.,0.002,0.004,0.,0.004,0.002,0.,0.002,0.004,0.,0.004,0.002,0.,0.002,0.,0.,0.,0.,0.,0.,0.,0.,0.,0.,0.,0.,0.,0.,0.,0.,0.,0.
228,0.003,0.,0.003,0.004,0.,0.004,0.003,0.,0.003,0.004,0.,0.004,0.003,0.,0.003,0.005,0.,0.005,0.003,0.,0.003,0.,0.,0.,0.,0.,0.,0.,0.,0.,0.,0.,0.,0.,0.,0.,0.,0.,0.
232,0.003,0.,0.003,0.004,0.,0.004,0.003,0.,0.003,0.004,0.,0.004,0.003,0.,0.003,0.004,0.,0.004,0.003,0.,0.003,0.,0.,0.,0.,0.,0.,0.,0.,0.,0.,0.,0.,0.,0.,0.,0.,0.,0.
236,0.003,0.,0.003,0.005,0.,0.005,0.003,0.,0.003,0.005,0.,0.005,0.003,0.,0.003,0.005,0.,0.005,0.003,0.,0.003,0.,0.,0.,0.,0.,0.,0.,0.,0.,0.,0.,0.,0.,0.,0.,0.,0.,0.
240,0.003,0.,0.003,0.005,0.,0.005,0.003,0.,0.003,0.005,0.,0.005,0.003,0.,0.003,0.005,0.,0.005,0.003,0.,0.003,0.,0.,0.,0.,0.,0.,0.,0.,0.,0.,0.,0.,0.,0.,0.,0.,0.,0.
244,0.003,0.,0.003,0.005,0.,0.005,0.003,0.,0.003,0.005,0.,0.005,0.003,0.,0.003,0.005,0.,0.005,0.003,0.,0.003,0.,0.,0.,0.,0.,0.,0.,0.,0.,0.,0.,0.,0.,0.,0.,0.,0.,0.
248,0.003,0.,0.003,0.005,0.,0.005,0.003,0.,0.003,0.005,0.,0.005,0.003,0.,0.003,0.005,0.,0.005,0.003,0.,0.003,0.,0.,0.,0.,0.,0.,0.,0.,0.,0.,0.,0.,0.,0.,0.,0.,0.,0.
250,0.003,0.,0.003,0.005,0.,0.005,0.003,0.,0.003,0.005,0.,0.005,0.003,0.,0.003,0.005,0.,0.005,0.004,0.,0.004,0.,0.,0.,0.,0.,0.,0.,0.,0.,0.,0.,0.,0.,0.,0.,0.,0.,0.
252,0.003,0.,0.003,0.005,0.,0.005,0.003,0.,0.003,0.007,0.,0.007,0.003,0.,0.003,0.005,0.,0.005,0.003,0.,0.003,0.,0.,0.,0.,0.,0.,0.,0.,0.,0.,0.,0.,0.,0.,0.,0.,0.,0.
256,0.003,0.,0.003,0.005,0.,0.005,0.003,0.,0.003,0.005,0.,0.005,0.003,0.,0.003,0.005,0.,0.005,0.003,0.,0.003,0.,0.,0.,0.,0.,0.,0.,0.,0.,0.,0.,0.,0.,0.,0.,0.,0.,0.
260,0.003,0.,0.003,0.006,0.,0.006,0.003,0.,0.003,0.005,0.,0.005,0.003,0.,0.003,0.006,0.,0.006,0.003,0.,0.003,0.,0.,0.,0.,0.,0.,0.,0.,0.,0.,0.,0.,0.,0.,0.,0.,0.,0.
264,0.003,0.,0.003,0.006,0.,0.006,0.003,0.,0.003,0.005,0.,0.005,0.003,0.,0.003,0.005,0.,0.005,0.003,0.,0.003,0.,0.,0.,0.,0.,0.,0.,0.,0.,0.,0.,0.,0.,0.,0.,0.,0.,0.
268,0.003,0.,0.003,0.006,0.,0.006,0.003,0.,0.003,0.006,0.,0.006,0.003,0.,0.003,0.006,0.,0.006,0.003,0.,0.003,0.,0.,0.,0.,0.,0.,0.,0.,0.,0.,0.,0.,0.,0.,0.,0.,0.,0.
272,0.003,0.,0.003,0.006,0.,0.006,0.003,0.,0.003,0.006,0.,0.006,0.004,0.,0.004,0.006,0.,0.006,0.004,0.,0.004,0.,0.,0.,0.,0.,0.,0.,0.,0.,0.,0.,0.,0.,0.,0.,0.,0.,0.
276,0.003,0.,0.003,0.006,0.,0.006,0.004,0.,0.004,0.006,0.,0.006,0.004,0.,0.004,0.006,0.,0.006,0.003,0.,0.003,0.,0.,0.,0.,0.,0.,0.,0.,0.,0.,0.,0.,0.,0.,0.,0.,0.,0.
280,0.003,0.,0.003,0.007,0.,0.007,0.003,0.,0.003,0.006,0.,0.006,0.003,0.,0.003,0.006,0.,0.006,0.004,0.,0.004,0.,0.,0.,0.,0.,0.,0.,0.,0.,0.,0.,0.,0.,0.,0.,0.,0.,0.
284,0.004,0.,0.004,0.006,0.,0.006,0.004,0.,0.004,0.007,0.,0.007,0.004,0.,0.004,0.007,0.,0.007,0.004,0.,0.004,0.,0.,0.,0.,0.,0.,0.,0.,0.,0.,0.,0.,0.,0.,0.,0.,0.,0.
288,0.004,0.,0.004,0.007,0.,0.007,0.004,0.,0.004,0.007,0.,0.007,0.004,0.,0.004,0.007,0.,0.007,0.004,0.,0.004,0.,0.,0.,0.,0.,0.,0.,0.,0.,0.,0.,0.,0.,0.,0.,0.,0.,0.
292,0.004,0.,0.004,0.007,0.,0.007,0.004,0.,0.004,0.006,0.,0.006,0.004,0.,0.004,0.007,0.,0.007,0.004,0.,0.004,0.,0.,0.,0.,0.,0.,0.,0.,0.,0.,0.,0.,0.,0.,0.,0.,0.,0.
296,0.004,0.,0.004,0.007,0.,0.007,0.004,0.,0.004,0.007,0.,0.007,0.004,0.,0.004,0.007,0.,0.007,0.004,0.,0.004,0.,0.,0.,0.,0.,0.,0.,0.,0.,0.,0.,0.,0.,0.,0.,0.,0.,0.
300,0.004,0.,0.004,0.007,0.,0.007,0.004,0.,0.004,0.007,0.,0.007,0.004,0.,0.004,0.007,0.,0.007,0.004,0.,0.004,0.,0.,0.,0.,0.,0.,0.,0.,0.,0.,0.,0.,0.,0.,0.,0.,0.,0.
304,0.004,0.,0.004,0.007,0.,0.007,0.004,0.,0.004,0.007,0.,0.007,0.004,0.,0.004,0.007,0.,0.007,0.004,0.,0.004,0.,0.,0.,0.,0.,0.,0.,0.,0.,0.,0.,0.,0.,0.,0.,0.,0.,0.
308,0.004,0.,0.004,0.008,0.,0.008,0.004,0.,0.004,0.007,0.,0.007,0.004,0.,0.004,0.007,0.,0.007,0.004,0.,0.004,0.,0.,0.,0.,0.,0.,0.,0.,0.,0.,0.,0.,0.,0.,0.,0.,0.,0.
312,0.004,0.,0.004,0.007,0.,0.007,0.004,0.,0.004,0.008,0.,0.008,0.004,0.,0.004,0.008,0.,0.008,0.005,0.,0.005,0.,0.,0.,0.,0.,0.,0.,0.,0.,0.,0.,0.,0.,0.,0.,0.,0.,0.
316,0.005,0.,0.005,0.008,0.,0.008,0.004,0.,0.004,0.008,0.,0.008,0.005,0.,0.005,0.007,0.,0.007,0.004,0.,0.004,0.,0.,0.,0.,0.,0.,0.,0.,0.,0.,0.,0.,0.,0.,0.,0.,0.,0.
320,0.004,0.,0.004,0.008,0.,0.008,0.005,0.,0.005,0.008,0.,0.008,0.005,0.,0.005,0.008,0.,0.008,0.005,0.,0.005,0.,0.,0.,0.,0.,0.,0.,0.,0.,0.,0.,0.,0.,0.,0.,0.,0.,0.
324,0.004,0.,0.004,0.008,0.,0.008,0.005,0.,0.005,0.008,0.,0.008,0.004,0.,0.004,0.008,0.,0.008,0.004,0.,0.004,0.,0.,0.,0.,0.,0.,0.,0.,0.,0.,0.,0.,0.,0.,0.,0.,0.,0.
328,0.005,0.,0.005,0.008,0.,0.008,0.005,0.,0.005,0.008,0.,0.008,0.005,0.,0.005,0.008,0.,0.008,0.005,0.,0.005,0.,0.,0.,0.,0.,0.,0.,0.,0.,0.,0.,0.,0.,0.,0.,0.,0.,0.
332,0.005,0.,0.005,0.008,0.,0.008,0.005,0.,0.005,0.008,0.,0.008,0.005,0.,0.005,0.008,0.,0.008,0.005,0.,0.005,0.,0.,0.,0.,0.,0.,0.,0.,0.,0.,0.,0.,0.,0.,0.,0.,0.,0.
336,0.005,0.,0.005,0.008,0.,0.008,0.005,0.,0.005,0.008,0.,0.008,0.005,0.,0.005,0.009,0.,0.009,0.005,0.,0.005,0.,0.,0.,0.,0.,0.,0.,0.,0.,0.,0.,0.,0.,0.,0.,0.,0.,0.
340,0.005,0.,0.005,0.009,0.,0.009,0.005,0.,0.005,0.009,0.,0.009,0.005,0.,0.005,0.009,0.,0.009,0.005,0.,0.005,0.,0.,0.,0.,0.,0.,0.,0.,0.,0.,0.,0.,0.,0.,0.,0.,0.,0.
344,0.005,0.,0.005,0.009,0.,0.009,0.005,0.,0.005,0.01,0.,0.01,0.006,0.,0.006,0.009,0.,0.009,0.005,0.,0.005,0.,0.,0.,0.,0.,0.,0.,0.,0.,0.,0.,0.,0.,0.,0.,0.,0.,0.
348,0.005,0.,0.005,0.009,0.,0.009,0.006,0.,0.006,0.01,0.,0.01,0.005,0.,0.005,0.009,0.,0.009,0.005,0.,0.005,0.,0.,0.,0.,0.,0.,0.,0.,0.,0.,0.,0.,0.,0.,0.,0.,0.,0.
350,0.005,0.,0.005,0.008,0.,0.008,0.005,0.,0.005,0.009,0.,0.009,0.005,0.,0.005,0.008,0.,0.008,0.005,0.,0.005,0.,0.,0.,0.,0.,0.,0.,0.,0.,0.,0.,0.,0.,0.,0.,0.,0.,0.
352,0.005,0.,0.005,0.009,0.,0.009,0.006,0.,0.006,0.01,0.,0.01,0.005,0.,0.005,0.009,0.,0.009,0.005,0.,0.005,0.,0.,0.,0.,0.,0.,0.,0.,0.,0.,0.,0.,0.,0.,0.,0.,0.,0.
356,0.005,0.,0.005,0.009,0.,0.009,0.006,0.,0.006,0.01,0.,0.01,0.006,0.,0.006,0.009,0.,0.009,0.006,0.,0.006,0.,0.,0.,0.,0.,0.,0.,0.,0.,0.,0.,0.,0.,0.,0.,0.,0.,0.
360,0.005,0.,0.005,0.009,0.,0.009,0.006,0.,0.006,0.009,0.,0.009,0.006,0.,0.006,0.009,0.,0.009,0.006,0.,0.006,0.,0.,0.,0.,0.,0.,0.,0.,0.,0.,0.,0.,0.,0.,0.,0.,0.,0.
364,0.005,0.,0.005,0.009,0.,0.009,0.005,0.,0.005,0.009,0.,0.009,0.006,0.,0.006,0.01,0.,0.01,0.006,0.,0.006,0.,0.,0.,0.,0.,0.,0.,0.,0.,0.,0.,0.,0.,0.,0.,0.,0.,0.
368,0.006,0.,0.006,0.01,0.,0.01,0.006,0.,0.006,0.01,0.,0.01,0.006,0.,0.006,0.01,0.,0.01,0.006,0.,0.006,0.,0.,0.,0.,0.,0.,0.,0.,0.,0.,0.,0.,0.,0.,0.,0.,0.,0.
372,0.006,0.,0.006,0.01,0.,0.01,0.006,0.,0.006,0.01,0.,0.01,0.006,0.,0.006,0.011,0.,0.011,0.006,0.,0.006,0.,0.,0.,0.,0.,0.,0.,0.,0.,0.,0.,0.,0.,0.,0.,0.,0.,0.
376,0.006,0.,0.006,0.01,0.,0.01,0.006,0.,0.006,0.011,0.,0.011,0.006,0.,0.006,0.01,0.,0.01,0.007,0.,0.007,0.,0.,0.,0.,0.,0.,0.,0.,0.,0.,0.,0.,0.,0.,0.,0.,0.,0.
380,0.006,0.,0.006,0.011,0.,0.011,0.006,0.,0.006,0.01,0.,0.01,0.006,0.,0.006,0.01,0.,0.01,0.006,0.,0.006,0.,0.,0.,0.,0.,0.,0.,0.,0.,0.,0.,0.,0.,0.,0.,0.,0.,0.
384,0.006,0.,0.006,0.01,0.,0.01,0.006,0.,0.006,0.011,0.,0.011,0.007,0.,0.007,0.01,0.,0.01,0.007,0.,0.007,0.,0.,0.,0.,0.,0.,0.,0.,0.,0.,0.,0.,0.,0.,0.,0.,0.,0.
388,0.006,0.,0.006,0.011,0.,0.011,0.007,0.,0.007,0.011,0.,0.011,0.006,0.,0.006,0.011,0.,0.011,0.006,0.,0.006,0.,0.,0.,0.,0.,0.,0.,0.,0.,0.,0.,0.,0.,0.,0.,0.,0.,0.
392,0.007,0.,0.007,0.01,0.,0.01,0.006,0.,0.006,0.011,0.,0.011,0.006,0.,0.006,0.011,0.,0.011,0.006,0.,0.006,0.,0.,0.,0.,0.,0.,0.,0.,0.,0.,0.,0.,0.,0.,0.,0.,0.,0.
396,0.006,0.,0.006,0.011,0.,0.011,0.006,0.,0.006,0.011,0.,0.011,0.006,0.,0.006,0.011,0.,0.011,0.007,0.,0.007,0.,0.,0.,0.,0.,0.,0.,0.,0.,0.,0.,0.,0.,0.,0.,0.,0.,0.
400,0.006,0.,0.006,0.01,0.,0.01,0.006,0.,0.006,0.011,0.,0.011,0.006,0.,0.006,0.011,0.,0.011,0.006,0.,0.006,0.,0.,0.,0.,0.,0.,0.,0.,0.,0.,0.,0.,0.,0.,0.,0.,0.,0.
404,0.007,0.,0.007,0.011,0.,0.011,0.007,0.,0.007,0.012,0.,0.012,0.008,0.,0.008,0.011,0.,0.011,0.007,0.,0.007,0.,0.,0.,0.,0.,0.,0.,0.,0.,0.,0.,0.,0.,0.,0.,0.,0.,0.
408,0.008,0.,0.008,0.011,0.,0.011,0.007,0.,0.007,0.011,0.,0.011,0.007,0.,0.007,0.011,0.,0.011,0.007,0.,0.007,0.,0.,0.,0.,0.,0.,0.,0.,0.,0.,0.,0.,0.,0.,0.,0.,0.,0.
412,0.007,0.,0.007,0.012,0.,0.012,0.007,0.,0.007,0.011,0.,0.011,0.007,0.,0.007,0.011,0.,0.011,0.008,0.,0.008,0.,0.,0.,0.,0.,0.,0.,0.,0.,0.,0.,0.,0.,0.,0.,0.,0.,0.
416,0.007,0.,0.007,0.012,0.,0.012,0.007,0.,0.007,0.012,0.,0.012,0.007,0.,0.007,0.012,0.,0.012,0.007,0.,0.007,0.,0.,0.,0.,0.,0.,0.,0.,0.,0.,0.,0.,0.,0.,0.,0.,0.,0.
420,0.007,0.,0.007,0.011,0.,0.011,0.007,0.,0.007,0.012,0.,0.012,0.008,0.,0.008,0.012,0.,0.012,0.007,0.,0.007,0.,0.,0.,0.,0.,0.,0.,0.,0.,0.,0.,0.,0.,0.,0.,0.,0.,0.
424,0.008,0.,0.008,0.013,0.,0.013,0.007,0.,0.007,0.012,0.,0.012,0.008,0.,0.008,0.012,0.,0.012,0.008,0.,0.008,0.,0.,0.,0.,0.,0.,0.,0.,0.,0.,0.,0.,0.,0.,0.,0.,0.,0.
428,0.008,0.,0.008,0.013,0.,0.013,0.007,0.,0.007,0.013,0.,0.013,0.007,0.,0.007,0.013,0.,0.013,0.007,0.,0.007,0.,0.,0.,0.,0.,0.,0.,0.,0.,0.,0.,0.,0.,0.,0.,0.,0.,0.
432,0.007,0.,0.007,0.013,0.,0.013,0.007,0.,0.007,0.013,0.,0.013,0.008,0.,0.008,0.012,0.,0.012,0.008,0.,0.008,0.,0.,0.,0.,0.,0.,0.,0.,0.,0.,0.,0.,0.,0.,0.,0.,0.,0.
436,0.007,0.,0.007,0.013,0.,0.013,0.008,0.,0.008,0.013,0.,0.013,0.007,0.,0.007,0.012,0.,0.012,0.007,0.,0.007,0.,0.,0.,0.,0.,0.,0.,0.,0.,0.,0.,0.,0.,0.,0.,0.,0.,0.
440,0.008,0.,0.008,0.013,0.,0.013,0.008,0.,0.008,0.013,0.,0.013,0.008,0.,0.008,0.013,0.,0.013,0.008,0.,0.008,0.,0.,0.,0.,0.,0.,0.,0.,0.,0.,0.,0.,0.,0.,0.,0.,0.,0.
444,0.008,0.,0.008,0.014,0.,0.014,0.009,0.,0.009,0.014,0.,0.014,0.008,0.,0.008,0.014,0.,0.014,0.008,0.003,0.004,0.,0.,0.,0.,0.,0.,0.,0.,0.,0.,0.,0.,0.,0.,0.,0.,0.,0.
448,0.008,0.,0.008,0.014,0.,0.014,0.008,0.,0.008,0.013,0.,0.013,0.009,0.,0.009,0.013,0.,0.013,0.009,0.,0.009,0.,0.,0.,0.,0.,0.,0.,0.,0.,0.,0.,0.,0.,0.,0.,0.,0.,0.
452,0.008,0.,0.008,0.014,0.,0.014,0.008,0.,0.008,0.013,0.,0.013,0.008,0.,0.008,0.013,0.,0.013,0.009,0.,0.009,0.,0.,0.,0.,0.,0.,0.,0.,0.,0.,0.,0.,0.,0.,0.,0.,0.,0.
456,0.008,0.,0.008,0.014,0.,0.014,0.009,0.,0.009,0.014,0.,0.014,0.009,0.,0.009,0.014,0.,0.014,0.008,0.,0.008,0.,0.,0.,0.,0.,0.,0.,0.,0.,0.,0.,0.,0.,0.,0.,0.,0.,0.
460,0.008,0.,0.008,0.015,0.,0.015,0.008,0.,0.008,0.013,0.,0.013,0.009,0.,0.009,0.015,0.,0.015,0.009,0.,0.009,0.,0.,0.,0.,0.,0.,0.,0.,0.,0.,0.,0.,0.,0.,0.,0.,0.,0.
464,0.008,0.,0.008,0.015,0.,0.015,0.009,0.,0.009,0.015,0.,0.015,0.009,0.,0.009,0.015,0.,0.015,0.009,0.,0.009,0.,0.,0.,0.,0.,0.,0.,0.,0.,0.,0.,0.,0.,0.,0.,0.,0.,0.
468,0.008,0.,0.008,0.014,0.,0.014,0.01,0.,0.01,0.014,0.,0.014,0.009,0.,0.009,0.014,0.,0.014,0.009,0.,0.009,0.,0.,0.,0.,0.,0.,0.,0.,0.,0.,0.,0.,0.,0.,0.,0.,0.,0.
472,0.009,0.,0.009,0.015,0.,0.015,0.009,0.,0.009,0.014,0.,0.014,0.009,0.,0.009,0.015,0.,0.015,0.009,0.,0.009,0.,0.,0.,0.,0.,0.,0.,0.,0.,0.,0.,0.,0.,0.,0.,0.,0.,0.
476,0.01,0.,0.01,0.016,0.,0.016,0.01,0.,0.01,0.015,0.,0.015,0.009,0.,0.009,0.014,0.,0.014,0.009,0.,0.009,0.,0.,0.,0.,0.,0.,0.,0.,0.,0.,0.,0.,0.,0.,0.,0.,0.,0.
480,0.009,0.,0.009,0.015,0.,0.015,0.009,0.,0.009,0.015,0.,0.015,0.009,0.,0.009,0.016,0.,0.016,0.009,0.,0.009,0.,0.,0.,0.,0.,0.,0.,0.,0.,0.,0.,0.,0.,0.,0.,0.,0.,0.
484,0.009,0.,0.009,0.015,0.,0.015,0.009,0.,0.009,0.015,0.,0.015,0.009,0.,0.009,0.015,0.,0.015,0.01,0.,0.01,0.,0.,0.,0.,0.,0.,0.,0.,0.,0.,0.,0.,0.,0.,0.,0.,0.,0.
488,0.009,0.,0.009,0.016,0.,0.016,0.009,0.,0.009,0.016,0.,0.016,0.01,0.,0.01,0.015,0.,0.015,0.009,0.,0.009,0.,0.,0.,0.,0.,0.,0.,0.,0.,0.,0.,0.,0.,0.,0.,0.,0.,0.
492,0.01,0.,0.01,0.016,0.,0.016,0.01,0.,0.01,0.018,0.,0.018,0.009,0.,0.009,0.016,0.,0.016,0.009,0.,0.009,0.,0.,0.,0.,0.,0.,0.,0.,0.,0.,0.,0.,0.,0.,0.,0.,0.,0.
496,0.009,0.,0.009,0.016,0.,0.016,0.009,0.,0.009,0.016,0.,0.016,0.009,0.,0.009,0.016,0.,0.016,0.01,0.,0.01,0.,0.,0.,0.,0.,0.,0.,0.,0.,0.,0.,0.,0.,0.,0.,0.,0.,0.
500,0.009,0.,0.009,0.016,0.,0.016,0.009,0.,0.009,0.017,0.,0.017,0.009,0.,0.009,0.017,0.,0.017,0.01,0.,0.01,0.,0.,0.,0.,0.,0.,0.,0.,0.,0.,0.,0.,0.,0.,0.,0.,0.,0.
504,0.01,0.,0.01,0.017,0.,0.017,0.01,0.,0.01,0.016,0.,0.016,0.01,0.,0.01,0.016,0.,0.016,0.01,0.,0.01,0.,0.,0.,0.,0.,0.,0.,0.,0.,0.,0.,0.,0.,0.,0.,0.,0.,0.
508,0.01,0.,0.01,0.016,0.,0.016,0.01,0.,0.01,0.016,0.,0.016,0.01,0.,0.01,0.016,0.,0.016,0.01,0.,0.01,0.,0.,0.,0.,0.,0.,0.,0.,0.,0.,0.,0.,0.,0.,0.,0.,0.,0.
512,0.01,0.,0.01,0.017,0.,0.017,0.01,0.,0.01,0.017,0.,0.017,0.01,0.,0.01,0.016,0.,0.016,0.01,0.,0.01,0.,0.,0.,0.,0.,0.,0.,0.,0.,0.,0.,0.,0.,0.,0.,0.,0.,0.
516,0.01,0.,0.01,0.016,0.,0.016,0.011,0.,0.011,0.017,0.,0.017,0.01,0.,0.01,0.017,0.,0.017,0.01,0.,0.01,0.,0.,0.,0.,0.,0.,0.,0.,0.,0.,0.,0.,0.,0.,0.,0.,0.,0.
520,0.01,0.,0.01,0.017,0.,0.017,0.011,0.,0.011,0.016,0.,0.016,0.011,0.,0.011,0.017,0.,0.017,0.01,0.,0.01,0.,0.,0.,0.,0.,0.,0.,0.,0.,0.,0.,0.,0.,0.,0.,0.,0.,0.
524,0.01,0.,0.01,0.018,0.003,0.014,0.011,0.,0.011,0.017,0.,0.017,0.011,0.,0.011,0.017,0.,0.017,0.01,0.,0.01,0.,0.,0.,0.,0.,0.,0.,0.,0.,0.,0.,0.,0.,0.,0.,0.,0.,0.
528,0.01,0.,0.01,0.017,0.,0.017,0.012,0.,0.012,0.018,0.,0.018,0.01,0.,0.01,0.019,0.,0.019,0.01,0.,0.01,0.,0.,0.,0.,0.,0.,0.,0.,0.,0.,0.,0.,0.,0.,0.,0.,0.,0.
532,0.01,0.,0.01,0.018,0.,0.018,0.011,0.,0.011,0.019,0.,0.019,0.011,0.,0.011,0.019,0.,0.019,0.011,0.,0.011,0.,0.,0.,0.,0.,0.,0.,0.,0.,0.,0.,0.,0.,0.,0.,0.,0.,0.
536,0.011,0.,0.011,0.018,0.,0.018,0.012,0.,0.012,0.017,0.,0.017,0.012,0.,0.012,0.019,0.,0.019,0.011,0.,0.011,0.,0.,0.,0.,0.,0.,0.,0.,0.,0.,0.,0.,0.,0.,0.,0.,0.,0.
540,0.011,0.,0.011,0.019,0.,0.019,0.012,0.,0.012,0.018,0.,0.018,0.011,0.,0.011,0.018,0.,0.018,0.011,0.,0.011,0.,0.,0.,0.,0.,0.,0.,0.,0.,0.,0.,0.,0.,0.,0.,0.,0.,0.
544,0.011,0.,0.011,0.018,0.,0.018,0.011,0.,0.011,0.019,0.,0.019,0.011,0.,0.011,0.019,0.,0.019,0.011,0.,0.011,0.,0.,0.,0.,0.,0.,0.,0.,0.,0.,0.,0.,0.,0.,0.,0.,0.,0.
548,0.012,0.,0.012,0.018,0.,0.018,0.011,0.,0.011,0.018,0.,0.018,0.011,0.,0.011,0.018,0.,0.018,0.011,0.,0.011,0.,0.,0.,0.,0.,0.,0.,0.,0.,0.,0.,0.,0.,0.,0.,0.,0.,0.
552,0.013,0.,0.013,0.02,0.,0.02,0.013,0.,0.013,0.02,0.,0.02,0.012,0.,0.012,0.02,0.,0.02,0.012,0.,0.012,0.,0.,0.,0.,0.,0.,0.,0.,0.,0.,0.,0.,0.,0.,0.,0.,0.,0.
556,0.011,0.,0.011,0.02,0.,0.02,0.011,0.,0.011,0.021,0.,0.021,0.011,0.,0.011,0.02,0.,0.02,0.011,0.,0.011,0.,0.,0.,0.,0.,0.,0.,0.,0.,0.,0.,0.,0.,0.,0.,0.,0.,0.
560,0.011,0.,0.011,0.02,0.,0.02,0.013,0.,0.013,0.021,0.,0.021,0.012,0.,0.012,0.019,0.,0.019,0.012,0.,0.012,0.,0.,0.,0.,0.,0.,0.,0.,0.,0.,0.,0.,0.,0.,0.,0.,0.,0.
564,0.012,0.,0.012,0.02,0.,0.02,0.012,0.,0.012,0.02,0.,0.02,0.012,0.,0.012,0.019,0.,0.019,0.012,0.,0.012,0.,0.,0.,0.,0.,0.,0.,0.,0.,0.,0.,0.,0.,0.,0.,0.,0.,0.
568,0.012,0.,0.012,0.021,0.,0.021,0.012,0.,0.012,0.021,0.,0.021,0.012,0.,0.012,0.021,0.,0.021,0.012,0.,0.012,0.,0.,0.,0.,0.,0.,0.,0.,0.,0.,0.,0.,0.,0.,0.,0.,0.,0.
572,0.013,0.,0.013,0.021,0.,0.021,0.013,0.,0.013,0.021,0.,0.021,0.012,0.,0.012,0.02,0.,0.02,0.012,0.,0.012,0.,0.,0.,0.,0.,0.,0.,0.,0.,0.,0.,0.,0.,0.,0.,0.,0.,0.
576,0.014,0.,0.014,0.021,0.,0.021,0.013,0.,0.013,0.021,0.,0.021,0.013,0.,0.013,0.021,0.,0.021,0.012,0.,0.012,0.,0.,0.,0.,0.,0.,0.,0.,0.,0.,0.,0.,0.,0.,0.,0.,0.,0.
580,0.012,0.,0.012,0.021,0.,0.021,0.014,0.,0.014,0.022,0.,0.022,0.013,0.,0.013,0.022,0.,0.022,0.013,0.,0.013,0.,0.,0.,0.,0.,0.,0.,0.,0.,0.,0.,0.,0.,0.,0.,0.,0.,0.
584,0.013,0.,0.013,0.023,0.,0.023,0.012,0.,0.012,0.02,0.,0.02,0.012,0.,0.012,0.021,0.,0.021,0.013,0.,0.012,0.,0.,0.,0.,0.,0.,0.,0.,0.,0.,0.,0.,0.,0.,0.,0.,0.,0.
588,0.014,0.,0.014,0.023,0.,0.023,0.014,0.,0.014,0.022,0.,0.022,0.013,0.,0.013,0.021,0.,0.021,0.013,0.,0.013,0.,0.,0.,0.,0.,0.,0.,0.,0.,0.,0.,0.,0.,0.,0.,0.,0.,0.
592,0.013,0.,0.013,0.021,0.,0.021,0.013,0.,0.013,0.022,0.,0.022,0.013,0.,0.013,0.02,0.,0.02,0.013,0.,0.013,0.,0.,0.,0.,0.,0.,0.,0.,0.,0.,0.,0.,0.,0.,0.,0.,0.,0.
596,0.013,0.,0.013,0.023,0.,0.023,0.013,0.,0.013,0.023,0.,0.023,0.013,0.,0.013,0.022,0.,0.022,0.015,0.,0.015,0.,0.,0.,0.,0.,0.,0.,0.,0.,0.,0.,0.,0.,0.,0.,0.,0.,0.
600,0.015,0.,0.015,0.022,0.,0.022,0.014,0.,0.014,0.021,0.,0.021,0.013,0.,0.013,0.022,0.,0.022,0.013,0.,0.013,0.,0.,0.,0.,0.,0.,0.,0.,0.,0.,0.,0.,0.,0.,0.,0.,0.,0.
604,0.013,0.,0.013,0.025,0.,0.025,0.013,0.,0.013,0.022,0.,0.022,0.014,0.,0.014,0.023,0.,0.023,0.013,0.,0.013,0.,0.,0.,0.,0.,0.,0.,0.,0.,0.,0.,0.,0.,0.,0.,0.,0.,0.
608,0.013,0.,0.013,0.025,0.,0.025,0.014,0.,0.014,0.024,0.,0.024,0.014,0.,0.014,0.024,0.,0.024,0.013,0.,0.013,0.,0.,0.,0.,0.,0.,0.,0.,0.,0.,0.,0.,0.,0.,0.,0.,0.,0.
612,0.013,0.,0.013,0.022,0.,0.022,0.013,0.,0.013,0.024,0.,0.024,0.013,0.,0.013,0.025,0.,0.025,0.014,0.,0.014,0.,0.,0.,0.,0.,0.,0.,0.,0.,0.,0.,0.,0.,0.,0.,0.,0.,0.
616,0.016,0.,0.016,0.024,0.,0.024,0.015,0.,0.015,0.025,0.,0.025,0.015,0.,0.015,0.022,0.,0.022,0.014,0.,0.014,0.,0.,0.,0.,0.,0.,0.,0.,0.,0.,0.,0.,0.,0.,0.,0.,0.,0.
620,0.014,0.,0.014,0.024,0.,0.024,0.014,0.,0.014,0.024,0.,0.024,0.016,0.,0.016,0.025,0.,0.025,0.015,0.,0.015,0.,0.,0.,0.,0.,0.,0.,0.,0.,0.,0.,0.,0.,0.,0.,0.,0.,0.
624,0.014,0.,0.014,0.023,0.,0.023,0.014,0.,0.014,0.026,0.,0.026,0.014,0.,0.014,0.023,0.,0.023,0.014,0.,0.014,0.,0.,0.,0.,0.,0.,0.,0.,0.,0.,0.,0.,0.,0.,0.,0.,0.,0.
628,0.015,0.,0.015,0.026,0.,0.026,0.014,0.,0.014,0.022,0.,0.022,0.015,0.,0.015,0.024,0.,0.024,0.015,0.,0.015,0.,0.,0.,0.,0.,0.,0.,0.,0.,0.,0.,0.,0.,0.,0.,0.,0.,0.
632,0.015,0.,0.015,0.024,0.,0.024,0.014,0.,0.014,0.023,0.,0.023,0.014,0.,0.014,0.024,0.,0.024,0.014,0.,0.014,0.,0.,0.,0.,0.,0.,0.,0.,0.,0.,0.,0.,0.,0.,0.,0.,0.,0.
636,0.014,0.,0.014,0.024,0.,0.024,0.015,0.,0.015,0.024,0.,0.024,0.015,0.,0.015,0.025,0.,0.025,0.017,0.,0.017,0.,0.,0.,0.,0.,0.,0.,0.,0.,0.,0.,0.,0.,0.,0.,0.,0.,0.
640,0.014,0.,0.014,0.025,0.,0.025,0.016,0.,0.016,0.025,0.,0.025,0.015,0.,0.015,0.025,0.,0.025,0.015,0.,0.015,0.,0.,0.,0.,0.,0.,0.,0.,0.,0.,0.,0.,0.,0.,0.,0.,0.,0.
644,0.016,0.,0.016,0.027,0.,0.027,0.017,0.,0.017,0.026,0.,0.026,0.016,0.,0.016,0.025,0.,0.025,0.015,0.,0.015,0.,0.,0.,0.,0.,0.,0.,0.,0.,0.,0.,0.,0.,0.,0.,0.,0.,0.
648,0.015,0.,0.015,0.028,0.,0.028,0.015,0.,0.015,0.025,0.,0.025,0.015,0.,0.015,0.026,0.,0.026,0.016,0.,0.016,0.,0.,0.,0.,0.,0.,0.,0.,0.,0.,0.,0.,0.,0.,0.,0.,0.,0.
652,0.015,0.,0.015,0.027,0.,0.027,0.016,0.,0.016,0.027,0.,0.027,0.016,0.,0.016,0.026,0.,0.026,0.015,0.,0.015,0.,0.,0.,0.,0.,0.,0.,0.,0.,0.,0.,0.,0.,0.,0.,0.,0.,0.
656,0.016,0.,0.016,0.027,0.,0.027,0.016,0.,0.016,0.024,0.,0.024,0.015,0.,0.015,0.025,0.,0.025,0.015,0.,0.015,0.,0.,0.,0.,0.,0.,0.,0.,0.,0.,0.,0.,0.,0.,0.,0.,0.,0.
660,0.015,0.,0.015,0.028,0.,0.028,0.018,0.,0.018,0.028,0.,0.028,0.016,0.,0.016,0.026,0.,0.026,0.015,0.,0.015,0.,0.,0.,0.,0.,0.,0.,0.,0.,0.,0.,0.,0.,0.,0.,0.,0.,0.
664,0.015,0.,0.015,0.027,0.,0.027,0.016,0.,0.016,0.026,0.,0.026,0.016,0.,0.016,0.026,0.,0.026,0.017,0.,0.017,0.,0.,0.,0.,0.,0.,0.,0.,0.,0.,0.,0.,0.,0.,0.,0.,0.,0.
668,0.016,0.,0.016,0.028,0.,0.028,0.016,0.,0.016,0.027,0.,0.027,0.016,0.,0.016,0.027,0.,0.027,0.016,0.,0.016,0.,0.,0.,0.,0.,0.,0.,0.,0.,0.,0.,0.,0.,0.,0.,0.,0.,0.
672,0.016,0.,0.016,0.028,0.,0.028,0.016,0.,0.016,0.027,0.,0.027,0.016,0.,0.016,0.027,0.,0.027,0.016,0.,0.016,0.,0.,0.,0.,0.,0.,0.,0.,0.,0.,0.,0.,0.,0.,0.,0.,0.,0.
676,0.018,0.,0.018,0.028,0.,0.028,0.017,0.,0.017,0.029,0.,0.029,0.017,0.,0.017,0.028,0.,0.028,0.017,0.,0.017,0.,0.,0.,0.,0.,0.,0.,0.,0.,0.,0.,0.,0.,0.,0.,0.,0.,0.
680,0.017,0.,0.017,0.028,0.,0.028,0.017,0.,0.017,0.029,0.,0.029,0.017,0.,0.017,0.027,0.,0.027,0.017,0.,0.017,0.,0.,0.,0.,0.,0.,0.,0.,0.,0.,0.,0.,0.,0.,0.,0.,0.,0.
684,0.017,0.,0.017,0.028,0.,0.028,0.018,0.,0.018,0.028,0.,0.028,0.018,0.,0.018,0.028,0.,0.028,0.018,0.,0.018,0.,0.,0.,0.,0.,0.,0.,0.,0.,0.,0.,0.,0.,0.,0.,0.,0.,0.
688,0.018,0.,0.018,0.028,0.,0.028,0.018,0.,0.018,0.029,0.,0.029,0.017,0.,0.017,0.03,0.,0.03,0.017,0.,0.017,0.,0.,0.,0.,0.,0.,0.,0.,0.,0.,0.,0.,0.,0.,0.,0.,0.,0.
692,0.018,0.,0.018,0.029,0.,0.029,0.017,0.,0.017,0.029,0.,0.029,0.019,0.,0.019,0.03,0.,0.03,0.017,0.,0.017,0.,0.,0.,0.,0.,0.,0.,0.,0.,0.,0.,0.,0.,0.,0.,0.,0.,0.
696,0.017,0.,0.017,0.028,0.,0.028,0.017,0.,0.017,0.03,0.,0.03,0.017,0.,0.017,0.031,0.,0.031,0.017,0.,0.017,0.,0.,0.,0.,0.,0.,0.,0.,0.,0.,0.,0.,0.,0.,0.,0.,0.,0.
700,0.017,0.,0.017,0.03,0.,0.03,0.017,0.,0.017,0.03,0.,0.03,0.019,0.,0.019,0.03,0.,0.03,0.018,0.,0.018,0.,0.,0.,0.,0.,0.,0.,0.,0.,0.,0.,0.,0.,0.,0.,0.,0.,0.
704,0.018,0.,0.018,0.03,0.,0.03,0.017,0.,0.017,0.031,0.,0.031,0.017,0.,0.017,0.03,0.,0.03,0.018,0.,0.018,0.,0.,0.,0.001,0.,0.001,0.,0.,0.,0.,0.,0.,0.,0.,0.,0.,0.,0.
708,0.019,0.,0.018,0.03,0.,0.03,0.018,0.,0.018,0.029,0.,0.029,0.018,0.,0.018,0.029,0.,0.029,0.018,0.,0.018,0.,0.,0.,0.,0.,0.,0.,0.,0.,0.,0.,0.,0.,0.,0.,0.,0.,0.
712,0.019,0.,0.019,0.03,0.,0.03,0.018,0.,0.018,0.029,0.,0.029,0.018,0.,0.018,0.029,0.,0.029,0.018,0.,0.018,0.,0.,0.,0.,0.,0.,0.,0.,0.,0.,0.,0.,0.,0.,0.,0.,0.,0.
716,0.019,0.,0.019,0.029,0.,0.029,0.019,0.,0.019,0.03,0.,0.03,0.018,0.,0.018,0.029,0.,0.029,0.018,0.,0.018,0.,0.,0.,0.,0.,0.,0.,0.,0.,0.,0.,0.,0.,0.,0.,0.,0.,0.
720,0.018,0.,0.018,0.032,0.,0.032,0.019,0.,0.019,0.031,0.,0.031,0.019,0.,0.019,0.03,0.,0.03,0.018,0.,0.018,0.,0.,0.,0.,0.,0.,0.,0.,0.,0.,0.,0.,0.,0.,0.,0.,0.,0.
724,0.018,0.,0.018,0.032,0.,0.032,0.018,0.,0.018,0.031,0.,0.031,0.018,0.,0.018,0.031,0.,0.031,0.019,0.,0.019,0.,0.,0.,0.,0.,0.,0.,0.,0.,0.,0.,0.,0.,0.,0.,0.,0.,0.
728,0.019,0.,0.019,0.03,0.,0.03,0.018,0.,0.018,0.031,0.,0.031,0.019,0.,0.019,0.032,0.,0.032,0.019,0.,0.019,0.,0.,0.,0.,0.,0.,0.,0.,0.,0.,0.,0.,0.,0.,0.,0.,0.,0.
732,0.019,0.,0.019,0.032,0.,0.032,0.02,0.,0.02,0.032,0.,0.032,0.019,0.,0.019,0.031,0.,0.031,0.019,0.,0.019,0.,0.,0.,0.,0.,0.,0.,0.,0.,0.,0.,0.,0.,0.,0.,0.,0.,0.
736,0.019,0.,0.019,0.033,0.,0.033,0.019,0.,0.019,0.033,0.,0.033,0.019,0.,0.019,0.033,0.,0.033,0.019,0.,0.019,0.,0.,0.,0.,0.,0.,0.,0.,0.,0.,0.,0.,0.,0.,0.,0.,0.,0.
740,0.019,0.,0.019,0.031,0.,0.031,0.02,0.,0.02,0.034,0.,0.034,0.02,0.,0.02,0.032,0.,0.032,0.019,0.,0.019,0.,0.,0.,0.,0.,0.,0.,0.,0.,0.,0.,0.,0.,0.,0.,0.,0.,0.
744,0.021,0.,0.021,0.032,0.,0.032,0.019,0.,0.019,0.032,0.,0.032,0.02,0.,0.02,0.031,0.,0.031,0.02,0.,0.02,0.,0.,0.,0.,0.,0.,0.,0.,0.,0.,0.,0.,0.,0.,0.,0.,0.,0.
748,0.02,0.,0.02,0.033,0.,0.033,0.02,0.,0.02,0.033,0.,0.033,0.02,0.,0.02,0.033,0.,0.033,0.02,0.,0.02,0.,0.,0.,0.,0.,0.,0.,0.,0.,0.,0.,0.,0.,0.,0.,0.,0.,0.
752,0.02,0.,0.02,0.033,0.,0.033,0.021,0.,0.021,0.034,0.,0.034,0.021,0.,0.021,0.032,0.,0.032,0.021,0.,0.021,0.,0.,0.,0.,0.,0.,0.,0.,0.,0.,0.,0.,0.,0.,0.,0.,0.,0.
756,0.02,0.,0.02,0.034,0.,0.034,0.022,0.,0.022,0.035,0.,0.035,0.02,0.,0.02,0.034,0.,0.034,0.02,0.,0.02,0.,0.,0.,0.,0.,0.,0.,0.,0.,0.,0.,0.,0.,0.,0.,0.,0.,0.
760,0.021,0.,0.021,0.035,0.,0.035,0.021,0.,0.021,0.034,0.,0.034,0.02,0.,0.02,0.036,0.,0.036,0.02,0.,0.02,0.,0.,0.,0.,0.,0.,0.,0.,0.,0.,0.,0.,0.,0.,0.,0.,0.,0.
764,0.021,0.,0.021,0.033,0.,0.033,0.021,0.,0.021,0.033,0.,0.033,0.021,0.,0.021,0.033,0.,0.033,0.022,0.,0.022,0.,0.,0.,0.,0.,0.,0.,0.,0.,0.,0.,0.,0.,0.,0.,0.,0.,0.
768,0.021,0.,0.021,0.035,0.,0.035,0.02,0.,0.02,0.036,0.,0.036,0.022,0.,0.022,0.033,0.,0.033,0.02,0.,0.02,0.,0.,0.,0.,0.,0.,0.,0.,0.,0.,0.,0.,0.,0.,0.,0.,0.,0.
772,0.02,0.,0.02,0.034,0.,0.034,0.02,0.,0.02,0.033,0.,0.033,0.021,0.,0.021,0.034,0.,0.034,0.02,0.,0.02,0.,0.,0.,0.,0.,0.,0.,0.,0.,0.,0.,0.,0.,0.,0.,0.,0.,0.
776,0.021,0.,0.021,0.034,0.,0.034,0.021,0.,0.021,0.033,0.,0.033,0.021,0.,0.021,0.035,0.,0.035,0.022,0.,0.022,0.,0.,0.,0.,0.,0.,0.,0.,0.,0.,0.,0.,0.,0.,0.,0.,0.,0.
780,0.023,0.,0.023,0.035,0.,0.035,0.022,0.,0.022,0.034,0.,0.034,0.022,0.,0.022,0.036,0.,0.036,0.022,0.,0.022,0.,0.,0.,0.,0.,0.,0.,0.,0.,0.,0.,0.,0.,0.,0.,0.,0.,0.
784,0.022,0.,0.022,0.037,0.,0.037,0.021,0.,0.021,0.035,0.,0.035,0.022,0.,0.022,0.036,0.,0.036,0.021,0.,0.021,0.,0.,0.,0.,0.,0.,0.,0.,0.,0.,0.,0.,0.,0.,0.,0.,0.,0.
788,0.022,0.,0.022,0.036,0.,0.036,0.021,0.,0.021,0.036,0.,0.036,0.022,0.,0.022,0.036,0.,0.036,0.022,0.,0.022,0.,0.,0.,0.,0.,0.,0.,0.,0.,0.,0.,0.,0.,0.,0.,0.,0.,0.
792,0.022,0.,0.022,0.038,0.,0.038,0.021,0.,0.021,0.039,0.,0.039,0.022,0.,0.022,0.037,0.,0.037,0.023,0.,0.023,0.,0.,0.,0.,0.,0.,0.,0.,0.,0.,0.,0.,0.,0.,0.,0.,0.,0.
796,0.021,0.,0.021,0.037,0.,0.037,0.023,0.,0.023,0.038,0.,0.038,0.023,0.,0.023,0.037,0.,0.037,0.022,0.,0.022,0.,0.,0.,0.,0.,0.,0.,0.,0.,0.,0.,0.,0.,0.,0.,0.,0.,0.
800,0.024,0.,0.024,0.04,0.,0.04,0.024,0.,0.024,0.036,0.,0.036,0.022,0.,0.022,0.039,0.,0.039,0.025,0.,0.025,0.,0.,0.,0.,0.,0.,0.,0.,0.,0.,0.,0.,0.,0.,0.,0.,0.,0.
804,0.022,0.,0.022,0.035,0.,0.035,0.024,0.,0.024,0.035,0.,0.035,0.022,0.,0.022,0.036,0.,0.036,0.022,0.,0.022,0.,0.,0.,0.,0.,0.,0.,0.,0.,0.,0.,0.,0.,0.,0.,0.,0.,0.
808,0.023,0.,0.023,0.038,0.,0.038,0.022,0.,0.022,0.038,0.,0.038,0.022,0.,0.022,0.038,0.,0.038,0.024,0.,0.024,0.,0.,0.,0.,0.,0.,0.,0.,0.,0.,0.,0.,0.,0.,0.,0.,0.,0.
812,0.022,0.,0.022,0.041,0.,0.041,0.024,0.,0.024,0.04,0.,0.04,0.022,0.,0.022,0.038,0.,0.038,0.023,0.,0.023,0.,0.,0.,0.,0.,0.,0.,0.,0.,0.,0.,0.,0.,0.,0.,0.,0.,0.
816,0.024,0.,0.024,0.04,0.,0.04,0.023,0.,0.023,0.039,0.,0.039,0.023,0.,0.023,0.038,0.,0.038,0.023,0.,0.023,0.,0.,0.,0.,0.,0.,0.,0.,0.,0.,0.,0.,0.,0.,0.,0.,0.,0.
820,0.024,0.,0.024,0.041,0.,0.041,0.023,0.,0.023,0.039,0.,0.039,0.026,0.,0.026,0.037,0.,0.037,0.023,0.,0.023,0.,0.,0.,0.,0.,0.,0.,0.,0.,0.,0.,0.,0.,0.,0.,0.,0.,0.
824,0.027,0.003,0.023,0.038,0.,0.038,0.026,0.,0.026,0.038,0.,0.038,0.025,0.,0.025,0.039,0.,0.039,0.023,0.,0.023,0.,0.,0.,0.,0.,0.,0.,0.,0.,0.,0.,0.,0.,0.,0.,0.,0.,0.
828,0.023,0.,0.023,0.041,0.,0.041,0.026,0.,0.026,0.037,0.,0.037,0.023,0.,0.023,0.042,0.,0.042,0.023,0.,0.023,0.,0.,0.,0.,0.,0.,0.,0.,0.,0.,0.,0.,0.,0.,0.,0.,0.,0.
832,0.024,0.,0.024,0.041,0.,0.041,0.024,0.,0.024,0.038,0.,0.038,0.024,0.,0.024,0.039,0.,0.039,0.025,0.,0.025,0.,0.,0.,0.,0.,0.,0.,0.,0.,0.,0.,0.,0.,0.,0.,0.,0.,0.
836,0.024,0.,0.024,0.042,0.,0.042,0.024,0.,0.024,0.041,0.,0.041,0.024,0.,0.024,0.041,0.,0.041,0.024,0.,0.024,0.,0.,0.,0.,0.,0.,0.,0.,0.,0.,0.,0.,0.,0.,0.,0.,0.,0.
840,0.024,0.,0.024,0.041,0.,0.041,0.025,0.,0.025,0.039,0.,0.039,0.024,0.,0.024,0.039,0.,0.039,0.025,0.,0.025,0.,0.,0.,0.,0.,0.,0.,0.,0.,0.,0.,0.,0.,0.,0.,0.,0.,0.
844,0.024,0.,0.024,0.041,0.,0.041,0.024,0.,0.024,0.043,0.,0.043,0.024,0.,0.024,0.044,0.,0.044,0.024,0.,0.024,0.,0.,0.,0.,0.,0.,0.,0.,0.,0.,0.,0.,0.,0.,0.,0.,0.,0.
848,0.026,0.,0.026,0.042,0.,0.042,0.024,0.,0.024,0.043,0.,0.043,0.027,0.,0.027,0.042,0.,0.042,0.026,0.,0.026,0.,0.,0.,0.,0.,0.,0.,0.,0.,0.,0.,0.,0.,0.,0.,0.,0.,0.
852,0.024,0.,0.024,0.046,0.,0.046,0.025,0.,0.025,0.044,0.,0.044,0.026,0.,0.026,0.043,0.,0.043,0.025,0.,0.025,0.,0.,0.,0.,0.,0.,0.,0.,0.,0.,0.,0.,0.,0.,0.,0.,0.,0.
856,0.025,0.,0.025,0.042,0.,0.042,0.025,0.,0.025,0.041,0.,0.041,0.025,0.,0.025,0.046,0.,0.046,0.025,0.,0.025,0.,0.,0.,0.,0.,0.,0.,0.,0.,0.,0.,0.,0.,0.,0.,0.,0.,0.
860,0.025,0.,0.025,0.043,0.,0.043,0.025,0.,0.025,0.04,0.,0.04,0.025,0.,0.025,0.041,0.,0.041,0.026,0.,0.026,0.,0.,0.,0.,0.,0.,0.,0.,0.,0.,0.,0.,0.,0.,0.,0.,0.,0.
864,0.025,0.,0.025,0.043,0.,0.043,0.025,0.,0.025,0.042,0.,0.042,0.026,0.,0.026,0.042,0.,0.042,0.026,0.,0.026,0.,0.,0.,0.,0.,0.,0.,0.,0.,0.,0.,0.,0.,0.,0.,0.,0.,0.
868,0.026,0.,0.026,0.045,0.,0.045,0.026,0.,0.026,0.041,0.,0.041,0.025,0.,0.025,0.044,0.,0.044,0.028,0.,0.028,0.,0.,0.,0.,0.,0.,0.,0.,0.,0.,0.,0.,0.,0.,0.,0.,0.,0.
872,0.027,0.,0.027,0.047,0.,0.047,0.028,0.,0.028,0.049,0.,0.049,0.026,0.,0.026,0.044,0.,0.044,0.025,0.,0.025,0.,0.,0.,0.,0.,0.,0.,0.,0.,0.,0.,0.,0.,0.,0.,0.,0.,0.
876,0.026,0.,0.026,0.047,0.,0.047,0.026,0.,0.026,0.044,0.,0.044,0.026,0.,0.026,0.045,0.,0.045,0.026,0.,0.026,0.,0.,0.,0.,0.,0.,0.,0.,0.,0.,0.,0.,0.,0.,0.,0.,0.,0.
880,0.026,0.,0.026,0.047,0.,0.047,0.026,0.,0.026,0.044,0.,0.044,0.026,0.,0.026,0.046,0.,0.046,0.026,0.,0.026,0.,0.,0.,0.,0.,0.,0.,0.,0.,0.,0.,0.,0.,0.,0.,0.,0.,0.
884,0.027,0.,0.027,0.045,0.,0.045,0.027,0.,0.027,0.045,0.,0.045,0.027,0.,0.027,0.047,0.,0.047,0.028,0.,0.028,0.,0.,0.,0.,0.,0.,0.,0.,0.,0.,0.,0.,0.,0.,0.,0.,0.,0.
888,0.026,0.,0.026,0.049,0.,0.049,0.029,0.,0.029,0.047,0.,0.047,0.027,0.,0.027,0.045,0.,0.045,0.027,0.,0.027,0.,0.,0.,0.,0.,0.,0.,0.,0.,0.,0.,0.,0.,0.,0.,0.,0.,0.
892,0.026,0.,0.026,0.043,0.,0.042,0.028,0.,0.028,0.047,0.,0.047,0.027,0.,0.027,0.047,0.,0.047,0.028,0.,0.028,0.,0.,0.,0.,0.,0.,0.,0.,0.,0.,0.,0.,0.,0.,0.,0.,0.,0.
896,0.027,0.,0.027,0.043,0.,0.043,0.027,0.,0.027,0.045,0.,0.045,0.028,0.,0.028,0.043,0.,0.043,0.027,0.,0.027,0.,0.,0.,0.,0.,0.,0.,0.,0.,0.,0.,0.,0.,0.,0.,0.,0.,0.
900,0.03,0.,0.03,0.048,0.,0.048,0.03,0.,0.03,0.046,0.,0.046,0.029,0.,0.029,0.048,0.,0.048,0.028,0.,0.028,0.,0.,0.,0.,0.,0.,0.,0.,0.,0.,0.,0.,0.,0.,0.,0.,0.,0.
904,0.028,0.,0.028,0.046,0.,0.046,0.028,0.,0.028,0.048,0.,0.048,0.029,0.,0.029,0.045,0.,0.045,0.029,0.,0.029,0.,0.,0.,0.,0.,0.,0.,0.,0.,0.,0.,0.,0.,0.,0.,0.,0.,0.
908,0.028,0.,0.028,0.048,0.,0.048,0.029,0.,0.029,0.047,0.,0.047,0.028,0.,0.028,0.043,0.,0.043,0.028,0.,0.028,0.,0.,0.,0.,0.,0.,0.,0.,0.,0.,0.,0.,0.,0.,0.,0.,0.,0.
912,0.027,0.,0.027,0.05,0.,0.05,0.029,0.,0.029,0.051,0.,0.051,0.028,0.,0.028,0.052,0.,0.052,0.032,0.,0.032,0.,0.,0.,0.,0.,0.,0.,0.,0.,0.,0.,0.,0.,0.,0.,0.,0.,0.
916,0.031,0.,0.031,0.046,0.,0.046,0.029,0.,0.029,0.047,0.,0.047,0.028,0.,0.028,0.05,0.,0.05,0.03,0.,0.03,0.,0.,0.,0.,0.,0.,0.,0.,0.,0.,0.,0.,0.,0.,0.,0.,0.,0.
920,0.033,0.,0.033,0.046,0.,0.046,0.029,0.,0.029,0.048,0.,0.048,0.029,0.,0.029,0.048,0.,0.048,0.03,0.,0.03,0.,0.,0.,0.,0.,0.,0.,0.,0.,0.,0.,0.,0.,0.,0.,0.,0.,0.
924,0.029,0.,0.029,0.048,0.,0.048,0.029,0.,0.029,0.047,0.,0.047,0.029,0.,0.029,0.048,0.,0.048,0.028,0.,0.028,0.,0.,0.,0.,0.,0.,0.,0.,0.,0.,0.,0.,0.,0.,0.,0.,0.,0.
928,0.029,0.,0.029,0.053,0.,0.053,0.028,0.,0.028,0.049,0.,0.049,0.03,0.,0.03,0.049,0.,0.049,0.032,0.,0.032,0.,0.,0.,0.,0.,0.,0.,0.,0.,0.,0.,0.,0.,0.,0.,0.,0.,0.
932,0.029,0.,0.029,0.052,0.,0.052,0.03,0.,0.03,0.052,0.,0.052,0.03,0.,0.03,0.047,0.,0.047,0.029,0.,0.029,0.,0.,0.,0.,0.,0.,0.,0.,0.,0.,0.,0.,0.,0.,0.,0.,0.,0.
936,0.029,0.,0.029,0.046,0.,0.046,0.029,0.,0.029,0.051,0.,0.051,0.033,0.,0.033,0.052,0.,0.052,0.029,0.,0.029,0.,0.,0.,0.,0.,0.,0.,0.,0.,0.,0.,0.,0.,0.,0.,0.,0.,0.
940,0.031,0.,0.031,0.05,0.,0.05,0.029,0.,0.029,0.05,0.,0.05,0.029,0.,0.029,0.05,0.,0.05,0.03,0.,0.03,0.,0.,0.,0.,0.,0.,0.,0.,0.,0.,0.,0.,0.,0.,0.,0.,0.,0.
944,0.032,0.,0.032,0.049,0.,0.049,0.032,0.,0.032,0.046,0.,0.046,0.029,0.,0.029,0.049,0.,0.049,0.03,0.,0.03,0.,0.,0.,0.,0.,0.,0.,0.,0.,0.,0.,0.,0.,0.,0.,0.,0.,0.
948,0.03,0.,0.03,0.051,0.,0.051,0.032,0.,0.032,0.053,0.,0.053,0.032,0.,0.032,0.048,0.,0.048,0.03,0.,0.03,0.,0.,0.,0.,0.,0.,0.,0.,0.,0.,0.,0.,0.,0.,0.,0.,0.,0.
952,0.03,0.,0.03,0.052,0.,0.052,0.03,0.,0.03,0.053,0.,0.053,0.03,0.,0.03,0.055,0.,0.055,0.03,0.,0.03,0.,0.,0.,0.,0.,0.,0.,0.,0.,0.,0.,0.,0.,0.,0.,0.,0.,0.
956,0.03,0.,0.03,0.055,0.,0.055,0.033,0.,0.033,0.056,0.,0.056,0.032,0.,0.032,0.054,0.,0.053,0.031,0.,0.031,0.,0.,0.,0.,0.,0.,0.,0.,0.,0.,0.,0.,0.,0.,0.,0.,0.,0.
960,0.031,0.,0.031,0.054,0.,0.054,0.032,0.,0.032,0.052,0.,0.052,0.031,0.,0.031,0.049,0.,0.049,0.033,0.,0.033,0.,0.,0.,0.,0.,0.,0.,0.,0.,0.,0.,0.,0.,0.,0.,0.,0.,0.
964,0.031,0.,0.031,0.053,0.,0.053,0.032,0.,0.032,0.057,0.,0.057,0.036,0.,0.036,0.054,0.,0.054,0.031,0.,0.031,0.,0.,0.,0.,0.,0.,0.,0.,0.,0.,0.,0.,0.,0.,0.,0.,0.,0.
968,0.031,0.,0.031,0.053,0.,0.053,0.037,0.,0.037,0.053,0.,0.053,0.033,0.,0.033,0.053,0.,0.053,0.035,0.,0.035,0.,0.,0.,0.,0.,0.,0.,0.,0.,0.,0.,0.,0.,0.,0.,0.,0.,0.
972,0.031,0.,0.031,0.054,0.,0.054,0.032,0.,0.032,0.052,0.,0.052,0.036,0.,0.036,0.055,0.,0.055,0.031,0.,0.031,0.,0.,0.,0.,0.,0.,0.,0.,0.,0.,0.,0.,0.,0.,0.,0.,0.,0.
976,0.036,0.,0.036,0.054,0.,0.054,0.032,0.,0.032,0.057,0.,0.057,0.031,0.,0.031,0.052,0.,0.052,0.033,0.,0.033,0.,0.,0.,0.,0.,0.,0.,0.,0.,0.,0.,0.,0.,0.,0.,0.,0.,0.
980,0.031,0.,0.031,0.053,0.,0.053,0.032,0.,0.032,0.054,0.,0.054,0.032,0.,0.032,0.057,0.,0.057,0.037,0.,0.037,0.,0.,0.,0.,0.,0.,0.,0.,0.,0.,0.,0.,0.,0.,0.,0.,0.,0.
984,0.034,0.,0.034,0.056,0.,0.056,0.037,0.,0.037,0.053,0.,0.053,0.032,0.,0.032,0.053,0.,0.053,0.033,0.,0.033,0.,0.,0.,0.,0.,0.,0.,0.,0.,0.,0.,0.,0.,0.,0.,0.,0.,0.
988,0.032,0.,0.032,0.058,0.,0.058,0.032,0.,0.032,0.056,0.,0.056,0.033,0.,0.033,0.054,0.,0.054,0.032,0.,0.032,0.,0.,0.,0.,0.,0.,0.,0.,0.,0.,0.,0.,0.,0.,0.,0.,0.,0.
992,0.034,0.,0.034,0.056,0.,0.056,0.033,0.,0.033,0.058,0.,0.058,0.033,0.,0.033,0.057,0.,0.057,0.035,0.,0.035,0.,0.,0.,0.,0.,0.,0.,0.,0.,0.,0.,0.,0.,0.,0.,0.,0.,0.
996,0.035,0.,0.035,0.06,0.,0.06,0.037,0.,0.037,0.056,0.,0.056,0.033,0.,0.033,0.057,0.,0.057,0.034,0.,0.034,0.,0.,0.,0.,0.,0.,0.,0.,0.,0.,0.,0.,0.,0.,0.,0.,0.,0.
1000,0.032,0.,0.032,0.054,0.,0.054,0.035,0.,0.035,0.055,0.,0.055,0.035,0.,0.035,0.052,0.,0.052,0.035,0.,0.035,0.,0.,0.,0.,0.,0.,0.,0.,0.,0.,0.,0.,0.,0.,0.,0.,0.,0.
1100,0.039,0.,0.039,0.068,0.,0.068,0.039,0.,0.039,0.067,0.,0.067,0.039,0.,0.039,0.07,0.,0.07,0.04,0.,0.04,0.,0.,0.,0.,0.,0.,0.,0.,0.,0.,0.,0.,0.,0.,0.,0.,0.,0.
1200,0.045,0.,0.045,0.081,0.,0.081,0.048,0.,0.048,0.081,0.,0.081,0.051,0.,0.051,0.079,0.,0.079,0.046,0.,0.046,0.,0.,0.,0.,0.,0.,0.,0.,0.,0.,0.,0.,0.,0.,0.,0.,0.,0.
1300,0.057,0.,0.057,0.093,0.,0.093,0.06,0.,0.06,0.091,0.,0.091,0.054,0.,0.054,0.085,0.,0.084,0.057,0.,0.057,0.,0.,0.,0.,0.,0.,0.,0.,0.,0.,0.,0.,0.,0.,0.,0.,0.,0.
1400,0.062,0.,0.062,0.108,0.,0.108,0.061,0.,0.061,0.102,0.,0.102,0.064,0.,0.064,0.109,0.,0.109,0.061,0.,0.061,0.,0.,0.,0.,0.,0.,0.,0.,0.,0.,0.,0.,0.,0.,0.,0.,0.,0.
1500,0.072,0.,0.072,0.126,0.,0.126,0.073,0.,0.073,0.114,0.,0.114,0.072,0.,0.072,0.116,0.,0.116,0.073,0.,0.073,0.,0.,0.,0.,0.,0.,0.,0.,0.,0.,0.,0.,0.,0.,0.,0.,0.,0.
1600,0.081,0.,0.081,0.13,0.,0.13,0.082,0.,0.082,0.128,0.,0.128,0.082,0.,0.082,0.134,0.,0.134,0.083,0.,0.083,0.001,0.,0.001,0.001,0.,0.001,0.,0.,0.,0.,0.,0.,0.,0.,0.,0.,0.,0.
1700,0.093,0.,0.093,0.145,0.,0.145,0.091,0.,0.091,0.144,0.,0.144,0.091,0.,0.091,0.143,0.,0.143,0.093,0.,0.093,0.001,0.,0.001,0.001,0.,0.001,0.,0.,0.,0.,0.,0.,0.,0.,0.,0.,0.,0.
1800,0.101,0.,0.101,0.174,0.,0.174,0.101,0.,0.101,0.17,0.,0.169,0.099,0.,0.099,0.17,0.,0.17,0.106,0.,0.106,0.001,0.,0.001,0.001,0.,0.001,0.,0.,0.,0.,0.,0.,0.,0.,0.,0.,0.,0.
1900,0.115,0.,0.115,0.191,0.,0.191,0.11,0.,0.11,0.182,0.,0.182,0.109,0.,0.109,0.182,0.,0.182,0.109,0.,0.109,0.001,0.,0.001,0.001,0.,0.001,0.,0.,0.,0.,0.,0.,0.,0.,0.,0.,0.,0.
2000,0.128,0.,0.128,0.209,0.,0.209,0.126,0.,0.126,0.209,0.,0.209,0.12,0.,0.12,0.217,0.,0.217,0.129,0.,0.129,0.001,0.,0.001,0.001,0.,0.001,0.,0.,0.,0.,0.,0.,0.,0.,0.,0.,0.,0.
2100,0.133,0.,0.133,0.211,0.,0.211,0.132,0.,0.132,0.225,0.,0.225,0.132,0.,0.132,0.211,0.,0.211,0.131,0.,0.131,0.001,0.,0.001,0.001,0.,0.001,0.,0.,0.,0.,0.,0.,0.,0.,0.,0.,0.,0.
2200,0.148,0.,0.148,0.247,0.,0.247,0.159,0.,0.159,0.235,0.,0.235,0.145,0.,0.145,0.237,0.,0.237,0.145,0.,0.145,0.001,0.,0.001,0.001,0.,0.001,0.,0.,0.,0.,0.,0.,0.001,0.,0.001,0.,0.,0.
2300,0.159,0.,0.159,0.27,0.,0.27,0.156,0.,0.156,0.276,0.,0.276,0.158,0.,0.158,0.266,0.,0.266,0.155,0.,0.155,0.001,0.,0.001,0.001,0.,0.001,0.,0.,0.,0.,0.,0.,0.,0.,0.,0.,0.,0.
2400,0.17,0.,0.17,0.297,0.,0.297,0.169,0.,0.169,0.299,0.,0.299,0.175,0.,0.175,0.3,0.,0.3,0.171,0.,0.171,0.001,0.,0.001,0.001,0.,0.001,0.,0.,0.,0.,0.,0.,0.,0.,0.,0.,0.,0.
2500,0.185,0.,0.185,0.311,0.,0.311,0.183,0.,0.183,0.313,0.,0.312,0.182,0.,0.182,0.333,0.,0.333,0.181,0.,0.181,0.001,0.,0.001,0.001,0.,0.001,0.001,0.,0.001,0.001,0.,0.001,0.001,0.,0.001,0.,0.,0.
2600,0.199,0.,0.199,0.347,0.,0.347,0.197,0.,0.197,0.345,0.,0.345,0.192,0.,0.192,0.351,0.,0.351,0.197,0.,0.197,0.001,0.,0.001,0.001,0.,0.001,0.001,0.,0.001,0.001,0.,0.001,0.001,0.,0.001,0.001,0.,0.001
2700,0.211,0.,0.211,0.371,0.,0.371,0.213,0.,0.213,0.377,0.,0.377,0.21,0.,0.21,0.382,0.,0.381,0.23,0.,0.23,0.001,0.,0.001,0.001,0.,0.001,0.001,0.,0.001,0.001,0.,0.001,0.001,0.,0.001,0.001,0.,0.001
2800,0.234,0.,0.234,0.393,0.,0.393,0.232,0.,0.232,0.396,0.,0.396,0.23,0.,0.23,0.398,0.,0.398,0.24,0.,0.24,0.001,0.,0.001,0.001,0.,0.001,0.001,0.,0.001,0.001,0.,0.001,0.001,0.,0.001,0.001,0.,0.001
2900,0.247,0.,0.247,0.424,0.,0.424,0.249,0.,0.249,0.43,0.,0.43,0.251,0.,0.251,0.414,0.,0.414,0.252,0.,0.252,0.001,0.,0.001,0.001,0.,0.001,0.001,0.,0.001,0.001,0.,0.001,0.001,0.,0.001,0.001,0.,0.001
3000,0.263,0.,0.263,0.45,0.,0.45,0.258,0.,0.258,0.449,0.,0.449,0.264,0.,0.264,0.44,0.,0.44,0.26,0.003,0.256,0.001,0.,0.001,0.001,0.,0.001,0.001,0.,0.001,0.001,0.,0.001,0.001,0.,0.001,0.001,0.,0.001
3100,0.277,0.,0.277,0.482,0.,0.481,0.278,0.,0.278,0.471,0.,0.471,0.287,0.,0.287,0.488,0.,0.488,0.283,0.,0.283,0.001,0.,0.001,0.001,0.,0.001,0.001,0.,0.001,0.001,0.,0.001,0.001,0.,0.001,0.001,0.,0.001
3200,0.299,0.,0.299,0.528,0.,0.528,0.293,0.,0.293,0.508,0.,0.508,0.301,0.,0.301,0.513,0.,0.513,0.295,0.,0.295,0.001,0.,0.001,0.001,0.,0.001,0.001,0.,0.001,0.001,0.,0.001,0.001,0.,0.001,0.001,0.,0.001
3300,0.316,0.,0.316,0.556,0.,0.556,0.315,0.,0.315,0.552,0.,0.552,0.316,0.,0.316,0.546,0.,0.546,0.325,0.,0.325,0.001,0.,0.001,0.001,0.,0.001,0.001,0.,0.001,0.001,0.,0.001,0.001,0.,0.001,0.001,0.,0.001
3400,0.35,0.,0.35,0.613,0.,0.613,0.346,0.,0.346,0.612,0.,0.612,0.356,0.,0.356,0.583,0.,0.583,0.348,0.,0.348,0.001,0.,0.001,0.001,0.,0.001,0.001,0.,0.001,0.001,0.,0.001,0.001,0.,0.001,0.001,0.,0.001
3500,0.352,0.,0.352,0.632,0.,0.632,0.362,0.,0.362,0.605,0.,0.605,0.356,0.,0.356,0.614,0.,0.614,0.366,0.,0.366,0.001,0.,0.001,0.001,0.,0.001,0.001,0.,0.001,0.001,0.,0.001,0.001,0.,0.001,0.001,0.,0.001
3600,0.387,0.,0.387,0.666,0.,0.666,0.384,0.,0.384,0.623,0.,0.623,0.376,0.,0.376,0.629,0.,0.629,0.372,0.,0.372,0.001,0.,0.001,0.001,0.,0.001,0.001,0.,0.001,0.001,0.,0.001,0.001,0.,0.001,0.001,0.,0.001
3700,0.403,0.,0.403,0.687,0.,0.687,0.393,0.,0.393,0.689,0.,0.689,0.389,0.,0.389,0.703,0.,0.703,0.388,0.,0.388,0.001,0.,0.001,0.001,0.,0.001,0.001,0.,0.001,0.001,0.,0.001,0.001,0.,0.001,0.001,0.,0.001
3800,0.421,0.,0.421,0.729,0.,0.729,0.437,0.,0.437,0.749,0.,0.749,0.417,0.,0.417,0.76,0.,0.76,0.411,0.,0.411,0.001,0.,0.001,0.001,0.,0.001,0.001,0.,0.001,0.001,0.,0.001,0.001,0.,0.001,0.001,0.,0.001
3900,0.437,0.,0.437,0.82,0.,0.82,0.436,0.,0.436,0.763,0.,0.763,0.446,0.,0.446,0.761,0.,0.761,0.435,0.,0.435,0.001,0.,0.001,0.001,0.,0.001,0.001,0.,0.001,0.001,0.,0.001,0.001,0.,0.001,0.001,0.,0.001
4000,0.489,0.,0.489,0.84,0.,0.84,0.463,0.,0.463,0.759,0.,0.758,0.491,0.,0.491,0.812,0.,0.812,0.462,0.,0.462,0.001,0.,0.001,0.001,0.,0.001,0.001,0.,0.001,0.001,0.,0.001,0.001,0.,0.001,0.001,0.,0.001
4100,0.506,0.,0.506,0.856,0.,0.856,0.486,0.,0.486,0.846,0.,0.846,0.503,0.,0.503,0.842,0.,0.842,0.502,0.,0.502,0.001,0.,0.001,0.001,0.,0.001,0.001,0.,0.001,0.001,0.,0.001,0.001,0.,0.001,0.001,0.,0.001
4200,0.508,0.,0.508,0.907,0.,0.907,0.505,0.,0.505,0.881,0.,0.881,0.508,0.,0.508,0.864,0.,0.864,0.533,0.,0.533,0.001,0.,0.001,0.001,0.,0.001,0.001,0.,0.001,0.001,0.,0.001,0.001,0.,0.001,0.001,0.,0.001
4300,0.532,0.,0.532,0.871,0.,0.871,0.535,0.,0.535,0.913,0.,0.913,0.538,0.,0.538,0.913,0.,0.913,0.533,0.,0.533,0.001,0.,0.001,0.002,0.,0.002,0.001,0.,0.001,0.001,0.,0.001,0.001,0.,0.001,0.001,0.,0.001
4400,0.557,0.,0.557,1.017,0.,1.017,0.568,0.,0.568,0.919,0.,0.919,0.561,0.,0.561,1.029,0.,1.029,0.551,0.,0.551,0.002,0.,0.002,0.002,0.,0.002,0.001,0.,0.001,0.001,0.,0.001,0.001,0.,0.001,0.001,0.,0.001
4500,0.593,0.,0.593,1.026,0.,1.026,0.587,0.,0.587,0.976,0.,0.976,0.588,0.,0.588,0.983,0.,0.983,0.559,0.,0.559,0.002,0.,0.002,0.001,0.,0.001,0.001,0.,0.001,0.001,0.,0.001,0.001,0.,0.001,0.001,0.,0.001
4600,0.597,0.,0.597,1.034,0.,1.034,0.599,0.,0.599,1.027,0.,1.027,0.614,0.,0.614,1.033,0.,1.033,0.591,0.,0.59,0.002,0.,0.002,0.002,0.,0.002,0.001,0.,0.001,0.001,0.,0.001,0.001,0.,0.001,0.001,0.,0.001
4700,0.634,0.,0.634,1.145,0.,1.145,0.656,0.,0.656,1.161,0.,1.161,0.671,0.,0.671,1.102,0.,1.102,0.634,0.,0.634,0.002,0.,0.002,0.002,0.,0.002,0.001,0.,0.001,0.001,0.,0.001,0.001,0.,0.001,0.001,0.,0.001
4800,0.694,0.,0.694,1.106,0.,1.106,0.717,0.,0.716,1.166,0.,1.166,0.684,0.,0.684,1.114,0.,1.114,0.655,0.,0.655,0.002,0.,0.002,0.002,0.,0.002,0.001,0.,0.001,0.001,0.,0.001,0.002,0.,0.002,0.001,0.,0.001
4900,0.674,0.,0.674,1.157,0.,1.157,0.677,0.,0.677,1.165,0.,1.165,0.706,0.,0.706,1.16,0.,1.16,0.687,0.,0.686,0.002,0.,0.002,0.002,0.,0.002,0.001,0.,0.001,0.001,0.,0.001,0.001,0.,0.001,0.001,0.,0.001
5000,0.738,0.,0.738,1.397,0.,1.397,0.758,0.,0.758,1.264,0.,1.264,0.739,0.,0.739,1.298,0.,1.298,0.752,0.,0.752,0.002,0.,0.002,0.002,0.,0.002,0.001,0.,0.001,0.001,0.,0.001,0.001,0.,0.001,0.001,0.,0.001
5500,0.921,0.,0.92,1.48,0.,1.48,0.895,0.,0.895,1.468,0.,1.468,0.89,0.,0.89,1.449,0.,1.449,0.884,0.,0.884,0.002,0.,0.002,0.002,0.,0.002,0.002,0.,0.002,0.002,0.,0.002,0.002,0.,0.002,0.002,0.,0.002
6000,1.001,0.,1.001,1.773,0.,1.773,0.988,0.,0.988,1.755,0.003,1.751,1.044,0.,1.044,1.838,0.,1.838,0.998,0.,0.998,0.002,0.,0.002,0.002,0.,0.002,0.002,0.,0.002,0.002,0.,0.002,0.002,0.,0.002,0.002,0.,0.002
6500,1.227,0.,1.227,2.175,0.,2.175,1.208,0.,1.208,2.185,0.,2.185,1.259,0.,1.259,2.228,0.,2.228,1.19,0.,1.19,0.002,0.,0.002,0.002,0.,0.002,0.002,0.,0.002,0.002,0.,0.002,0.002,0.,0.002,0.002,0.,0.002
7000,1.348,0.,1.348,2.43,0.,2.43,1.369,0.,1.369,2.377,0.,2.377,1.419,0.,1.419,2.394,0.,2.394,1.372,0.,1.371,0.002,0.,0.002,0.003,0.,0.003,0.002,0.,0.002,0.002,0.,0.002,0.002,0.,0.002,0.002,0.,0.002
7500,1.561,0.,1.561,2.677,0.,2.677,1.57,0.,1.57,2.828,0.,2.828,1.561,0.,1.561,2.696,0.,2.696,1.575,0.,1.575,0.003,0.,0.003,0.003,0.,0.003,0.002,0.,0.002,0.003,0.,0.003,0.002,0.,0.002,0.002,0.,0.002
8000,1.775,0.,1.775,3.02,0.,3.02,1.819,0.,1.819,2.994,0.,2.994,1.758,0.,1.758,3.067,0.,3.067,1.787,0.,1.787,0.003,0.,0.003,0.003,0.,0.003,0.003,0.,0.003,0.003,0.,0.003,0.002,0.,0.002,0.003,0.,0.003
8500,2.13,0.,2.13,3.545,0.,3.545,2.057,0.,2.057,3.258,0.,3.258,2.065,0.,2.065,3.386,0.,3.386,2.048,0.,2.048,0.003,0.,0.003,0.003,0.,0.003,0.003,0.,0.003,0.003,0.,0.003,0.003,0.,0.003,0.003,0.,0.003
9000,2.413,0.,2.413,3.858,0.,3.858,2.28,0.,2.28,3.854,0.,3.854,2.274,0.,2.274,4.039,0.,4.039,2.365,0.,2.365,0.004,0.,0.004,0.003,0.,0.003,0.003,0.,0.003,0.003,0.,0.003,0.003,0.,0.003,0.003,0.,0.003
9500,2.496,0.,2.496,4.137,0.003,4.133,2.586,0.,2.585,4.202,0.,4.202,2.476,0.,2.476,4.13,0.,4.13,2.501,0.,2.501,0.003,0.,0.003,0.003,0.,0.003,0.003,0.,0.003,0.003,0.,0.003,0.003,0.,0.003,0.003,0.,0.003
10000,2.95,0.,2.949,4.71,0.,4.71,2.936,0.,2.936,5.128,0.,5.127,2.876,0.,2.875,4.692,0.,4.692,2.854,0.,2.854,0.004,0.,0.004,0.003,0.,0.003,0.003,0.,0.003,0.003,0.,0.003,0.003,0.,0.003,0.003,0.,0.003