param-0-n,param-1-lgn,try-ssr-rewrite!-cold-noop-regression-linear-real,try-ssr-rewrite!-cold-noop-regression-linear-sys,try-ssr-rewrite!-cold-noop-regression-linear-user,try-ssr-rewrite!-evar-noop-regression-linear-real,try-ssr-rewrite!-evar-noop-regression-linear-sys,try-ssr-rewrite!-evar-noop-regression-linear-user,try-ssr-rewrite!-noop-regression-linear-real,try-ssr-rewrite!-noop-regression-linear-sys,try-ssr-rewrite!-noop-regression-linear-user,try-ssr-rewrite-evar-noop-regression-linear-real,try-ssr-rewrite-evar-noop-regression-linear-sys,try-ssr-rewrite-evar-noop-regression-linear-user,try-ssr-rewrite-noop-regression-linear-real,try-ssr-rewrite-noop-regression-linear-sys,try-ssr-rewrite-noop-regression-linear-user,try-ssr-rewrite?-evar-noop-regression-linear-real,try-ssr-rewrite?-evar-noop-regression-linear-sys,try-ssr-rewrite?-evar-noop-regression-linear-user,try-ssr-rewrite?-noop-regression-linear-real,try-ssr-rewrite?-noop-regression-linear-sys,try-ssr-rewrite?-noop-regression-linear-user
3,1,0.,0.,0.,0.,0.,0.,0.,0.,0.,0.,0.,0.,0.,0.,0.,0.,0.,0.,0.,0.,0.
7,2,0.,0.,0.,0.,0.,0.,0.,0.,0.,0.,0.,0.,0.,0.,0.,0.,0.,0.,0.,0.,0.
15,3,0.,0.,0.,0.,0.,0.,0.,0.,0.,0.,0.,0.,0.,0.,0.,0.,0.,0.,0.,0.,0.
31,4,0.,0.,0.,0.,0.,0.,0.,0.,0.,0.,0.,0.,0.,0.,0.,0.,0.,0.,0.,0.,0.
63,5,0.,0.,0.,0.,0.,0.,0.,0.,0.,0.,0.,0.,0.,0.,0.,0.,0.,0.,0.,0.,0.
127,6,0.,0.,0.,0.,0.,0.,0.,0.,0.,0.,0.,0.,0.,0.,0.,0.,0.,0.,0.,0.,0.
255,7,0.,0.,0.,0.,0.,0.,0.,0.,0.,0.,0.,0.,0.,0.,0.,0.,0.,0.,0.,0.,0.
511,8,0.,0.,0.,0.,0.,0.,0.,0.,0.,0.,0.,0.,0.,0.,0.,0.,0.,0.,0.,0.,0.
1023,9,0.,0.,0.,0.,0.,0.,0.,0.,0.,0.,0.,0.,0.,0.,0.,0.,0.,0.,0.,0.,0.
2047,10,0.,0.,0.,0.,0.,0.,0.,0.,0.,0.,0.,0.,0.,0.,0.,0.,0.,0.,0.,0.,0.
4095,11,0.,0.,0.,0.,0.,0.,0.,0.,0.,0.,0.,0.,0.001,0.,0.001,0.,0.,0.,0.,0.,0.
8191,12,0.001,0.,0.001,0.001,0.,0.001,0.001,0.,0.001,0.001,0.,0.001,0.001,0.,0.001,0.004,0.,0.004,0.001,0.,0.001
16383,13,0.003,0.,0.003,0.006,0.,0.006,0.003,0.,0.003,0.003,0.,0.003,0.003,0.,0.003,0.003,0.,0.003,0.003,0.,0.003
32767,14,0.007,0.,0.007,0.007,0.,0.007,0.007,0.,0.007,0.007,0.,0.007,0.007,0.,0.007,0.007,0.,0.007,0.01,0.,0.01
65535,15,0.02,0.,0.02,0.014,0.,0.014,0.014,0.,0.014,0.014,0.,0.014,0.014,0.,0.014,0.014,0.,0.014,0.031,0.,0.031
131071,16,0.055,0.003,0.051,0.028,0.,0.028,0.069,0.,0.069,0.029,0.,0.029,0.029,0.,0.029,0.029,0.,0.029,0.028,0.,0.028
262143,17,0.112,0.004,0.108,0.06,0.,0.06,0.059,0.,0.059,0.058,0.,0.058,0.058,0.,0.058,0.058,0.,0.058,0.058,0.,0.058
524287,18,0.231,0.,0.231,0.131,0.003,0.127,0.131,0.,0.131,0.135,0.,0.135,0.127,0.,0.127,0.13,0.,0.13,0.127,0.,0.127
1048575,19,0.384,0.004,0.379,0.252,0.,0.252,0.262,0.,0.262,0.254,0.,0.254,0.257,0.,0.257,0.264,0.,0.264,0.253,0.,0.253
2097151,20,0.76,0.,0.76,0.525,0.,0.525,0.524,0.,0.524,0.541,0.,0.541,0.536,0.,0.536,0.524,0.,0.524,0.531,0.,0.531
4194303,21,1.415,0.,1.415,1.037,0.,1.037,1.068,0.,1.068,1.093,0.,1.093,1.055,0.,1.055,1.088,0.,1.088,1.042,0.,1.042
8388607,22,2.4,0.,2.399,2.098,0.,2.098,2.081,0.,2.081,2.101,0.,2.101,2.099,0.,2.098,2.097,0.,2.097,2.111,0.,2.111