param-n,cbn-regression-cubic-real,cbn-regression-cubic-sys,cbn-regression-cubic-user,cbv-regression-quadratic-real,cbv-regression-quadratic-sys,cbv-regression-quadratic-user,lazy-regression-quadratic-real,lazy-regression-quadratic-sys,lazy-regression-quadratic-user,native-compute(1)-regression-quadratic-real,native-compute(1)-regression-quadratic-sys,native-compute(1)-regression-quadratic-user,native-compute(2)-regression-quadratic-real,native-compute(2)-regression-quadratic-sys,native-compute(2)-regression-quadratic-user,simpl-regression-cubic-real,simpl-regression-cubic-sys,simpl-regression-cubic-user,vm-compute-regression-quadratic-real,vm-compute-regression-quadratic-sys,vm-compute-regression-quadratic-user
2,0.001,0.,0.001,0.,0.,0.,0.,0.,0.,0.106,0.002,0.001,0.104,0.002,0.002,0.001,0.,0.001,0.,0.,0.
3,0.02,0.001,0.019,0.,0.,0.,0.,0.,0.,0.105,0.002,0.001,0.122,0.003,0.019,0.02,0.,0.02,0.,0.,0.
4,0.004,0.,0.004,0.,0.,0.,0.,0.,0.,0.104,0.003,0.001,0.108,0.002,0.001,0.004,0.,0.004,0.,0.,0.
5,0.008,0.,0.008,0.,0.,0.,0.,0.,0.,0.103,0.003,0.,0.103,0.004,0.,0.006,0.,0.006,0.,0.,0.
6,0.013,0.,0.013,0.,0.,0.,0.,0.,0.,0.104,0.002,0.001,0.105,0.003,0.,0.011,0.,0.011,0.,0.,0.
7,0.018,0.,0.018,0.,0.,0.,0.,0.,0.,0.104,0.003,0.,0.104,0.003,0.001,0.016,0.,0.016,0.,0.,0.
8,0.023,0.,0.023,0.,0.,0.,0.,0.,0.,0.104,0.002,0.001,0.104,0.003,0.001,0.049,0.,0.049,0.,0.,0.
9,0.057,0.,0.057,0.,0.,0.,0.,0.,0.,0.103,0.002,0.001,0.104,0.002,0.002,0.03,0.,0.029,0.,0.,0.
10,0.044,0.,0.044,0.,0.,0.,0.,0.,0.,0.104,0.001,0.002,0.104,0.003,0.001,0.04,0.,0.04,0.,0.,0.
11,0.072,0.,0.071,0.,0.,0.,,,,,,,,,,0.092,0.,0.091,,,
12,0.08,0.,0.08,,,,0.,0.,0.,,,,,,,0.06,0.,0.06,,,
13,0.102,0.,0.102,,,,,,,,,,,,,0.072,0.,0.072,,,
14,0.097,0.,0.097,,,,,,,,,,,,,0.132,0.002,0.129,,,
15,0.142,0.,0.142,,,,,,,,,,,,,0.11,0.,0.11,,,
16,0.125,0.,0.125,,,,,,,,,,,,,0.127,0.,0.126,,,
17,,,,,,,,,,,,,,,,0.144,0.,0.144,,,
18,0.171,0.,0.171,,,,0.019,0.,0.019,,,,,,,0.17,0.,0.17,,,
19,0.202,0.,0.202,0.019,0.001,0.017,,,,,,,,,,,,,,,
20,,,,,,,,,,,,,,,,0.221,0.,0.221,,,
22,0.297,0.,0.297,,,,,,,,,,,,,0.291,0.,0.291,,,
23,,,,,,,0.,0.,0.,,,,,,,,,,,,
24,,,,,,,,,,,,,,,,0.347,0.,0.347,,,
25,0.381,0.,0.381,,,,,,,,,,,,,,,,,,
26,,,,,,,,,,,,,,,,0.429,0.,0.429,,,
28,0.509,0.,0.509,0.,0.,0.,0.,0.,0.,,,,,,,0.52,0.,0.519,,,
30,0.625,0.,0.624,,,,,,,,,,,,,0.629,0.,0.629,,,
32,,,,,,,,,,,,,,,,0.72,0.,0.719,,,
33,0.74,0.,0.74,,,,0.001,0.,0.001,,,,,,,,,,,,
34,,,,,,,,,,,,,,,,0.866,0.,0.866,,,
36,0.958,0.,0.957,0.,0.,0.,,,,,,,,,,,,,,,
39,,,,,,,0.001,0.,0.001,,,,,,,,,,,,
41,,,,,,,,,,,,,,,,1.381,0.,1.381,0.,0.,0.
43,1.577,0.,1.577,,,,,,,,,,,,,,,,,,
44,,,,,,,0.001,0.,0.001,,,,,,,,,,,,
45,,,,0.001,0.,0.001,,,,,,,,,,,,,,,
47,,,,,,,,,,,,,,,,2.049,0.001,2.047,,,
49,,,,,,,0.002,0.,0.002,,,,,,,,,,,,
50,2.266,0.,2.266,,,,,,,,,,,,,,,,,,
53,,,,0.001,0.,0.001,,,,,,,,,,,,,,,
54,,,,,,,0.002,0.,0.002,,,,,,,2.889,0.,2.888,,,
56,3.052,0.,3.051,,,,,,,,,,,,,,,,,,
59,,,,,,,0.002,0.,0.002,,,,,,,,,,,,
60,,,,,,,,,,,,,,,,3.891,0.004,3.885,,,
62,,,,0.002,0.,0.002,,,,,,,,,,,,,,,
63,4.422,0.,4.422,,,,,,,,,,,,,,,,,,
65,,,,,,,0.003,0.,0.003,,,,,,,,,,,,
67,,,,,,,,,,,,,,,,5.347,0.002,5.344,,,
70,5.752,0.,5.75,,,,0.003,0.,0.003,,,,,,,,,,,,
71,,,,0.002,0.,0.002,,,,,,,,,,,,,,,
75,,,,,,,0.003,0.,0.003,,,,,,,,,,,,
79,,,,0.003,0.,0.003,,,,,,,,,,,,,,,
80,,,,,,,0.029,0.,0.029,,,,,,,,,,0.018,0.,0.017
86,,,,,,,0.004,0.,0.004,,,,,,,,,,,,
88,,,,0.003,0.,0.003,,,,,,,,,,,,,,,
91,,,,,,,0.005,0.,0.005,,,,,,,,,,,,
96,,,,0.003,0.,0.003,0.005,0.,0.005,,,,,,,,,,,,
101,,,,,,,0.005,0.,0.005,,,,,,,,,,,,
105,,,,0.004,0.,0.004,,,,,,,,,,,,,,,
106,,,,,,,0.007,0.,0.007,,,,,,,,,,,,
112,,,,,,,0.006,0.,0.006,,,,,,,,,,,,
113,,,,0.03,0.,0.03,,,,,,,,,,,,,,,
116,,,,,,,,,,0.108,0.003,0.,0.124,0.005,0.018,,,,,,
117,,,,,,,0.007,0.,0.007,,,,,,,,,,,,
120,,,,,,,,,,,,,,,,,,,0.,0.,0.
122,,,,0.005,0.,0.005,0.007,0.,0.007,,,,,,,,,,,,
127,,,,,,,0.009,0.,0.009,,,,,,,,,,,,
130,,,,0.006,0.,0.006,,,,,,,,,,,,,,,
133,,,,,,,0.009,0.,0.008,,,,,,,,,,,,
138,,,,,,,0.009,0.,0.009,,,,,,,,,,,,
139,,,,0.006,0.,0.006,,,,,,,,,,,,,,,
143,,,,,,,0.011,0.,0.01,,,,,,,,,,,,
148,,,,0.008,0.,0.008,0.011,0.,0.011,,,,,,,,,,,,
153,,,,,,,0.013,0.,0.013,,,,,,,,,,,,
156,,,,0.009,0.,0.009,,,,,,,,,,,,,,,
159,,,,,,,0.012,0.,0.012,,,,,,,,,,0.,0.,0.
164,,,,,,,0.015,0.,0.015,,,,,,,,,,,,
165,,,,0.01,0.,0.01,,,,,,,,,,,,,,,
169,,,,,,,0.013,0.,0.013,,,,,,,,,,,,
173,,,,0.01,0.,0.01,,,,,,,,,,,,,,,
174,,,,,,,0.017,0.,0.017,,,,,,,,,,,,
180,,,,,,,0.015,0.,0.015,,,,,,,,,,,,
182,,,,0.01,0.,0.01,,,,,,,,,,,,,,,
185,,,,,,,0.017,0.,0.017,,,,,,,,,,,,
190,,,,0.011,0.,0.011,0.017,0.,0.017,,,,,,,,,,,,
195,,,,,,,0.021,0.,0.02,,,,,,,,,,,,
198,,,,,,,,,,,,,,,,,,,0.001,0.,0.001
199,,,,0.013,0.,0.012,,,,,,,,,,,,,,,
200,,,,,,,0.021,0.,0.021,,,,,,,,,,,,
206,,,,,,,0.019,0.,0.019,,,,,,,,,,,,
208,,,,0.013,0.,0.013,,,,,,,,,,,,,,,
211,,,,,,,0.023,0.,0.023,,,,,,,,,,,,
216,,,,0.014,0.,0.014,0.025,0.,0.024,,,,,,,,,,,,
221,,,,,,,0.028,0.,0.028,,,,,,,,,,,,
225,,,,0.015,0.,0.015,,,,,,,,,,,,,,,
227,,,,,,,0.027,0.,0.027,,,,,,,,,,,,
229,,,,,,,,,,0.104,0.003,0.,0.105,0.002,0.001,,,,,,
232,,,,,,,0.027,0.,0.027,,,,,,,,,,,,
233,,,,0.016,0.,0.016,,,,,,,,,,,,,,,
237,,,,,,,0.025,0.,0.025,,,,,,,,,,0.001,0.,0.001
242,,,,0.017,0.,0.017,0.027,0.,0.027,,,,,,,,,,,,
247,,,,,,,0.028,0.,0.028,,,,,,,,,,,,
250,,,,0.018,0.,0.018,,,,,,,,,,,,,,,
253,,,,,,,0.03,0.,0.03,,,,,,,,,,,,
258,,,,,,,0.033,0.,0.033,,,,,,,,,,,,
259,,,,0.019,0.,0.019,,,,,,,,,,,,,,,
263,,,,,,,0.036,0.,0.036,,,,,,,,,,,,
268,,,,0.021,0.,0.021,0.034,0.,0.034,,,,,,,,,,,,
273,,,,,,,0.036,0.,0.036,,,,,,,,,,,,
276,,,,0.022,0.,0.022,,,,,,,,,,,,,0.002,0.,0.002
279,,,,,,,0.036,0.,0.035,,,,,,,,,,,,
284,,,,,,,0.039,0.,0.039,,,,,,,,,,,,
285,,,,0.023,0.,0.023,,,,,,,,,,,,,,,
289,,,,,,,0.046,0.,0.046,,,,,,,,,,,,
292,,,,,,,0.08,0.,0.08,,,,,,,,,,,,
293,,,,0.023,0.,0.023,,,,,,,,,,,,,,,
294,,,,,,,0.042,0.,0.042,,,,,,,,,,,,
300,,,,,,,0.045,0.,0.045,,,,,,,,,,,,
302,,,,0.025,0.,0.025,,,,,,,,,,,,,,,
305,,,,,,,0.048,0.,0.048,,,,,,,,,,,,
310,,,,0.027,0.,0.027,0.046,0.,0.046,,,,,,,,,,,,
315,,,,,,,0.055,0.,0.054,,,,,,,,,,,,
316,,,,,,,,,,,,,,,,,,,0.002,0.,0.002
319,,,,0.028,0.,0.028,,,,,,,,,,,,,,,
320,,,,,,,0.049,0.,0.049,,,,,,,,,,,,
326,,,,,,,0.052,0.,0.052,,,,,,,,,,,,
328,,,,0.029,0.,0.029,,,,,,,,,,,,,,,
331,,,,,,,0.055,0.002,0.052,,,,,,,,,,,,
336,,,,0.031,0.,0.031,0.062,0.,0.062,,,,,,,,,,,,
341,,,,,,,0.055,0.,0.055,,,,,,,,,,,,
343,,,,,,,,,,0.104,0.003,0.001,0.105,0.002,0.002,,,,,,
345,,,,0.031,0.,0.031,,,,,,,,,,,,,,,
347,,,,,,,0.056,0.,0.056,,,,,,,,,,,,
352,,,,,,,0.053,0.,0.053,,,,,,,,,,,,
353,,,,0.033,0.,0.033,,,,,,,,,,,,,,,
355,,,,,,,,,,,,,,,,,,,0.003,0.,0.003
357,,,,,,,0.054,0.,0.054,,,,,,,,,,,,
362,,,,0.034,0.,0.034,0.056,0.,0.056,,,,,,,,,,,,
367,,,,,,,0.062,0.,0.062,,,,,,,,,,,,
370,,,,0.036,0.,0.036,,,,,,,,,,,,,,,
373,,,,,,,0.065,0.,0.065,,,,,,,,,,,,
378,,,,,,,0.066,0.,0.066,,,,,,,,,,,,
379,,,,0.037,0.,0.037,,,,,,,,,,,,,,,
383,,,,,,,0.068,0.,0.068,,,,,,,,,,,,
387,,,,0.037,0.,0.037,,,,,,,,,,,,,,,
388,,,,,,,0.065,0.,0.065,,,,,,,,,,,,
394,,,,,,,0.067,0.,0.067,,,,,,,,,,0.003,0.,0.003
396,,,,0.04,0.,0.04,,,,,,,,,,,,,,,
399,,,,,,,0.072,0.,0.072,,,,,,,,,,,,
404,,,,,,,0.08,0.,0.08,,,,,,,,,,,,
405,,,,0.04,0.,0.04,,,,,,,,,,,,,,,
409,,,,,,,0.083,0.001,0.081,,,,,,,,,,,,
413,,,,0.042,0.,0.042,,,,,,,,,,,,,,,
414,,,,,,,0.085,0.001,0.084,,,,,,,,,,,,
420,,,,,,,0.097,0.001,0.096,,,,,,,,,,,,
422,,,,0.044,0.,0.044,,,,,,,,,,,,,,,
425,,,,,,,0.1,0.,0.1,,,,,,,,,,,,
430,,,,0.044,0.,0.044,0.092,0.,0.092,,,,,,,,,,,,
433,,,,,,,,,,,,,,,,,,,0.004,0.,0.004
435,,,,,,,0.105,0.,0.105,,,,,,,,,,,,
439,,,,0.046,0.,0.046,,,,,,,,,,,,,,,
441,,,,,,,0.107,0.,0.106,,,,,,,,,,,,
446,,,,,,,0.099,0.,0.098,,,,,,,,,,,,
447,,,,0.049,0.,0.049,,,,,,,,,,,,,,,
451,,,,,,,0.119,0.,0.118,,,,,,,,,,,,
456,,,,0.05,0.,0.05,,,,0.106,0.002,0.002,0.107,0.003,0.002,,,,,,
458,,,,0.092,0.,0.092,,,,,,,,,,,,,,,
465,,,,0.052,0.,0.052,,,,,,,,,,,,,,,
469,,,,,,,0.114,0.,0.114,,,,,,,,,,,,
472,,,,,,,,,,,,,,,,,,,0.004,0.,0.004
473,,,,0.053,0.,0.053,,,,,,,,,,,,,,,
482,,,,0.055,0.,0.055,,,,,,,,,,,,,,,
487,,,,,,,0.123,0.,0.122,,,,,,,,,,,,
490,,,,0.057,0.,0.057,,,,,,,,,,,,,,,
499,,,,0.058,0.,0.058,,,,,,,,,,,,,,,
505,,,,,,,0.111,0.,0.11,,,,,,,,,,,,
507,,,,0.061,0.,0.061,,,,,,,,,,,,,,,
511,,,,,,,,,,,,,,,,,,,0.005,0.,0.005
516,,,,0.063,0.,0.063,,,,,,,,,,,,,,,
523,,,,,,,0.134,0.,0.133,,,,,,,,,,,,
525,,,,0.065,0.,0.065,,,,,,,,,,,,,,,
533,,,,0.065,0.,0.065,,,,,,,,,,,,,,,
541,,,,,,,0.143,0.001,0.142,,,,,,,,,,,,
542,,,,0.069,0.,0.069,,,,,,,,,,,,,,,
550,,,,0.071,0.,0.071,,,,,,,,,,,,,,,
551,,,,,,,,,,,,,,,,,,,0.006,0.,0.006
559,,,,0.071,0.,0.071,0.151,0.,0.151,,,,,,,,,,,,
567,,,,0.073,0.,0.073,,,,,,,,,,,,,,,
570,,,,,,,,,,0.106,0.002,0.002,0.106,0.004,0.001,,,,,,
576,,,,0.075,0.,0.075,,,,,,,,,,,,,,,
577,,,,,,,0.158,0.,0.158,,,,,,,,,,,,
583,,,,,,,0.175,0.001,0.173,,,,,,,,,,,,
585,,,,0.077,0.,0.077,,,,,,,,,,,,,,,
590,,,,,,,,,,,,,,,,,,,0.006,0.,0.006
593,,,,0.084,0.,0.084,,,,,,,,,,,,,,,
595,,,,,,,0.193,0.,0.193,,,,,,,,,,,,
602,,,,0.089,0.,0.089,,,,,,,,,,,,,,,
610,,,,0.088,0.,0.088,,,,,,,,,,,,,,,
613,,,,,,,0.23,0.,0.23,,,,,,,,,,,,
619,,,,0.089,0.,0.089,,,,,,,,,,,,,,,
627,,,,0.088,0.,0.087,,,,,,,,,,,,,,,
629,,,,,,,,,,,,,,,,,,,0.007,0.,0.007
631,,,,,,,0.231,0.001,0.229,,,,,,,,,,,,
636,,,,0.091,0.,0.091,,,,,,,,,,,,,,,
644,,,,0.093,0.001,0.092,,,,,,,,,,,,,,,
649,,,,,,,0.202,0.,0.201,,,,,,,,,,,,
653,,,,0.097,0.,0.097,,,,,,,,,,,,,,,
662,,,,0.098,0.,0.098,,,,,,,,,,,,,,,
667,,,,,,,0.235,0.001,0.233,,,,,,,,,,,,
668,,,,,,,,,,,,,,,,,,,0.008,0.,0.008
670,,,,0.099,0.001,0.098,,,,,,,,,,,,,,,
679,,,,0.102,0.,0.102,,,,,,,,,,,,,,,
684,,,,,,,,,,0.105,0.002,0.003,0.107,0.002,0.003,,,,,,
685,,,,,,,0.235,0.,0.235,,,,,,,,,,,,
687,,,,0.106,0.,0.106,,,,,,,,,,,,,,,
696,,,,0.109,0.,0.109,,,,,,,,,,,,,,,
703,,,,,,,0.295,0.,0.295,,,,,,,,,,,,
704,,,,0.107,0.,0.107,,,,,,,,,,,,,,,
707,,,,,,,,,,,,,,,,,,,0.009,0.,0.009
713,,,,0.113,0.,0.113,,,,,,,,,,,,,,,
721,,,,,,,0.299,0.,0.299,,,,,,,,,,,,
739,,,,,,,0.275,0.,0.275,,,,,,,,,,,,
744,,,,0.124,0.,0.124,,,,,,,,,,,,,,,
747,,,,,,,,,,,,,,,,,,,0.01,0.,0.01
757,,,,,,,0.292,0.,0.292,,,,,,,,,,,,
775,,,,0.133,0.,0.133,0.329,0.,0.329,,,,,,,,,,,,
786,,,,,,,,,,,,,,,,,,,0.011,0.,0.011
793,,,,,,,0.355,0.,0.355,,,,,,,,,,,,
797,,,,,,,,,,0.108,0.003,0.003,0.107,0.003,0.003,,,,,,
806,,,,0.141,0.,0.14,,,,,,,,,,,,,,,
811,,,,,,,0.341,0.,0.341,,,,,,,,,,,,
825,,,,,,,,,,,,,,,,,,,0.012,0.,0.012
829,,,,,,,0.36,0.,0.36,,,,,,,,,,,,
837,,,,0.152,0.,0.152,,,,,,,,,,,,,,,
847,,,,,,,0.433,0.,0.433,,,,,,,,,,,,
864,,,,,,,,,,,,,,,,,,,0.013,0.,0.013
865,,,,,,,0.382,0.,0.382,,,,,,,,,,,,
868,,,,0.167,0.,0.167,,,,,,,,,,,,,,,
873,,,,,,,0.412,0.007,0.405,,,,,,,,,,,,
883,,,,,,,0.414,0.,0.414,,,,,,,,,,,,
898,,,,0.172,0.,0.172,,,,,,,,,,,,,,,
901,,,,,,,0.445,0.,0.445,,,,,,,,,,,,
903,,,,,,,,,,,,,,,,,,,0.014,0.,0.014
911,,,,,,,,,,0.107,0.003,0.003,0.108,0.003,0.003,,,,,,
914,,,,0.182,0.,0.182,,,,,,,,,,,,,,,
929,,,,0.182,0.001,0.181,,,,,,,,,,,,,,,
943,,,,,,,,,,,,,,,,,,,0.015,0.,0.015
960,,,,0.193,0.001,0.191,,,,,,,,,,,,,,,
982,,,,,,,,,,,,,,,,,,,0.016,0.,0.016
991,,,,0.203,0.,0.203,0.514,0.,0.514,,,,,,,,,,,,
1021,,,,,,,,,,,,,,,,,,,0.017,0.,0.017
1022,,,,0.218,0.,0.217,,,,,,,,,,,,,,,
1025,,,,,,,,,,0.108,0.002,0.004,0.108,0.002,0.004,,,,,,
1053,,,,0.233,0.,0.233,,,,,,,,,,,,,,,
1060,,,,,,,,,,,,,,,,,,,0.019,0.,0.019
1081,,,,,,,0.653,0.,0.653,,,,,,,,,,,,
1084,,,,0.251,0.,0.25,,,,,,,,,,,,,,,
1099,,,,,,,,,,,,,,,,,,,0.02,0.,0.02
1115,,,,0.256,0.,0.256,,,,,,,,,,,,,,,
1138,,,,,,,,,,0.108,0.002,0.005,0.136,0.007,0.028,,,,0.022,0.,0.022
1146,,,,0.277,0.,0.277,,,,,,,,,,,,,,,
1164,,,,,,,0.771,0.007,0.763,,,,,,,,,,,,
1171,,,,,,,0.718,0.003,0.714,,,,,,,,,,,,
1177,,,,0.293,0.,0.292,,,,,,,,,,,,,,,
1178,,,,,,,,,,,,,,,,,,,0.022,0.,0.022
1208,,,,0.298,0.,0.298,,,,,,,,,,,,,,,
1217,,,,,,,,,,,,,,,,,,,0.024,0.,0.024
1239,,,,0.317,0.,0.317,,,,,,,,,,,,,,,
1252,,,,,,,,,,0.111,0.004,0.005,0.11,0.003,0.005,,,,,,
1256,,,,,,,,,,,,,,,,,,,0.026,0.,0.026
1261,,,,,,,0.859,0.,0.859,,,,,,,,,,,,
1269,,,,0.325,0.,0.325,,,,,,,,,,,,,,,
1295,,,,,,,,,,,,,,,,,,,0.028,0.,0.028
1300,,,,0.348,0.,0.348,,,,,,,,,,,,,,,
1331,,,,0.359,0.,0.359,,,,,,,,,,,,,,,
1334,,,,,,,,,,,,,,,,,,,0.029,0.,0.029
1351,,,,,,,0.971,0.,0.97,,,,,,,,,,,,
1362,,,,0.379,0.,0.379,,,,,,,,,,,,,,,
1365,,,,,,,,,,0.11,0.002,0.007,0.111,0.004,0.005,,,,,,
1370,,,,0.37,0.,0.37,,,,,,,,,,,,,,,
1374,,,,,,,,,,,,,,,,,,,0.03,0.,0.03
1393,,,,0.38,0.,0.38,,,,,,,,,,,,,,,
1413,,,,,,,,,,,,,,,,,,,0.033,0.,0.033
1424,,,,0.401,0.,0.401,,,,,,,,,,,,,,,
1441,,,,,,,1.132,0.002,1.129,,,,,,,,,,,,
1452,,,,,,,,,,,,,,,,,,,0.033,0.,0.033
1454,,,,,,,1.146,0.01,1.135,,,,,,,,,,,,
1479,,,,,,,,,,0.113,0.004,0.005,0.118,0.004,0.01,,,,,,
1491,,,,,,,,,,,,,,,,,,,0.035,0.,0.035
1530,,,,,,,,,,,,,,,,,,,0.037,0.,0.037
1531,,,,,,,1.267,0.006,1.26,,,,,,,,,,,,
1566,,,,0.492,0.,0.492,,,,,,,,,,,,,,,
1570,,,,,,,,,,,,,,,,,,,0.038,0.,0.038
1593,,,,,,,,,,0.115,0.002,0.008,0.113,0.003,0.009,,,,,,
1609,,,,,,,,,,,,,,,,,,,0.041,0.,0.041
1621,,,,,,,1.388,0.003,1.385,,,,,,,,,,,,
1648,,,,,,,,,,,,,,,,,,,0.042,0.,0.041
1687,,,,,,,,,,,,,,,,,,,0.045,0.,0.045
1706,,,,,,,,,,0.113,0.002,0.009,0.113,0.003,0.009,,,,,,
1709,,,,0.605,0.001,0.603,,,,,,,,,,,,,,,
1711,,,,,,,1.534,0.,1.534,,,,,,,,,,,,
1726,,,,,,,,,,,,,,,,,,,0.046,0.,0.046
1765,,,,,,,,,,,,,,,,,,,0.049,0.,0.049
1801,,,,,,,1.73,0.,1.73,,,,,,,,,,,,
1805,,,,,,,,,,,,,,,,,,,0.05,0.,0.05
1820,,,,,,,,,,0.121,0.002,0.018,0.114,0.002,0.011,,,,,,
1826,,,,0.65,0.,0.65,,,,,,,,,,,,,,,
1844,,,,,,,,,,,,,,,,,,,0.053,0.,0.053
1851,,,,0.696,0.,0.695,,,,,,,,,,,,,,,
1883,,,,,,,,,,,,,,,,,,,0.053,0.,0.053
1922,,,,,,,,,,,,,,,,,,,0.056,0.,0.056
1933,,,,,,,,,,0.115,0.003,0.012,0.115,0.004,0.011,,,,,,
1961,,,,,,,,,,,,,,,,,,,0.059,0.,0.059
1993,,,,0.78,0.,0.78,,,,,,,,,,,,,,,
2001,,,,,,,,,,,,,,,,,,,0.06,0.,0.06
2013,,,,,,,,,,,,,,,,,,,0.081,0.,0.081
2040,,,,,,,,,,,,,,,,,,,0.063,0.,0.063
2047,,,,,,,,,,0.12,0.003,0.015,0.116,0.002,0.013,,,,,,
2079,,,,,,,,,,,,,,,,,,,0.066,0.,0.066
2118,,,,,,,,,,,,,,,,,,,0.067,0.,0.067
2136,,,,0.921,0.,0.921,,,,,,,,,,,,,,,
2157,,,,,,,,,,,,,,,,,,,0.07,0.,0.07
2161,,,,,,,2.495,0.,2.495,0.118,0.002,0.014,0.122,0.004,0.017,,,,,,
2197,,,,,,,,,,,,,,,,,,,0.073,0.,0.073
2236,,,,,,,,,,,,,,,,,,,0.075,0.,0.075
2274,,,,,,,,,,0.12,0.002,0.015,0.12,0.002,0.016,,,,,,
2275,,,,,,,,,,,,,,,,,,,0.077,0.,0.077
2278,,,,1.017,0.,1.017,,,,,,,,,,,,,,,
2282,,,,0.999,0.,0.999,,,,,,,,,,,,,,,
2314,,,,,,,,,,,,,,,,,,,0.079,0.,0.079
2353,,,,,,,,,,,,,,,,,,,0.083,0.,0.083
2388,,,,,,,,,,0.123,0.004,0.018,0.12,0.004,0.016,,,,,,
2392,,,,,,,,,,,,,,,,,,,0.085,0.,0.085
2420,,,,1.181,0.,1.181,,,,,,,,,,,,,,,
2432,,,,,,,,,,,,,,,,,,,0.088,0.,0.088
2471,,,,,,,,,,,,,,,,,,,0.09,0.,0.09
2502,,,,,,,,,,0.128,0.002,0.022,0.122,0.003,0.017,,,,,,
2510,,,,,,,,,,,,,,,,,,,0.097,0.,0.097
2521,,,,,,,3.436,0.007,3.428,,,,,,,,,,,,
2549,,,,,,,,,,,,,,,,,,,0.099,0.,0.099
2562,,,,1.333,0.,1.333,,,,,,,,,,,,,,,
2588,,,,,,,,,,,,,,,,,,,0.101,0.,0.101
2615,,,,,,,,,,0.124,0.002,0.02,0.127,0.003,0.023,,,,,,
2628,,,,,,,,,,,,,,,,,,,0.104,0.,0.104
2667,,,,,,,,,,,,,,,,,,,0.105,0.,0.105
2705,,,,1.471,0.,1.471,,,,,,,,,,,,,,,
2706,,,,,,,,,,,,,,,,,,,0.109,0.,0.109
2729,,,,,,,,,,0.125,0.003,0.021,0.13,0.004,0.024,,,,,,
2745,,,,,,,,,,,,,,,,,,,0.11,0.,0.11
2784,,,,,,,,,,,,,,,,,,,0.116,0.,0.116
2824,,,,,,,,,,,,,,,,,,,0.118,0.,0.118
2842,,,,,,,,,,0.126,0.003,0.022,0.13,0.004,0.025,,,,,,
2847,,,,1.616,0.,1.616,,,,,,,,,,,,,,,
2863,,,,,,,,,,,,,,,,,,,0.119,0.,0.119
2881,,,,,,,4.577,0.008,4.568,,,,,,,,,,,,
2902,,,,,,,,,,,,,,,,,,,0.122,0.,0.122
2941,,,,,,,,,,,,,,,,,,,0.133,0.,0.133
2956,,,,,,,,,,0.133,0.005,0.027,0.128,0.004,0.023,,,,,,
2980,,,,,,,,,,,,,,,,,,,0.13,0.,0.13
3019,,,,,,,,,,,,,,,,,,,0.132,0.,0.132
3059,,,,,,,,,,,,,,,,,,,0.136,0.,0.136
3070,,,,,,,,,,0.133,0.003,0.027,0.13,0.003,0.026,,,,,,
3098,,,,,,,,,,,,,,,,,,,0.139,0.,0.139
3137,,,,,,,,,,,,,,,,,,,0.147,0.,0.147
3183,,,,,,,,,,0.135,0.003,0.031,0.135,0.002,0.031,,,,,,
3241,,,,,,,5.651,0.018,5.632,,,,,,,,,,,,
3268,,,,,,,,,,,,,,,,,,,0.154,0.,0.154
3297,,,,,,,,,,0.134,0.005,0.027,0.137,0.003,0.032,,,,,,
3398,,,,,,,,,,,,,,,,,,,0.165,0.,0.165
3410,,,,,,,,,,0.139,0.003,0.033,0.14,0.004,0.032,,,,,,
3416,,,,2.317,0.,2.316,,,,,,,,,,,,,,,
3524,,,,,,,,,,0.138,0.004,0.033,0.141,0.006,0.033,,,,,,
3529,,,,,,,,,,,,,,,,,,,0.18,0.,0.18
3601,,,,,,,6.865,0.014,6.85,,,,,,,,,,,,
3638,,,,,,,,,,0.144,0.003,0.04,0.143,0.003,0.038,,,,,,
3660,,,,,,,,,,,,,,,,,,,0.19,0.,0.19
3674,,,,,,,,,,0.159,0.007,0.05,0.167,0.006,0.059,,,,,,
3751,,,,,,,,,,0.146,0.002,0.042,0.145,0.002,0.04,,,,,,
3790,,,,,,,,,,,,,,,,,,,0.203,0.,0.203
3865,,,,,,,,,,0.144,0.003,0.038,0.15,0.003,0.043,,,,,,
3921,,,,,,,,,,,,,,,,,,,0.225,0.,0.224
3979,,,,,,,,,,0.152,0.005,0.042,0.152,0.003,0.046,,,,,,
3985,,,,3.133,0.,3.133,,,,,,,,,,,,,,,
4024,,,,,,,,,,,,,,,,,,,0.228,0.,0.228
4052,,,,,,,,,,,,,,,,,,,0.231,0.,0.231
4092,,,,,,,,,,0.151,0.003,0.044,0.152,0.003,0.047,,,,,,
4182,,,,,,,,,,,,,,,,,,,0.248,0.,0.248
4206,,,,,,,,,,0.159,0.003,0.053,0.153,0.003,0.049,,,,,,
4313,,,,,,,,,,,,,,,,,,,0.258,0.,0.258
4319,,,,,,,,,,0.16,0.003,0.054,0.156,0.002,0.051,,,,,,
4433,,,,,,,,,,0.161,0.003,0.056,0.162,0.004,0.054,,,,,,
4444,,,,,,,,,,,,,,,,,,,0.276,0.,0.276
4547,,,,,,,,,,0.166,0.003,0.06,0.159,0.003,0.055,,,,,,
4555,,,,4.082,0.,4.081,,,,,,,,,,,,,,,
4574,,,,,,,,,,,,,,,,,,,0.297,0.,0.296
4660,,,,,,,,,,0.162,0.003,0.057,0.164,0.003,0.059,,,,,,
4705,,,,,,,,,,,,,,,,,,,0.315,0.,0.314
4774,,,,,,,,,,0.161,0.003,0.057,0.168,0.003,0.062,,,,,,
4836,,,,,,,,,,,,,,,,,,,0.325,0.,0.325
4887,,,,,,,,,,0.171,0.008,0.061,0.169,0.003,0.061,,,,,,
4966,,,,,,,,,,,,,,,,,,,0.343,0.,0.342
5001,,,,,,,,,,0.174,0.004,0.065,0.174,0.004,0.066,,,,,,
5097,,,,,,,,,,,,,,,,,,,0.36,0.,0.36
5115,,,,,,,,,,0.175,0.003,0.069,0.175,0.003,0.069,,,,,,
5124,,,,5.205,0.006,5.199,,,,,,,,,,,,,,,
5228,,,,,,,,,,0.176,0.004,0.069,0.178,0.002,0.073,,,,0.39,0.,0.39
5342,,,,,,,,,,0.18,0.003,0.073,0.18,0.004,0.073,,,,,,
5358,,,,,,,,,,,,,,,,,,,0.402,0.,0.402
5456,,,,,,,,,,0.182,0.003,0.077,0.185,0.003,0.079,,,,,,
5489,,,,,,,,,,,,,,,,,,,0.426,0.,0.426
5569,,,,,,,,,,0.186,0.003,0.081,0.189,0.003,0.082,,,,,,
5620,,,,,,,,,,,,,,,,,,,0.436,0.,0.436
5683,,,,,,,,,,0.188,0.004,0.079,0.19,0.005,0.08,,,,,,
5693,,,,6.236,0.001,6.234,,,,,,,,,,,,,,,
5750,,,,,,,,,,,,,,,,,,,0.456,0.,0.456
5796,,,,,,,,,,0.193,0.005,0.084,0.194,0.003,0.088,,,,,,
5881,,,,,,,,,,,,,,,,,,,0.471,0.,0.471
5910,,,,,,,,,,0.2,0.004,0.092,0.198,0.003,0.091,,,,,,
6012,,,,,,,,,,,,,,,,,,,0.506,0.,0.506
6034,,,,,,,,,,,,,,,,,,,0.502,0.,0.502
6142,,,,,,,,,,,,,,,,,,,0.543,0.,0.543
6221,,,,,,,,,,0.204,0.002,0.098,0.206,0.002,0.1,,,,,,
6273,,,,,,,,,,,,,,,,,,,0.555,0.,0.555
6532,,,,,,,,,,0.212,0.006,0.103,0.216,0.003,0.111,,,,,,
6843,,,,,,,,,,0.226,0.003,0.121,0.234,0.006,0.124,,,,,,
6900,,,,,,,,,,,,,,,,,,,0.655,0.,0.655
7154,,,,,,,,,,0.243,0.004,0.133,0.244,0.004,0.137,,,,,,
7346,,,,,,,,,,0.239,0.004,0.133,0.249,0.003,0.145,,,,,,
7465,,,,,,,,,,0.249,0.003,0.142,0.255,0.003,0.149,,,,,,
7527,,,,,,,,,,,,,,,,,,,0.784,0.,0.784
7776,,,,,,,,,,0.262,0.003,0.155,0.268,0.003,0.162,,,,,,
8045,,,,,,,,,,,,,,,,,,,0.875,0.,0.875
8087,,,,,,,,,,0.27,0.003,0.161,0.283,0.005,0.175,,,,,,
8154,,,,,,,,,,,,,,,,,,,0.901,0.,0.901
8398,,,,,,,,,,0.281,0.004,0.175,0.288,0.007,0.179,,,,,,
8709,,,,,,,,,,0.292,0.004,0.187,0.301,0.003,0.195,,,,,,
8781,,,,,,,,,,,,,,,,,,,1.08,0.001,1.078
9019,,,,,,,,,,0.311,0.005,0.204,0.312,0.005,0.203,,,,,,
9330,,,,,,,,,,0.313,0.005,0.205,0.323,0.008,0.212,,,,,,
9409,,,,,,,,,,,,,,,,,,,1.177,0.,1.176
9641,,,,,,,,,,0.331,0.005,0.223,0.333,0.006,0.225,,,,,,
9952,,,,,,,,,,0.349,0.003,0.243,0.344,0.004,0.237,,,,,,
10036,,,,,,,,,,,,,,,,,,,1.371,0.,1.37
10056,,,,,,,,,,,,,,,,,,,1.358,0.,1.358
10263,,,,,,,,,,0.36,0.004,0.25,0.362,0.003,0.257,,,,,,
10574,,,,,,,,,,0.37,0.004,0.264,0.375,0.005,0.268,,,,,,
10663,,,,,,,,,,,,,,,,,,,1.574,0.,1.574
10885,,,,,,,,,,0.381,0.003,0.275,0.392,0.006,0.283,,,,,,
11017,,,,,,,,,,0.396,0.004,0.291,0.409,0.003,0.303,,,,,,
11196,,,,,,,,,,0.401,0.004,0.295,0.41,0.004,0.303,,,,,,
11290,,,,,,,,,,,,,,,,,,,1.775,0.,1.774
11507,,,,,,,,,,0.412,0.006,0.304,0.415,0.003,0.31,,,,,,
11818,,,,,,,,,,0.438,0.008,0.328,0.458,0.005,0.348,,,,,,
11917,,,,,,,,,,,,,,,,,,,1.887,0.,1.887
12544,,,,,,,,,,,,,,,,,,,2.112,0.,2.112
13000,,,,,,,,,,0.502,0.004,0.396,0.512,0.007,0.403,,,,,,
14181,,,,,,,,,,0.581,0.004,0.474,0.639,0.003,0.532,,,,,,
14689,,,,,,,,,,0.606,0.003,0.501,0.617,0.005,0.509,,,,,,
15052,,,,,,,,,,,,,,,,,,,3.096,0.,3.096
15363,,,,,,,,,,0.796,0.004,0.689,0.66,0.005,0.552,,,,,,
16544,,,,,,,,,,0.729,0.003,0.623,0.748,0.007,0.639,,,,,,
17561,,,,,,,,,,,,,,,,,,,4.303,0.,4.303
17726,,,,,,,,,,0.827,0.006,0.719,0.817,0.004,0.71,,,,,,
18361,,,,,,,,,,0.842,0.006,0.734,0.861,0.008,0.752,,,,,,
18908,,,,,,,,,,0.909,0.003,0.804,0.917,0.009,0.805,,,,,,
20069,,,,,,,,,,,,,,,,,,,5.505,0.,5.505
20089,,,,,,,,,,1.008,0.004,0.902,1.021,0.006,0.912,,,,,,
21271,,,,,,,,,,1.118,0.003,1.013,1.137,0.006,1.029,,,,,,
22452,,,,,,,,,,1.241,0.005,1.132,1.263,0.005,1.153,,,,,,
22578,,,,,,,,,,,,,,,,,,,6.846,0.,6.846
23634,,,,,,,,,,1.403,0.007,1.293,1.4,0.009,1.287,,,,,,
25086,,,,,,,,,,,,,,,,,,,8.561,0.001,8.559
28361,,,,,,,,,,1.913,0.008,1.803,1.921,0.008,1.81,,,,,,
33087,,,,,,,,,,2.556,0.004,2.448,2.548,0.004,2.439,,,,,,
37814,,,,,,,,,,3.276,0.007,3.166,3.352,0.007,3.242,,,,,,
42540,,,,,,,,,,4.254,0.008,4.143,4.153,0.012,4.038,,,,,,
47267,,,,,,,,,,5.118,0.008,5.006,5.165,0.014,5.047,,,,,,