param-n,abstract-regression-linear-real,abstract-regression-linear-sys,abstract-regression-linear-user,reify-regression-cubic-real,reify-regression-cubic-sys,reify-regression-cubic-user
1,0.,0.,0.,0.002,0.,0.002
2,0.,0.,0.,0.002,0.,0.002
3,0.,0.,0.,0.004,0.,0.004
4,0.,0.,0.,0.005,0.,0.005
5,0.,0.,0.,0.007,0.003,0.003
6,0.,0.,0.,0.008,0.,0.008
7,0.,0.,0.,0.048,0.003,0.044
8,0.,0.,0.,0.009,0.,0.009
9,0.,0.,0.,0.011,0.,0.011
10,0.,0.,0.,0.012,0.,0.012
11,0.001,0.,0.001,0.015,0.,0.015
12,0.001,0.,0.001,0.016,0.,0.016
13,0.001,0.,0.001,0.018,0.,0.018
14,0.001,0.,0.001,0.023,0.,0.023
15,0.001,0.,0.001,0.022,0.,0.022
16,0.001,0.,0.001,0.026,0.,0.026
17,0.001,0.,0.001,0.027,0.,0.027
18,0.001,0.,0.001,0.034,0.,0.034
19,0.001,0.,0.001,0.032,0.,0.032
20,0.001,0.,0.001,0.035,0.,0.035
21,0.001,0.,0.001,0.04,0.,0.04
22,0.001,0.,0.001,0.043,0.,0.043
23,0.001,0.,0.001,0.048,0.,0.048
24,0.001,0.,0.001,0.051,0.,0.051
25,0.001,0.,0.001,0.057,0.,0.057
26,0.001,0.,0.001,0.059,0.,0.059
27,0.001,0.,0.001,0.068,0.,0.068
28,0.001,0.,0.001,0.067,0.,0.067
29,0.001,0.,0.001,0.074,0.,0.074
30,0.002,0.,0.002,0.074,0.,0.074
31,0.002,0.,0.002,0.08,0.,0.08
32,0.002,0.,0.002,0.09,0.,0.09
33,0.002,0.,0.002,0.1,0.,0.1
34,0.002,0.,0.002,0.104,0.,0.104
35,0.002,0.,0.002,0.1,0.,0.1
36,0.002,0.,0.002,0.108,0.,0.108
37,0.002,0.,0.002,0.115,0.,0.115
38,0.002,0.,0.002,0.121,0.,0.121
39,0.002,0.,0.002,0.131,0.,0.131
40,0.002,0.,0.002,0.149,0.,0.149
41,0.002,0.,0.002,0.158,0.,0.158
42,0.002,0.,0.002,0.146,0.,0.146
43,0.002,0.,0.002,0.157,0.,0.157
44,0.002,0.,0.002,0.162,0.,0.162
45,0.002,0.,0.002,0.168,0.,0.168
46,0.002,0.,0.002,0.18,0.,0.18
47,0.002,0.,0.002,0.185,0.,0.185
48,0.002,0.,0.002,0.2,0.,0.2
49,0.003,0.,0.003,0.208,0.,0.208
50,0.003,0.,0.003,0.244,0.003,0.24
51,0.003,0.,0.003,0.275,0.,0.275
52,0.003,0.,0.003,0.253,0.,0.253
53,0.003,0.,0.003,0.267,0.,0.267
54,0.003,0.,0.003,0.27,0.,0.27
55,0.004,0.,0.004,0.263,0.003,0.259
56,0.003,0.,0.003,0.276,0.004,0.272
57,0.003,0.,0.003,0.285,0.,0.285
58,0.003,0.,0.003,0.304,0.,0.304
59,0.003,0.,0.003,0.301,0.,0.301
60,0.003,0.,0.003,0.321,0.,0.321
61,0.003,0.,0.003,0.342,0.,0.342
62,0.003,0.,0.003,0.373,0.,0.373
63,0.005,0.,0.005,0.384,0.,0.383
64,0.003,0.,0.003,0.394,0.003,0.39
65,0.003,0.,0.003,0.39,0.,0.39
66,0.003,0.,0.003,0.401,0.,0.401
67,0.003,0.,0.003,0.417,0.,0.417
68,0.003,0.,0.003,0.424,0.,0.424
69,0.003,0.,0.003,0.445,0.,0.445
70,0.004,0.,0.004,0.464,0.,0.464
71,0.004,0.,0.004,0.504,0.,0.504
72,0.004,0.,0.004,0.508,0.,0.508
73,0.004,0.,0.004,0.517,0.,0.517
74,0.004,0.003,0.,0.517,0.,0.517
75,0.004,0.,0.004,0.536,0.,0.536
76,0.004,0.,0.004,0.554,0.,0.554
77,0.004,0.,0.004,0.565,0.,0.565
78,0.004,0.,0.004,0.605,0.,0.605
79,0.004,0.,0.004,0.623,0.,0.623
80,0.004,0.,0.004,0.635,0.,0.635
81,0.004,0.,0.004,0.65,0.,0.65
82,0.004,0.,0.004,0.668,0.,0.668
83,0.004,0.,0.004,0.681,0.,0.681
84,0.004,0.,0.004,0.703,0.,0.703
85,0.004,0.,0.004,0.772,0.003,0.768
86,0.004,0.,0.004,0.774,0.,0.774
87,0.004,0.,0.004,0.765,0.,0.765
88,0.004,0.,0.004,0.775,0.,0.775
89,0.005,0.,0.005,0.813,0.,0.813
90,0.005,0.,0.005,0.885,0.,0.885
91,0.005,0.,0.005,0.897,0.,0.897
92,0.005,0.,0.005,0.883,0.003,0.879
93,0.005,0.,0.005,0.911,0.,0.911
94,0.005,0.,0.005,0.99,0.,0.99
95,0.005,0.,0.005,0.995,0.,0.995
96,0.005,0.,0.005,0.981,0.,0.98
97,0.005,0.,0.005,1.028,0.,1.028
98,0.005,0.,0.005,1.097,0.,1.097
99,0.005,0.,0.005,1.062,0.,1.062
100,0.005,0.,0.005,1.086,0.,1.086
110,0.006,0.,0.006,1.547,0.008,1.539
120,0.006,0.,0.006,1.847,0.007,1.839
130,0.007,0.,0.007,2.187,0.011,2.175
140,0.007,0.,0.007,2.721,0.,2.721
150,0.008,0.,0.008,3.236,0.,3.233
160,0.008,0.,0.008,3.792,0.004,3.788
170,0.009,0.,0.009,4.448,0.004,4.444
180,0.009,0.,0.009,5.215,0.,5.214
190,0.01,0.,0.01,6.017,0.004,6.013
200,0.01,0.,0.01,6.898,0.007,6.89
210,0.011,0.,0.011,7.688,0.,7.688
220,0.011,0.,0.011,8.803,0.,8.802
230,0.012,0.,0.012,9.741,0.,9.74
240,0.012,0.,0.012,11.,0.004,10.996
250,0.013,0.,0.013,12.331,0.,12.33
260,0.013,0.,0.013,13.82,0.,13.82
270,0.013,0.,0.013,15.552,0.003,15.547
280,0.014,0.,0.014,17.019,0.004,17.014
290,0.014,0.,0.014,18.522,0.,18.521
300,0.019,0.,0.019,20.518,0.,20.517
350,0.023,0.,0.023,31.867,0.003,31.861
400,0.02,0.,0.02,46.347,0.007,46.336
450,0.023,0.,0.023,64.85,0.031,64.814
500,0.036,0.,0.036,88.081,0.011,88.063