param-0-nm,param-1-n,param-2-m,param-3-input-size,param-4-output-size,param-5-num-rewrites,autorewrite-regression-cubic-real,autorewrite-regression-cubic-sys,autorewrite-regression-cubic-user,rewrite!-regression-cubic-real,rewrite!-regression-cubic-sys,rewrite!-regression-cubic-user,rewrite-strat(bottomup)-regression-cubic-real,rewrite-strat(bottomup)-regression-cubic-sys,rewrite-strat(bottomup)-regression-cubic-user,rewrite-strat(topdown)-regression-cubic-real,rewrite-strat(topdown)-regression-cubic-sys,rewrite-strat(topdown)-regression-cubic-user,setoid-rewrite-regression-cubic-real,setoid-rewrite-regression-cubic-sys,setoid-rewrite-regression-cubic-user,ssr-rewrite!-regression-cubic-real,ssr-rewrite!-regression-cubic-sys,ssr-rewrite!-regression-cubic-user
1,0,1,5,3,1,0.,0.,0.,0.,0.,0.,0.,0.,0.,0.,0.,0.,0.,0.,0.,0.,0.,0.
2,0,2,7,3,2,0.,0.,0.,0.,0.,0.,0.001,0.,0.001,0.,0.,0.,0.001,0.,0.001,0.,0.,0.
3,0,3,9,3,3,0.,0.,0.,0.,0.,0.,0.001,0.,0.001,0.,0.,0.,0.001,0.,0.001,0.,0.,0.
3,1,1,13,7,3,0.,0.,0.,0.,0.,0.,0.001,0.,0.001,0.001,0.,0.001,0.001,0.,0.001,0.,0.,0.
4,0,4,11,3,4,0.001,0.,0.001,0.,0.,0.,0.001,0.,0.001,0.001,0.,0.001,0.002,0.,0.002,0.,0.,0.
5,0,5,13,3,5,0.001,0.,0.001,0.001,0.,0.001,0.002,0.,0.002,0.001,0.,0.001,0.002,0.,0.002,0.001,0.,0.001
6,0,6,15,3,6,0.001,0.,0.001,0.001,0.,0.001,0.003,0.,0.003,0.001,0.,0.001,0.003,0.,0.003,0.001,0.,0.001
6,1,2,19,7,6,0.001,0.,0.001,0.,0.,0.,0.002,0.,0.002,0.001,0.,0.001,0.003,0.,0.003,0.001,0.,0.001
7,0,7,17,3,7,0.002,0.,0.001,0.001,0.,0.001,0.006,0.,0.006,0.001,0.,0.001,0.004,0.,0.004,0.002,0.,0.002
7,2,1,29,15,7,0.001,0.,0.001,0.,0.,0.,0.003,0.,0.003,0.002,0.,0.002,0.003,0.,0.003,0.001,0.,0.001
8,0,8,19,3,8,,,,,,,0.004,0.,0.004,0.001,0.,0.001,,,,,,
9,0,9,21,3,9,,,,,,,0.004,0.,0.004,0.001,0.,0.001,,,,,,
9,1,3,25,7,9,0.001,0.,0.001,0.001,0.,0.001,0.004,0.,0.004,0.002,0.,0.002,0.004,0.,0.004,0.002,0.,0.002
10,0,10,23,3,10,0.002,0.,0.002,,,,0.005,0.,0.005,0.002,0.,0.002,0.005,0.,0.005,0.002,0.,0.002
11,0,11,25,3,11,,,,,,,0.006,0.,0.006,0.002,0.,0.002,,,,,,
12,0,12,27,3,12,,,,,,,0.006,0.,0.006,0.002,0.,0.002,,,,,,
12,1,4,31,7,12,,,,,,,0.006,0.,0.006,0.003,0.,0.003,0.006,0.,0.006,,,
13,0,13,29,3,13,0.003,0.,0.003,0.002,0.,0.002,0.007,0.,0.007,0.002,0.,0.002,0.007,0.,0.007,0.003,0.,0.003
14,0,14,31,3,14,,,,,,,0.009,0.,0.009,0.003,0.,0.003,,,,,,
14,2,2,43,15,14,0.002,0.,0.002,0.002,0.,0.002,0.007,0.,0.007,0.003,0.,0.003,0.007,0.,0.007,0.003,0.,0.003
15,0,15,33,3,15,,,,,,,0.009,0.,0.009,0.003,0.,0.003,,,,,,
15,1,5,37,7,15,0.003,0.,0.003,0.002,0.,0.002,0.009,0.,0.009,0.004,0.,0.004,0.008,0.,0.008,0.004,0.,0.004
15,3,1,61,31,15,0.002,0.,0.002,0.002,0.,0.002,0.009,0.,0.009,0.004,0.,0.004,0.008,0.,0.008,0.002,0.,0.002
16,0,16,35,3,16,0.003,0.,0.003,,,,0.009,0.,0.009,0.003,0.,0.003,0.009,0.,0.009,0.004,0.,0.004
17,0,17,37,3,17,,,,,,,0.01,0.,0.01,0.003,0.,0.003,,,,,,
18,0,18,39,3,18,,,,,,,0.011,0.,0.011,0.004,0.,0.004,,,,,,
18,1,6,43,7,18,,,,,,,0.012,0.,0.012,0.004,0.,0.004,0.01,0.,0.01,,,
19,0,19,41,3,19,0.005,0.,0.005,0.004,0.,0.004,0.022,0.,0.022,0.004,0.,0.004,0.012,0.,0.012,0.006,0.,0.006
20,0,20,43,3,20,,,,,,,0.013,0.,0.012,0.004,0.,0.004,,,,,,
21,0,21,45,3,21,,,,,,,0.014,0.,0.014,0.005,0.,0.005,,,,,,
21,1,7,49,7,21,0.004,0.,0.004,0.004,0.,0.004,0.014,0.,0.014,0.005,0.,0.005,0.018,0.,0.018,0.005,0.,0.005
21,2,3,57,15,21,0.003,0.,0.003,0.002,0.,0.002,0.101,0.,0.101,0.005,0.,0.005,0.01,0.,0.01,0.005,0.,0.005
22,0,22,47,3,22,0.005,0.,0.005,,,,0.015,0.,0.015,0.005,0.002,0.003,0.014,0.,0.014,0.007,0.,0.007
23,0,23,49,3,23,,,,,,,0.016,0.,0.016,0.005,0.,0.005,,,,,,
24,0,24,51,3,24,,,,,,,0.029,0.,0.029,0.005,0.,0.005,,,,,,
24,1,8,55,7,24,,,,,,,0.017,0.,0.017,0.006,0.,0.006,0.014,0.,0.014,,,
25,0,25,53,3,25,0.006,0.,0.006,0.006,0.,0.006,0.017,0.,0.017,0.017,0.003,0.013,0.017,0.,0.017,0.008,0.,0.008
26,0,26,55,3,26,,,,,,,0.019,0.,0.019,0.006,0.,0.006,,,,,,
27,0,27,57,3,27,,,,,,,0.021,0.,0.021,0.007,0.,0.007,,,,,,
27,1,9,61,7,27,0.015,0.,0.015,0.005,0.,0.005,0.021,0.,0.021,0.006,0.,0.006,0.016,0.,0.016,0.009,0.,0.009
28,0,28,59,3,28,0.007,0.,0.007,,,,0.023,0.,0.023,0.007,0.,0.007,0.02,0.,0.02,0.011,0.,0.011
28,2,4,71,15,28,0.004,0.,0.004,0.003,0.,0.003,0.02,0.,0.02,0.007,0.,0.007,0.015,0.,0.015,0.006,0.,0.006
29,0,29,61,3,29,,,,,,,0.023,0.,0.023,0.007,0.,0.007,,,,,,
30,0,30,63,3,30,,,,,,,0.023,0.,0.023,0.008,0.,0.007,,,,,,
30,1,10,67,7,30,,,,,,,0.023,0.,0.023,0.008,0.,0.008,0.019,0.,0.019,,,
30,3,2,91,31,30,0.003,0.,0.003,0.003,0.,0.003,0.023,0.,0.023,0.007,0.,0.007,0.016,0.,0.016,0.004,0.,0.004
31,0,31,65,3,31,0.009,0.,0.009,0.008,0.,0.008,0.025,0.,0.025,0.008,0.,0.008,0.033,0.,0.033,0.013,0.,0.013
31,4,1,125,63,31,0.004,0.,0.004,0.003,0.,0.003,0.02,0.,0.02,0.009,0.,0.009,0.016,0.,0.016,0.004,0.,0.004
32,0,32,67,3,32,,,,,,,0.042,0.,0.042,0.021,0.,0.021,,,,,,
33,0,33,69,3,33,,,,,,,0.028,0.,0.028,0.011,0.,0.011,,,,,,
33,1,11,73,7,33,0.007,0.,0.007,0.006,0.,0.006,0.028,0.,0.028,0.009,0.,0.009,0.023,0.,0.023,0.012,0.,0.012
34,0,34,71,3,34,0.01,0.,0.01,,,,0.031,0.003,0.027,0.012,0.,0.012,0.026,0.,0.026,0.015,0.,0.015
35,0,35,73,3,35,,,,,,,0.032,0.,0.032,0.012,0.,0.012,,,,,,
35,2,5,85,15,35,0.005,0.,0.005,0.005,0.,0.005,0.031,0.,0.031,0.025,0.,0.025,0.021,0.,0.021,0.009,0.,0.009
36,0,36,75,3,36,,,,,,,0.031,0.,0.031,0.011,0.,0.011,,,,,,
36,1,12,79,7,36,,,,,,,0.032,0.,0.032,0.011,0.,0.011,0.024,0.,0.024,,,
37,0,37,77,3,37,0.011,0.,0.011,0.011,0.,0.011,0.033,0.,0.033,0.012,0.,0.012,0.047,0.,0.047,0.028,0.,0.028
38,0,38,79,3,38,,,,,,,0.052,0.,0.052,0.011,0.,0.011,,,,,,
39,0,39,81,3,39,,,,,,,0.037,0.,0.037,0.012,0.,0.012,,,,,,
39,1,13,85,7,39,0.008,0.,0.008,0.008,0.,0.008,0.045,0.,0.045,0.012,0.,0.012,0.027,0.,0.027,0.015,0.,0.015
40,0,40,83,3,40,0.023,0.,0.023,,,,0.039,0.,0.039,0.012,0.,0.012,0.04,0.,0.04,0.018,0.,0.018
41,0,41,85,3,41,,,,,,,0.039,0.002,0.036,0.012,0.,0.012,,,,,,
42,0,42,87,3,42,,,,,,,0.04,0.,0.04,0.03,0.,0.03,,,,,,
42,1,14,91,7,42,,,,,,,0.057,0.,0.057,0.013,0.,0.013,0.031,0.,0.031,,,
42,2,6,99,15,42,0.007,0.,0.007,0.007,0.,0.007,0.049,0.,0.049,0.011,0.,0.011,0.027,0.,0.027,0.012,0.,0.012
43,0,43,89,3,43,0.013,0.,0.013,0.014,0.,0.014,0.043,0.,0.043,0.015,0.,0.015,0.037,0.,0.037,0.022,0.,0.022
44,0,44,91,3,44,,,,,,,0.048,0.,0.048,0.014,0.,0.014,,,,,,
45,0,45,93,3,45,,,,,,,0.047,0.,0.047,0.016,0.,0.016,,,,,,
45,1,15,97,7,45,0.01,0.,0.01,0.01,0.,0.01,0.046,0.,0.046,0.016,0.,0.016,0.032,0.,0.032,0.024,0.,0.024
45,3,3,121,31,45,0.006,0.,0.006,0.005,0.,0.005,0.046,0.,0.046,0.012,0.,0.012,0.028,0.,0.028,0.008,0.,0.008
46,0,46,95,3,46,0.015,0.,0.015,,,,0.064,0.,0.064,0.016,0.,0.016,0.041,0.,0.041,0.038,0.,0.038
47,0,47,97,3,47,,,,,,,0.051,0.,0.051,0.016,0.,0.016,,,,,,
48,0,48,99,3,48,,,,,,,0.047,0.,0.047,0.019,0.,0.019,,,,,,
48,1,16,103,7,48,,,,,,,0.054,0.,0.054,0.016,0.,0.016,0.037,0.,0.037,,,
49,0,49,101,3,49,0.028,0.,0.028,0.016,0.,0.016,0.069,0.,0.069,0.017,0.,0.017,0.059,0.,0.059,0.027,0.,0.027
49,2,7,113,15,49,0.014,0.,0.014,0.008,0.,0.008,0.05,0.,0.05,0.014,0.,0.014,0.032,0.,0.032,0.019,0.,0.019
50,0,50,103,3,50,,,,,,,0.053,0.,0.053,0.018,0.,0.018,,,,,,
51,0,51,105,3,51,,,,,,,0.145,0.,0.145,0.02,0.,0.02,,,,,,
51,1,17,109,7,51,0.013,0.,0.013,0.028,0.,0.028,0.071,0.,0.071,0.017,0.,0.017,0.041,0.,0.041,0.023,0.,0.023
52,0,52,107,3,52,0.018,0.,0.018,,,,0.058,0.,0.058,0.11,0.,0.11,0.051,0.,0.051,0.033,0.,0.033
53,0,53,109,3,53,,,,,,,0.061,0.,0.061,0.022,0.,0.022,,,,,,
54,0,54,111,3,54,,,,,,,0.081,0.,0.081,0.021,0.,0.021,,,,,,
54,1,18,115,7,54,,,,,,,0.062,0.,0.062,0.021,0.,0.021,0.046,0.,0.046,,,
55,0,55,113,3,55,0.02,0.,0.02,0.03,0.,0.03,0.073,0.,0.073,0.023,0.,0.023,0.053,0.,0.053,0.033,0.,0.033
56,0,56,115,3,56,,,,,,,0.067,0.,0.067,0.023,0.,0.023,,,,,,
56,2,8,127,15,56,0.012,0.,0.012,0.01,0.,0.01,0.062,0.,0.062,0.017,0.,0.017,0.038,0.,0.038,0.019,0.,0.019
57,0,57,117,3,57,,,,,,,0.068,0.,0.068,0.042,0.,0.042,,,,,,
57,1,19,121,7,57,0.015,0.,0.015,0.016,0.,0.016,0.065,0.,0.065,0.021,0.,0.021,0.049,0.,0.049,0.029,0.,0.029
58,0,58,119,3,58,0.022,0.,0.022,,,,0.064,0.,0.064,0.025,0.,0.025,0.056,0.,0.056,0.053,0.,0.053
59,0,59,121,3,59,,,,,,,0.088,0.,0.088,0.026,0.,0.026,,,,,,
60,0,60,123,3,60,,,,,,,0.077,0.,0.077,0.025,0.,0.025,,,,,,
60,1,20,127,7,60,,,,,,,0.071,0.,0.071,0.023,0.,0.023,0.056,0.,0.056,,,
60,3,4,151,31,60,0.009,0.,0.009,0.009,0.,0.009,0.088,0.,0.088,0.018,0.,0.018,0.042,0.,0.042,0.013,0.,0.013
61,0,61,125,3,61,0.023,0.,0.023,0.024,0.,0.024,0.097,0.,0.097,0.026,0.,0.026,0.157,0.,0.157,0.04,0.002,0.037
62,0,62,127,3,62,,,,,,,0.172,0.,0.172,0.028,0.,0.028,,,,,,
62,4,2,187,63,62,0.006,0.,0.006,0.006,0.,0.006,0.064,0.,0.064,0.024,0.,0.024,0.036,0.,0.036,0.01,0.,0.01
63,0,63,129,3,63,,,,,,,0.085,0.,0.085,0.027,0.,0.027,,,,,,
63,1,21,133,7,63,0.018,0.,0.018,0.018,0.,0.018,0.085,0.,0.085,0.026,0.,0.026,0.055,0.,0.055,0.041,0.,0.041
63,2,9,141,15,63,0.013,0.,0.013,0.022,0.,0.022,0.083,0.,0.083,0.023,0.,0.022,0.047,0.,0.047,0.022,0.,0.022
63,5,1,253,127,63,0.006,0.,0.006,0.004,0.,0.004,0.061,0.,0.061,0.022,0.,0.022,0.035,0.,0.035,0.008,0.,0.008
64,0,64,131,3,64,0.042,0.,0.042,,,,0.105,0.,0.105,0.028,0.,0.028,0.069,0.,0.069,0.046,0.,0.046
65,0,65,133,3,65,,,,,,,0.092,0.,0.092,0.028,0.,0.028,,,,,,
66,0,66,135,3,66,,,,,,,0.09,0.,0.09,0.042,0.,0.042,,,,,,
66,1,22,139,7,66,,,,,,,0.088,0.,0.088,0.029,0.,0.029,0.057,0.,0.057,,,
67,0,67,137,3,67,0.028,0.,0.028,0.04,0.,0.04,0.094,0.,0.094,0.032,0.003,0.028,0.093,0.,0.093,0.051,0.,0.051
68,0,68,139,3,68,,,,,,,,,,0.034,0.,0.034,,,,,,
69,0,69,141,3,69,,,,,,,,,,0.048,0.,0.047,,,,,,
69,1,23,145,7,69,0.02,0.,0.02,0.021,0.,0.021,0.101,0.,0.101,0.03,0.,0.03,0.063,0.,0.063,0.042,0.,0.042
70,0,70,143,3,70,0.03,0.,0.03,,,,,,,0.032,0.,0.032,0.08,0.,0.08,0.144,0.,0.144
70,2,10,155,15,70,0.017,0.,0.017,0.015,0.,0.015,0.086,0.,0.086,0.024,0.,0.024,0.055,0.003,0.051,0.028,0.,0.028
71,0,71,145,3,71,,,,,,,,,,0.126,0.,0.126,,,,,,
72,0,72,147,3,72,,,,,,,,,,0.036,0.,0.036,,,,,,
72,1,24,151,7,72,,,,,,,,,,0.031,0.,0.031,0.067,0.,0.067,,,
73,0,73,149,3,73,0.032,0.,0.032,0.037,0.,0.037,,,,0.036,0.,0.036,0.08,0.,0.08,0.061,0.,0.061
74,0,74,151,3,74,,,,,,,0.114,0.,0.114,0.053,0.,0.053,,,,,,
75,0,75,153,3,75,,,,,,,,,,0.036,0.,0.036,,,,,,
75,1,25,157,7,75,0.027,0.,0.027,0.027,0.,0.027,,,,0.034,0.,0.034,0.075,0.,0.075,0.045,0.,0.045
75,3,5,181,31,75,0.01,0.,0.01,0.011,0.,0.011,0.122,0.,0.122,0.034,0.,0.034,0.065,0.003,0.062,0.019,0.,0.019
76,0,76,155,3,76,0.038,0.,0.038,,,,,,,0.04,0.,0.04,0.099,0.,0.099,0.082,0.,0.082
77,0,77,157,3,77,,,,,,,,,,0.039,0.,0.039,,,,,,
77,2,11,169,15,77,0.017,0.,0.017,0.016,0.,0.016,,,,0.034,0.,0.033,0.062,0.,0.062,0.036,0.,0.036
78,0,78,159,3,78,,,,,,,,,,0.041,0.003,0.037,,,,,,
78,1,26,163,7,78,,,,,,,0.119,0.,0.119,0.036,0.,0.036,0.078,0.,0.078,,,
79,0,79,161,3,79,0.127,0.,0.127,0.037,0.,0.037,,,,0.04,0.,0.04,0.112,0.,0.112,0.07,0.003,0.066
80,0,80,163,3,80,,,,,,,,,,0.054,0.,0.054,,,,,,
81,0,81,165,3,81,,,,,,,0.126,0.,0.126,0.043,0.003,0.039,,,,,,
81,1,27,169,7,81,0.026,0.,0.026,0.029,0.,0.029,,,,0.038,0.,0.038,0.08,0.,0.08,0.055,0.,0.055
82,0,82,167,3,82,0.04,0.,0.04,,,,,,,0.061,0.,0.061,0.19,0.,0.19,0.071,0.,0.071
83,0,83,169,3,83,,,,,,,,,,0.044,0.,0.044,,,,,,
84,0,84,171,3,84,,,,,,,,,,0.134,0.,0.134,,,,,,
84,1,28,175,7,84,,,,,,,,,,0.042,0.,0.042,0.101,0.,0.101,,,
84,2,12,183,15,84,0.023,0.,0.023,0.02,0.,0.02,0.127,0.,0.127,0.037,0.,0.037,0.069,0.,0.069,0.04,0.,0.04
85,0,85,173,3,85,0.059,0.,0.059,0.058,0.,0.058,,,,0.046,0.,0.046,0.12,0.,0.12,0.076,0.,0.076
86,0,86,175,3,86,,,,,,,,,,0.067,0.,0.067,,,,,,
87,0,87,177,3,87,,,,,,,,,,0.051,0.,0.051,,,,,,
87,1,29,181,7,87,0.03,0.,0.03,0.031,0.,0.031,0.154,0.,0.154,0.042,0.,0.042,0.105,0.,0.105,0.059,0.,0.059
88,0,88,179,3,88,0.045,0.,0.045,,,,0.156,0.,0.156,0.049,0.,0.049,0.108,0.,0.108,0.091,0.,0.091
89,0,89,181,3,89,,,,,,,,,,0.054,0.,0.054,,,,,,
90,0,90,183,3,90,,,,,,,,,,0.055,0.,0.055,,,,,,
90,1,30,187,7,90,,,,,,,,,,0.048,0.,0.048,0.095,0.003,0.092,,,
90,3,6,211,31,90,0.016,0.,0.016,0.015,0.,0.015,0.145,0.,0.145,0.032,0.,0.032,0.085,0.,0.085,0.025,0.,0.025
91,0,91,185,3,91,0.045,0.,0.045,0.05,0.,0.05,,,,0.069,0.,0.069,0.114,0.,0.114,0.105,0.,0.105
91,2,13,197,15,91,0.022,0.,0.022,0.021,0.,0.021,,,,0.038,0.,0.038,0.078,0.,0.078,0.041,0.,0.041
92,0,92,187,3,92,,,,,,,,,,0.054,0.,0.054,,,,,,
93,0,93,189,3,93,,,,,,,,,,0.068,0.,0.068,,,,,,
93,1,31,193,7,93,0.033,0.,0.033,0.035,0.,0.035,,,,0.048,0.,0.048,0.1,0.,0.1,0.068,0.,0.068
93,4,3,249,63,93,0.01,0.,0.01,0.011,0.,0.011,0.137,0.,0.137,0.032,0.,0.032,0.06,0.,0.06,0.019,0.,0.019
94,0,94,191,3,94,0.052,0.,0.052,,,,,,,0.053,0.,0.053,0.137,0.,0.137,0.184,0.,0.184
95,0,95,193,3,95,,,,,,,0.176,0.,0.176,0.056,0.,0.056,,,,,,
96,0,96,195,3,96,,,,,,,,,,0.058,0.,0.058,,,,,,
96,1,32,199,7,96,,,,,,,0.17,0.,0.17,0.05,0.,0.05,0.11,0.,0.11,,,
97,0,97,197,3,97,0.064,0.,0.064,0.054,0.,0.054,,,,0.058,0.,0.058,0.233,0.,0.233,0.125,0.,0.125
98,0,98,199,3,98,,,,,,,,,,0.06,0.,0.06,,,,,,
98,2,14,211,15,98,0.027,0.,0.027,0.028,0.,0.028,0.173,0.003,0.169,0.043,0.,0.043,0.089,0.,0.089,0.048,0.,0.048
99,0,99,201,3,99,,,,,,,,,,0.067,0.,0.067,,,,,,
99,1,33,205,7,99,0.039,0.,0.039,0.045,0.,0.045,,,,0.061,0.,0.061,0.125,0.,0.125,0.076,0.,0.076
100,0,100,203,3,100,0.055,0.,0.055,,,,,,,0.068,0.,0.068,0.157,0.,0.157,0.107,0.,0.107
101,0,101,205,3,101,,,,,,,,,,0.07,0.,0.07,,,,,,
102,0,102,207,3,102,,,,,,,,,,0.068,0.,0.068,,,,,,
102,1,34,211,7,102,,,,,,,0.167,0.,0.167,0.058,0.,0.058,0.138,0.,0.138,,,
103,0,103,209,3,103,0.075,0.,0.075,0.152,0.,0.152,,,,0.072,0.,0.072,0.137,0.,0.137,0.105,0.,0.105
104,0,104,211,3,104,,,,,,,,,,0.073,0.,0.073,,,,,,
105,0,105,213,3,105,,,,,,,,,,0.084,0.,0.084,,,,,,
105,1,35,217,7,105,0.04,0.,0.04,0.043,0.,0.043,,,,0.06,0.,0.06,0.136,0.,0.136,0.088,0.,0.088
105,2,15,225,15,105,0.027,0.,0.027,0.027,0.,0.027,,,,0.053,0.,0.053,0.1,0.,0.1,0.058,0.,0.058
105,3,7,241,31,105,0.017,0.,0.017,0.018,0.,0.018,0.218,0.,0.218,0.041,0.,0.041,0.112,0.,0.112,0.046,0.,0.046
106,0,106,215,3,106,0.149,0.,0.149,,,,,,,0.081,0.,0.081,0.165,0.,0.165,0.121,0.,0.121
107,0,107,217,3,107,,,,,,,,,,0.071,0.,0.071,,,,,,
108,0,108,219,3,108,,,,,,,,,,0.076,0.,0.076,,,,,,
108,1,36,223,7,108,,,,,,,,,,0.063,0.,0.063,0.144,0.,0.144,,,
109,0,109,221,3,109,0.081,0.,0.081,0.086,0.,0.086,,,,0.075,0.,0.075,0.181,0.,0.181,0.213,0.,0.213
110,0,110,223,3,110,,,,,,,,,,0.075,0.,0.075,,,,,,
111,0,111,225,3,111,,,,,,,,,,0.081,0.,0.081,,,,,,
111,1,37,229,7,111,0.05,0.,0.05,0.049,0.,0.049,,,,0.067,0.,0.067,0.142,0.,0.142,0.094,0.,0.094
112,0,112,227,3,112,0.069,0.,0.069,,,,,,,0.078,0.,0.078,0.18,0.,0.179,0.142,0.,0.142
112,2,16,239,15,112,0.032,0.,0.032,0.032,0.,0.032,,,,0.055,0.,0.055,0.113,0.,0.113,0.062,0.,0.062
113,0,113,229,3,113,,,,,,,,,,0.079,0.,0.079,,,,,,
114,0,114,231,3,114,,,,,,,,,,0.089,0.003,0.085,,,,,,
114,1,38,235,7,114,,,,,,,,,,0.068,0.,0.068,0.152,0.,0.152,,,
115,0,115,233,3,115,0.069,0.,0.069,0.073,0.,0.073,,,,0.089,0.,0.089,0.163,0.,0.163,0.129,0.,0.129
116,0,116,235,3,116,,,,,,,,,,0.082,0.003,0.078,,,,,,
117,0,117,237,3,117,,,,,,,,,,0.093,0.,0.093,,,,,,
117,1,39,241,7,117,0.049,0.,0.049,0.052,0.,0.052,,,,0.071,0.,0.071,0.155,0.,0.155,0.104,0.,0.104
118,0,118,239,3,118,0.095,0.,0.094,,,,,,,0.101,0.,0.101,0.173,0.,0.173,0.15,0.,0.15
119,0,119,241,3,119,,,,,,,,,,0.085,0.,0.085,,,,,,
119,2,17,253,15,119,0.038,0.,0.038,0.037,0.,0.037,,,,0.062,0.,0.062,0.126,0.003,0.122,0.073,0.,0.073
120,0,120,243,3,120,,,,,,,,,,0.09,0.,0.09,,,,,,
120,1,40,247,7,120,,,,,,,,,,0.089,0.,0.089,0.151,0.,0.151,,,
120,3,8,271,31,120,0.021,0.,0.021,0.035,0.,0.035,0.322,0.,0.322,0.054,0.,0.054,0.111,0.,0.111,0.056,0.,0.056
121,0,121,245,3,121,0.092,0.,0.092,0.082,0.003,0.079,,,,0.097,0.,0.097,0.184,0.,0.184,0.2,0.,0.2
122,0,122,247,3,122,,,,,,,,,,0.104,0.,0.104,,,,,,
123,0,123,249,3,123,,,,,,,,,,0.096,0.,0.096,,,,,,
123,1,41,253,7,123,0.057,0.,0.057,0.055,0.,0.055,,,,0.082,0.,0.082,0.161,0.,0.161,0.113,0.,0.113
124,0,124,251,3,124,0.176,0.,0.176,,,,,,,0.09,0.,0.09,0.193,0.,0.193,0.149,0.,0.149
124,4,4,311,63,124,0.015,0.,0.015,0.016,0.,0.016,0.201,0.,0.201,0.051,0.,0.051,0.091,0.,0.091,0.031,0.,0.031
125,0,125,253,3,125,,,,,,,,,,0.099,0.,0.099,,,,,,
126,0,126,255,3,126,,,,,,,,,,0.1,0.,0.1,,,,,,
126,1,42,259,7,126,,,,,,,,,,0.081,0.,0.081,0.173,0.003,0.169,,,
126,2,18,267,15,126,0.038,0.,0.038,0.039,0.,0.039,,,,0.065,0.,0.065,0.133,0.,0.133,0.082,0.,0.082
126,5,2,379,127,126,0.012,0.,0.012,0.01,0.,0.01,,,,0.048,0.,0.048,0.083,0.,0.083,0.022,0.,0.022
127,0,127,257,3,127,0.102,0.,0.102,0.102,0.,0.102,,,,0.105,0.,0.105,0.205,0.,0.205,0.158,0.,0.158
127,6,1,509,255,127,0.012,0.,0.012,0.008,0.,0.008,0.164,0.003,0.16,0.057,0.,0.057,0.085,0.,0.085,0.017,0.,0.017
128,0,128,259,3,128,,,,,,,,,,0.105,0.,0.105,,,,,,
129,0,129,261,3,129,,,,,,,,,,0.108,0.,0.108,0.2,0.,0.2,,,
129,1,43,265,7,129,0.063,0.,0.063,0.061,0.,0.061,,,,0.091,0.,0.091,0.18,0.004,0.176,0.124,0.,0.124
130,0,130,263,3,130,0.089,0.003,0.085,,,,,,,0.103,0.,0.103,,,,0.169,0.,0.169
131,0,131,265,3,131,,,,,,,,,,0.1,0.,0.1,,,,,,
132,0,132,267,3,132,,,,,,,,,,0.103,0.,0.103,,,,,,
132,1,44,271,7,132,,,,,,,0.257,0.,0.257,0.09,0.,0.09,,,,,,
133,0,133,269,3,133,0.101,0.,0.101,0.192,0.,0.192,,,,0.111,0.,0.111,,,,0.179,0.,0.179
133,2,19,281,15,133,0.042,0.,0.042,0.041,0.,0.041,,,,0.076,0.002,0.073,0.167,0.,0.167,0.091,0.,0.091
134,0,134,271,3,134,,,,,,,,,,0.119,0.,0.119,,,,,,
135,0,135,273,3,135,,,,,,,,,,0.121,0.003,0.117,,,,,,
135,1,45,277,7,135,0.068,0.,0.068,0.07,0.,0.07,,,,0.091,0.,0.091,,,,0.133,0.,0.133
135,3,9,301,31,135,0.027,0.,0.027,0.029,0.,0.029,0.292,0.,0.292,0.062,0.,0.062,0.248,0.,0.248,0.058,0.,0.058
136,0,136,275,3,136,0.108,0.,0.108,,,,,,,0.122,0.003,0.118,,,,0.185,0.,0.185
137,0,137,277,3,137,,,,,,,,,,0.121,0.003,0.117,,,,,,
138,0,138,279,3,138,,,,,,,,,,0.122,0.,0.122,,,,,,
138,1,46,283,7,138,,,,,,,,,,0.101,0.,0.101,,,,0.136,0.,0.136
139,0,139,281,3,139,0.102,0.,0.102,0.121,0.,0.121,,,,0.117,0.008,0.109,,,,,,
140,0,140,283,3,140,,,,,,,,,,0.122,0.,0.122,,,,,,
140,2,20,295,15,140,0.044,0.,0.044,0.047,0.,0.047,,,,0.091,0.,0.091,,,,0.099,0.,0.099
141,0,141,285,3,141,,,,,,,,,,0.136,0.,0.136,,,,,,
141,1,47,289,7,141,0.074,0.003,0.07,0.071,0.,0.071,,,,0.109,0.004,0.105,,,,,,
142,0,142,287,3,142,0.105,0.,0.105,,,,,,,0.135,0.002,0.132,,,,,,
143,0,143,289,3,143,,,,,,,,,,0.136,0.,0.136,,,,,,
144,0,144,291,3,144,,,,,,,,,,0.151,0.003,0.147,,,,,,
144,1,48,295,7,144,,,,,,,,,,0.112,0.003,0.108,,,,,,
145,0,145,293,3,145,0.113,0.,0.113,0.107,0.,0.107,,,,0.137,0.,0.137,,,,,,
146,0,146,295,3,146,,,,,,,,,,0.137,0.004,0.133,,,,,,
147,0,147,297,3,147,,,,,,,,,,0.143,0.004,0.139,,,,,,
147,1,49,301,7,147,0.082,0.,0.082,0.081,0.,0.081,,,,0.115,0.,0.115,,,,,,
147,2,21,309,15,147,0.047,0.,0.047,0.049,0.,0.049,,,,0.085,0.,0.085,,,,,,
148,0,148,299,3,148,0.11,0.,0.11,,,,,,,0.149,0.,0.149,,,,,,
149,0,149,301,3,149,,,,,,,,,,0.135,0.,0.135,,,,,,
150,0,150,303,3,150,,,,,,,,,,0.143,0.,0.143,,,,,,
150,1,50,307,7,150,,,,,,,,,,0.118,0.,0.118,,,,,,
150,3,10,331,31,150,0.033,0.,0.033,0.048,0.,0.048,0.327,0.004,0.323,0.076,0.,0.076,0.178,0.003,0.174,0.081,0.,0.081
151,0,151,305,3,151,0.116,0.,0.116,0.135,0.,0.135,,,,0.148,0.003,0.144,,,,,,
152,0,152,307,3,152,,,,,,,,,,0.148,0.,0.148,,,,,,
153,0,153,309,3,153,,,,,,,,,,0.152,0.,0.152,,,,,,
153,1,51,313,7,153,0.086,0.003,0.081,0.092,0.,0.092,,,,0.122,0.,0.122,,,,,,
154,0,154,311,3,154,0.133,0.,0.133,,,,,,,0.147,0.,0.147,,,,,,
154,2,22,323,15,154,0.056,0.,0.056,0.054,0.,0.054,,,,0.102,0.,0.102,,,,,,
155,0,155,313,3,155,,,,,,,,,,0.162,0.,0.162,,,,,,
155,4,5,373,63,155,0.021,0.,0.021,0.025,0.,0.025,0.366,0.003,0.362,0.069,0.,0.069,0.125,0.,0.125,0.048,0.,0.048
156,0,156,315,3,156,,,,,,,,,,0.16,0.,0.16,,,,,,
156,1,52,319,7,156,,,,,,,,,,0.127,0.,0.127,,,,,,
157,0,157,317,3,157,0.144,0.,0.144,0.234,0.,0.234,,,,0.153,0.,0.153,,,,,,
158,0,158,319,3,158,,,,,,,,,,0.151,0.,0.151,,,,,,
159,0,159,321,3,159,,,,,,,,,,0.163,0.,0.163,,,,,,
159,1,53,325,7,159,0.107,0.,0.105,0.092,0.,0.092,,,,0.129,0.,0.129,,,,,,
160,0,160,323,3,160,0.131,0.,0.131,,,,,,,0.168,0.,0.168,,,,,,
161,0,161,325,3,161,,,,,,,,,,0.168,0.,0.168,0.296,0.,0.296,,,
161,2,23,337,15,161,0.062,0.,0.062,0.06,0.,0.06,,,,0.118,0.,0.118,,,,,,
162,0,162,327,3,162,,,,,,,,,,0.163,0.,0.163,,,,,,
162,1,54,331,7,162,,,,,,,,,,0.14,0.,0.14,,,,,,
163,0,163,329,3,163,0.132,0.,0.132,0.155,0.,0.155,,,,0.189,0.,0.189,,,,,,
164,0,164,331,3,164,,,,,,,,,,0.173,0.,0.173,,,,,,
165,0,165,333,3,165,,,,,,,,,,0.178,0.,0.178,,,,,,
165,1,55,337,7,165,0.105,0.,0.105,0.092,0.,0.092,,,,0.148,0.,0.148,,,,,,
165,3,11,361,31,165,0.035,0.,0.035,0.042,0.,0.042,0.368,0.003,0.364,0.083,0.,0.083,0.201,0.,0.201,0.087,0.,0.087
166,0,166,335,3,166,0.144,0.,0.144,,,,,,,0.184,0.,0.184,,,,,,
167,0,167,337,3,167,,,,,,,,,,0.175,0.,0.175,,,,,,
168,0,168,339,3,168,,,,,,,,,,0.177,0.,0.177,,,,,,
168,1,56,343,7,168,,,,,,,,,,0.14,0.,0.14,,,,,,
168,2,24,351,15,168,0.061,0.,0.061,0.064,0.,0.064,,,,0.127,0.,0.127,,,,,,
169,0,169,341,3,169,0.14,0.003,0.136,0.16,0.,0.16,,,,0.185,0.007,0.177,,,,,,
170,0,170,343,3,170,0.146,0.,0.146,,,,,,,,,,,,,0.288,0.,0.288
171,0,171,345,3,171,,,,0.155,0.,0.155,,,,,,,,,,,,
171,1,57,349,7,171,0.103,0.,0.103,0.118,0.,0.118,,,,0.144,0.,0.144,0.287,0.,0.287,0.208,0.,0.208
175,2,25,365,15,175,0.079,0.01,0.068,0.069,0.,0.069,,,,0.12,0.,0.12,0.247,0.,0.247,,,
180,3,12,391,31,180,0.05,0.,0.05,0.062,0.,0.062,0.427,0.,0.427,0.115,0.,0.115,0.348,0.,0.348,0.097,0.,0.097
182,2,26,379,15,182,,,,,,,,,,,,,,,,0.162,0.003,0.158
186,4,6,435,63,186,0.035,0.,0.035,0.031,0.,0.031,,,,0.09,0.,0.09,,,,0.063,0.,0.063
189,5,3,505,127,189,0.022,0.,0.022,0.019,0.,0.019,,,,0.088,0.,0.088,0.144,0.,0.144,0.045,0.,0.045
193,0,193,389,3,193,,,,,,,,,,,,,0.427,0.,0.427,,,
195,3,13,421,31,195,,,,0.056,0.,0.056,0.527,0.003,0.523,,,,0.273,0.,0.273,0.214,0.,0.214
197,0,197,397,3,197,,,,,,,,,,0.239,0.,0.239,,,,,,
199,0,199,401,3,199,0.201,0.003,0.197,,,,,,,,,,,,,,,
200,0,200,403,3,200,,,,0.215,0.003,0.211,,,,,,,,,,,,
204,0,204,411,3,204,,,,,,,,,,,,,,,,0.403,0.003,0.399
204,1,68,415,7,204,,,,,,,,,,0.216,0.,0.216,,,,0.285,0.003,0.281
207,1,69,421,7,207,0.155,0.,0.155,,,,,,,,,,,,,,,
210,2,30,435,15,210,,,,,,,,,,0.167,0.,0.167,,,,,,
210,3,14,451,31,210,,,,0.067,0.,0.067,0.566,0.,0.566,,,,0.428,0.,0.428,0.15,0.,0.15
213,1,71,433,7,213,,,,,,,,,,,,,0.451,0.003,0.447,,,
216,1,72,439,7,216,,,,0.164,0.,0.164,,,,,,,,,,,,
217,2,31,449,15,217,0.101,0.,0.101,,,,,,,,,,0.366,0.,0.366,,,
217,4,7,497,63,217,,,,,,,0.574,0.,0.574,0.117,0.,0.117,0.24,0.003,0.236,0.083,0.,0.083
224,2,32,463,15,224,,,,,,,,,,,,,,,,0.234,0.,0.234
225,0,225,453,3,225,,,,,,,,,,0.301,0.,0.301,0.541,0.,0.541,,,
225,3,15,481,31,225,,,,0.168,0.,0.168,0.631,0.003,0.627,0.162,0.,0.162,0.338,0.,0.338,0.148,0.003,0.145
228,0,228,459,3,228,0.261,0.,0.261,,,,,,,,,,,,,,,
229,0,229,461,3,229,,,,0.268,0.,0.268,,,,,,,,,,,,
231,2,33,477,15,231,,,,0.112,0.,0.112,,,,,,,,,,,,
237,1,79,481,7,237,,,,,,,,,,0.259,0.,0.259,,,,0.399,0.,0.399
238,0,238,479,3,238,,,,,,,,,,,,,,,,0.534,0.004,0.53
240,3,16,511,31,240,0.07,0.,0.07,0.101,0.,0.101,0.758,0.007,0.75,,,,0.431,0.,0.431,0.194,0.,0.194
243,1,81,493,7,243,0.202,0.,0.202,,,,,,,,,,,,,,,
245,2,35,505,15,245,,,,,,,,,,0.24,0.,0.24,,,,,,
248,4,8,559,63,248,0.045,0.,0.045,,,,,,,0.148,0.,0.148,,,,0.107,0.,0.107
252,5,4,631,127,252,0.031,0.,0.031,0.031,0.,0.031,,,,0.127,0.,0.127,0.256,0.,0.256,0.066,0.,0.066
253,0,253,509,3,253,,,,,,,,,,0.374,0.003,0.37,,,,,,
254,6,2,763,255,254,0.026,0.,0.026,0.021,0.,0.021,,,,0.125,0.004,0.121,0.211,0.003,0.207,0.051,0.,0.051
255,1,85,517,7,255,,,,,,,,,,,,,0.606,0.,0.606,,,
255,3,17,541,31,255,,,,0.09,0.,0.09,0.831,0.,0.831,,,,0.403,0.,0.403,0.299,0.,0.299
255,7,1,1021,511,255,0.023,0.,0.023,0.018,0.,0.018,0.49,0.,0.49,0.139,0.,0.139,0.246,0.,0.246,0.04,0.,0.04
257,0,257,517,3,257,0.324,0.007,0.316,,,,,,,,,,0.696,0.,0.696,,,
258,0,258,519,3,258,,,,0.355,0.,0.355,,,,,,,,,,,,
259,2,37,533,15,259,0.135,0.,0.135,,,,,,,,,,0.546,0.,0.546,,,
261,1,87,529,7,261,,,,0.249,0.,0.249,,,,,,,,,,,,
266,2,38,547,15,266,,,,,,,,,,,,,,,,0.328,0.,0.328
270,1,90,547,7,270,,,,,,,,,,0.336,0.,0.336,,,,0.509,0.,0.509
270,3,18,571,31,270,,,,0.117,0.,0.117,,,,0.219,0.,0.219,0.459,0.,0.459,0.199,0.,0.199
279,1,93,565,7,279,0.263,0.,0.263,,,,,,,,,,,,,,,
279,4,9,621,63,279,,,,0.058,0.,0.058,,,,0.181,0.,0.181,0.334,0.003,0.33,,,
280,2,40,575,15,280,,,,,,,,,,0.305,0.,0.305,,,,,,
281,0,281,565,3,281,,,,,,,,,,0.445,0.,0.445,,,,,,
283,0,283,569,3,283,0.553,0.004,0.549,,,,,,,,,,,,,,,
285,3,19,601,31,285,,,,0.129,0.,0.129,,,,,,,0.504,0.003,0.5,0.351,0.,0.351
286,0,286,575,3,286,0.395,0.,0.395,,,,,,,,,,,,,,,
287,0,287,577,3,287,,,,0.407,0.,0.407,,,,,,,,,,,,
287,2,41,589,15,287,,,,0.169,0.003,0.165,,,,,,,,,,,,
288,0,288,579,3,288,,,,,,,,,,0.72,0.007,0.712,,,,,,
300,3,20,631,31,300,0.112,0.,0.112,0.223,0.,0.223,,,,,,,0.554,0.,0.554,0.265,0.,0.265
301,2,43,617,15,301,0.192,0.,0.192,,,,,,,,,,,,,,,
303,1,101,613,7,303,,,,,,,,,,0.462,0.,0.462,,,,,,
306,1,102,619,7,306,,,,0.312,0.003,0.308,,,,,,,,,,,,
309,0,309,621,3,309,,,,,,,,,,0.536,0.,0.536,,,,,,
310,4,10,683,63,310,0.074,0.,0.074,0.093,0.003,0.089,,,,0.234,0.,0.234,,,,,,
315,0,315,633,3,315,0.487,0.007,0.479,,,,,,,,,,,,,,,
315,1,105,637,7,315,0.418,0.,0.418,,,,,,,,,,,,,,,
315,2,45,645,15,315,,,,,,,,,,0.381,0.,0.381,,,,,,
315,3,21,661,31,315,,,,0.156,0.,0.156,,,,0.268,0.,0.268,0.566,0.003,0.562,0.298,0.,0.298
315,5,5,757,127,315,0.043,0.,0.043,0.044,0.,0.044,,,,0.176,0.,0.176,,,,0.102,0.,0.102
316,0,316,635,3,316,,,,0.488,0.003,0.484,,,,,,,,,,,,
330,3,22,691,31,330,,,,0.159,0.,0.159,,,,,,,0.62,0.008,0.612,0.345,0.,0.345
336,1,112,679,7,336,,,,,,,,,,0.521,0.,0.521,,,,,,
337,0,337,677,3,337,,,,,,,,,,0.744,0.,0.744,,,,,,
341,4,11,745,63,341,0.079,0.,0.079,,,,,,,0.273,0.003,0.269,,,,,,
342,0,342,687,3,342,,,,0.61,0.011,0.598,,,,,,,,,,,,
343,2,49,701,15,343,0.249,0.004,0.245,0.234,0.,0.234,,,,0.418,0.,0.418,,,,,,
345,3,23,721,31,345,,,,0.266,0.003,0.262,,,,,,,0.693,0.003,0.689,0.336,0.,0.336
350,2,50,715,15,350,,,,,,,,,,0.434,0.,0.434,,,,,,
357,2,51,729,15,357,,,,,,,,,,0.482,0.,0.482,,,,,,
360,3,24,751,31,360,,,,0.202,0.,0.202,,,,,,,0.784,0.,0.784,0.357,0.003,0.353
364,2,52,743,15,364,,,,,,,,,,0.536,0.,0.536,,,,,,
371,2,53,757,15,371,,,,,,,,,,0.537,0.003,0.533,,,,,,
372,4,12,807,63,372,0.097,0.,0.097,0.097,0.,0.096,,,,,,,,,,,,
375,3,25,781,31,375,,,,0.202,0.,0.202,,,,,,,0.855,0.004,0.85,0.385,0.003,0.382
378,2,54,771,15,378,,,,,,,,,,0.554,0.003,0.55,,,,,,
378,5,6,883,127,378,0.066,0.003,0.062,,,,,,,0.239,0.,0.239,,,,0.136,0.003,0.132
381,6,3,1017,255,381,,,,0.043,0.,0.043,,,,,,,0.4,0.,0.4,0.085,0.,0.085
385,0,385,773,3,385,,,,,,,,,,,,,1.458,0.011,1.446,,,
385,2,55,785,15,385,,,,,,,,,,0.606,0.,0.606,1.04,0.,1.04,,,
390,3,26,811,31,390,,,,0.247,0.,0.247,,,,,,,0.892,0.011,0.88,0.403,0.003,0.399
392,2,56,799,15,392,,,,,,,,,,0.563,0.,0.563,,,,,,
399,2,57,813,15,399,,,,,,,,,,0.56,0.,0.56,,,,,,
403,4,13,869,63,403,0.112,0.,0.112,,,,,,,,,,0.646,0.,0.646,,,
405,3,27,841,31,405,,,,0.218,0.,0.218,,,,,,,,,,0.442,0.,0.442
406,2,58,827,15,406,,,,,,,,,,0.616,0.,0.616,,,,,,
413,2,59,841,15,413,,,,,,,,,,0.575,0.,0.575,,,,,,
420,2,60,855,15,420,,,,,,,,,,0.723,0.,0.723,,,,,,
420,3,28,871,31,420,,,,0.242,0.,0.241,,,,,,,,,,0.475,0.003,0.471
427,0,427,857,3,427,,,,0.918,0.,0.918,,,,,,,,,,,,
427,2,61,869,15,427,0.343,0.003,0.339,0.378,0.008,0.367,,,,0.69,0.,0.69,,,,,,
434,2,62,883,15,434,,,,,,,,,,0.636,0.,0.635,,,,,,
434,4,14,931,63,434,0.134,0.,0.134,0.133,0.,0.133,,,,0.399,0.003,0.395,,,,0.287,0.,0.287
435,3,29,901,31,435,,,,0.258,0.003,0.254,,,,,,,,,,0.504,0.003,0.5
441,2,63,897,15,441,,,,,,,,,,0.677,0.,0.677,,,,,,
441,5,7,1009,127,441,0.078,0.,0.078,,,,,,,0.31,0.,0.31,,,,,,
448,2,64,911,15,448,,,,,,,,,,0.773,0.,0.773,,,,,,
450,3,30,931,31,450,,,,0.285,0.004,0.278,,,,,,,,,,0.512,0.,0.512
455,2,65,925,15,455,,,,,,,,,,0.692,0.,0.692,,,,,,
462,2,66,939,15,462,,,,,,,,,,0.741,0.,0.741,,,,,,
465,3,31,961,31,465,,,,0.284,0.,0.284,,,,,,,,,,0.536,0.,0.536
465,4,15,993,63,465,0.147,0.,0.147,,,,,,,,,,,,,,,
469,2,67,953,15,469,,,,,,,,,,0.749,0.,0.749,,,,,,
476,2,68,967,15,476,,,,,,,,,,0.865,0.,0.865,,,,,,
480,3,32,991,31,480,,,,0.31,0.003,0.306,,,,,,,,,,0.585,0.,0.585
483,2,69,981,15,483,,,,,,,,,,0.823,0.,0.823,,,,,,
490,2,70,995,15,490,,,,,,,,,,0.836,0.,0.836,,,,,,
495,3,33,1021,31,495,,,,0.331,0.008,0.322,,,,,,,,,,0.6,0.,0.6
496,4,16,1055,63,496,0.159,0.,0.159,0.192,0.,0.192,,,,,,,,,,0.378,0.,0.378
497,2,71,1009,15,497,,,,,,,,,,0.918,0.,0.918,,,,,,
504,2,72,1023,15,504,,,,,,,,,,0.896,0.,0.895,,,,,,
504,5,8,1135,127,504,0.095,0.,0.095,,,,,,,0.418,0.,0.418,,,,,,
505,0,505,1013,3,505,,,,,,,,,,1.773,0.011,1.76,,,,,,
508,0,508,1019,3,508,1.187,0.,1.187,,,,,,,,,,,,,,,
508,6,4,1271,255,508,,,,0.066,0.,0.066,,,,,,,0.619,0.,0.619,,,
510,3,34,1051,31,510,,,,0.335,0.003,0.331,,,,,,,,,,0.632,0.,0.632
511,2,73,1037,15,511,,,,0.525,0.,0.525,,,,,,,1.686,0.,1.686,,,
511,8,1,2045,1023,511,0.058,0.,0.058,0.045,0.,0.045,,,,0.456,0.,0.456,0.614,0.,0.614,0.072,0.,0.072
512,0,512,1027,3,512,,,,1.224,0.007,1.216,,,,,,,,,,,,
513,0,513,1029,3,513,,,,,,,,,,,,,2.564,0.,2.564,,,
525,3,35,1081,31,525,,,,0.349,0.004,0.344,,,,,,,,,,0.707,0.,0.707
527,4,17,1117,63,527,0.191,0.,0.191,0.197,0.,0.197,,,,0.491,0.,0.491,,,,,,
540,3,36,1111,31,540,,,,0.362,0.003,0.358,,,,,,,,,,0.747,0.,0.747
541,0,541,1085,3,541,,,,,,,,,,,,,,,,2.471,0.007,2.463
555,3,37,1141,31,555,,,,0.384,0.008,0.376,,,,,,,,,,,,
558,4,18,1179,63,558,,,,0.211,0.,0.211,,,,,,,,,,,,
565,0,565,1133,3,565,2.024,0.007,2.014,,,,,,,,,,,,,,,
567,5,9,1261,127,567,,,,,,,,,,,,,0.918,0.003,0.914,0.279,0.,0.279
570,3,38,1171,31,570,,,,0.418,0.,0.417,,,,,,,,,,,,
575,0,575,1153,3,575,,,,,,,,,,2.751,0.039,2.711,,,,,,
589,4,19,1241,63,589,0.22,0.,0.22,0.248,0.,0.248,,,,0.694,0.004,0.69,,,,,,
590,0,590,1183,3,590,,,,,,,,,,1.97,0.007,1.962,,,,,,
593,0,593,1189,3,593,1.677,0.003,1.672,,,,,,,,,,,,,,,
620,4,20,1303,63,620,,,,0.26,0.,0.26,,,,,,,,,,,,
651,4,21,1365,63,651,0.281,0.,0.281,0.306,0.,0.306,,,,0.877,0.,0.877,,,,,,
674,0,674,1351,3,674,,,,,,,,,,2.874,0.016,2.858,,,,,,
677,0,677,1357,3,677,2.076,0.,2.076,,,,,,,,,,,,,,,
682,4,22,1427,63,682,,,,0.308,0.,0.308,,,,,,,,,,,,
683,0,683,1369,3,683,,,,2.166,0.,2.164,,,,,,,,,,,,
693,5,11,1513,127,693,0.202,0.,0.202,0.184,0.,0.184,,,,0.66,0.,0.66,,,,,,
769,0,769,1541,3,769,,,,,,,,,,,,,5.319,0.011,5.307,,,
811,0,811,1625,3,811,,,,,,,,,,,,,,,,5.574,0.007,5.566
819,5,13,1765,127,819,,,,,,,,,,,,,1.769,0.012,1.756,0.548,0.,0.548
1008,5,16,2143,127,1008,0.371,0.,0.371,0.377,0.,0.377,,,,1.262,0.,1.262,,,,,,
1011,0,1011,2025,3,1011,,,,,,,,,,5.629,0.015,5.612,,,,,,
1016,0,1016,2035,3,1016,4.691,0.02,4.671,,,,,,,,,,,,,,,
1023,9,1,4093,2047,1023,0.118,0.,0.118,0.084,0.,0.084,,,,1.066,0.,1.066,1.484,0.015,1.468,0.166,0.,0.166
1024,0,1024,2051,3,1024,,,,4.883,0.003,4.879,,,,,,,,,,,,
1025,0,1025,2053,3,1025,,,,,,,,,,,,,9.392,0.019,9.371,,,
1071,5,17,2269,127,1071,,,,,,,,,,,,,,,,0.928,0.,0.928
1081,0,1081,2165,3,1081,,,,,,,,,,,,,,,,9.724,0.035,9.687
1323,5,21,2773,127,1323,0.617,0.,0.617,0.639,0.003,0.635,,,,2.421,0.,2.421,,,,,,
1365,0,1365,2733,3,1365,,,,8.622,0.047,8.573,,,,,,,,,,,,