param-0-n,param-1-lgn,try-ssr-rewrite!-cold-noop-regression-linear-real,try-ssr-rewrite!-cold-noop-regression-linear-sys,try-ssr-rewrite!-cold-noop-regression-linear-user,try-ssr-rewrite!-evar-noop-regression-linear-real,try-ssr-rewrite!-evar-noop-regression-linear-sys,try-ssr-rewrite!-evar-noop-regression-linear-user,try-ssr-rewrite!-noop-regression-linear-real,try-ssr-rewrite!-noop-regression-linear-sys,try-ssr-rewrite!-noop-regression-linear-user,try-ssr-rewrite-evar-noop-regression-linear-real,try-ssr-rewrite-evar-noop-regression-linear-sys,try-ssr-rewrite-evar-noop-regression-linear-user,try-ssr-rewrite-noop-regression-linear-real,try-ssr-rewrite-noop-regression-linear-sys,try-ssr-rewrite-noop-regression-linear-user,try-ssr-rewrite?-evar-noop-regression-linear-real,try-ssr-rewrite?-evar-noop-regression-linear-sys,try-ssr-rewrite?-evar-noop-regression-linear-user,try-ssr-rewrite?-noop-regression-linear-real,try-ssr-rewrite?-noop-regression-linear-sys,try-ssr-rewrite?-noop-regression-linear-user
3,1,0.,0.,0.,0.,0.,0.,0.,0.,0.,0.,0.,0.,0.,0.,0.,0.,0.,0.,0.,0.,0.
7,2,0.,0.,0.,0.,0.,0.,0.,0.,0.,0.,0.,0.,0.,0.,0.,0.,0.,0.,0.,0.,0.
15,3,0.,0.,0.,0.,0.,0.,0.,0.,0.,0.,0.,0.,0.,0.,0.,0.,0.,0.,0.,0.,0.
31,4,0.,0.,0.,0.,0.,0.,0.,0.,0.,0.,0.,0.,0.,0.,0.,0.,0.,0.,0.,0.,0.
63,5,0.,0.,0.,0.,0.,0.,0.,0.,0.,0.,0.,0.,0.,0.,0.,0.,0.,0.,0.,0.,0.
127,6,0.,0.,0.,0.,0.,0.,0.,0.,0.,0.,0.,0.,0.,0.,0.,0.,0.,0.,0.,0.,0.
255,7,0.,0.,0.,0.,0.,0.,0.,0.,0.,0.,0.,0.,0.,0.,0.,0.,0.,0.,0.,0.,0.
511,8,0.,0.,0.,0.,0.,0.,0.,0.,0.,0.,0.,0.,0.,0.,0.,0.,0.,0.,0.,0.,0.
1023,9,0.,0.,0.,0.,0.,0.,0.,0.,0.,0.,0.,0.,0.,0.,0.,0.,0.,0.,0.,0.,0.
2047,10,0.,0.,0.,0.,0.,0.,0.,0.,0.,0.,0.,0.,0.,0.,0.,0.,0.,0.,0.,0.,0.
4095,11,0.001,0.,0.001,0.,0.,0.,0.,0.,0.,0.,0.,0.,0.,0.,0.,0.,0.,0.,0.,0.,0.
8191,12,0.001,0.,0.001,0.001,0.,0.001,0.001,0.,0.001,0.001,0.,0.001,0.001,0.,0.001,0.001,0.,0.001,0.001,0.,0.001
16383,13,0.003,0.,0.003,0.003,0.,0.003,0.003,0.,0.003,0.002,0.,0.002,0.003,0.,0.003,0.002,0.,0.002,0.003,0.,0.003
32767,14,0.009,0.,0.009,0.005,0.,0.005,0.005,0.,0.005,0.005,0.,0.005,0.005,0.,0.005,0.005,0.,0.005,0.005,0.,0.005
65535,15,0.012,0.,0.012,0.011,0.,0.011,0.026,0.,0.026,0.011,0.,0.011,0.011,0.,0.011,0.043,0.,0.043,0.011,0.,0.011
131071,16,0.032,0.,0.032,0.023,0.,0.023,0.043,0.,0.043,0.062,0.,0.061,0.024,0.,0.024,0.024,0.,0.024,0.035,0.,0.035
262143,17,0.074,0.,0.074,0.048,0.,0.048,0.079,0.,0.079,0.049,0.,0.049,0.06,0.,0.06,0.049,0.,0.049,0.052,0.,0.052
524287,18,0.17,0.,0.17,0.105,0.,0.105,0.112,0.,0.112,0.105,0.,0.105,0.105,0.,0.105,0.108,0.,0.108,0.107,0.,0.107
1048575,19,0.413,0.008,0.405,0.201,0.,0.201,0.212,0.,0.212,0.208,0.,0.208,0.21,0.,0.21,0.2,0.,0.2,0.207,0.,0.207
2097151,20,0.706,0.,0.706,0.433,0.,0.432,0.424,0.,0.423,0.425,0.,0.425,0.425,0.,0.425,0.421,0.,0.421,0.431,0.,0.431
4194303,21,1.266,0.,1.266,0.852,0.,0.852,0.833,0.,0.833,0.816,0.,0.816,0.841,0.,0.84,0.841,0.,0.841,0.827,0.,0.827
8388607,22,1.81,0.,1.81,1.73,0.,1.73,1.743,0.,1.743,1.728,0.,1.728,1.735,0.,1.735,1.706,0.,1.706,1.739,0.,1.739