param-n,abstract-regression-cubic-real,abstract-regression-cubic-sys,abstract-regression-cubic-user,close-abstract-regression-cubic-real,close-abstract-regression-cubic-sys,close-abstract-regression-cubic-user,fast-rewrite-regression-cubic-real,fast-rewrite-regression-cubic-sys,fast-rewrite-regression-cubic-user,pose-build-and-refine-regression-cubic-real,pose-build-and-refine-regression-cubic-sys,pose-build-and-refine-regression-cubic-user,refine-regression-quadratic-regression-linear-real,refine-regression-quadratic-regression-linear-sys,refine-regression-quadratic-regression-linear-user
1,0.,0.,0.,0.,0.,0.,0.,0.,0.,0.,0.,0.,0.,0.,0.
2,0.,0.,0.,0.,0.,0.,0.,0.,0.,0.,0.,0.,0.,0.,0.
3,0.,0.,0.,0.,0.,0.,0.,0.,0.,0.,0.,0.,0.,0.,0.
4,0.,0.,0.,0.,0.,0.,0.,0.,0.,0.,0.,0.,0.,0.,0.
5,0.,0.,0.,0.,0.,0.,0.,0.,0.,0.,0.,0.,0.,0.,0.
6,0.,0.,0.,0.,0.,0.,0.,0.,0.,0.,0.,0.,0.,0.,0.
7,0.,0.,0.,0.,0.,0.,0.,0.,0.,0.,0.,0.,0.,0.,0.
8,0.,0.,0.,0.,0.,0.,0.,0.,0.,0.,0.,0.,0.,0.,0.
9,0.001,0.,0.001,0.,0.,0.,0.,0.,0.,0.,0.,0.,0.,0.,0.
10,0.001,0.,0.001,0.,0.,0.,0.,0.,0.,0.,0.,0.,0.,0.,0.
11,0.001,0.,0.001,0.,0.,0.,0.,0.,0.,0.,0.,0.,0.,0.,0.
12,0.001,0.,0.001,0.,0.,0.,0.,0.,0.,0.,0.,0.,0.,0.,0.
13,0.001,0.,0.001,0.,0.,0.,0.001,0.,0.001,0.001,0.,0.001,0.,0.,0.
14,0.001,0.,0.001,0.,0.,0.,0.001,0.,0.001,0.001,0.,0.001,0.,0.,0.
15,0.001,0.,0.001,0.,0.,0.,0.001,0.,0.001,0.001,0.,0.001,0.,0.,0.
16,0.001,0.,0.001,0.,0.,0.,0.001,0.,0.001,0.001,0.,0.001,0.,0.,0.
17,0.002,0.,0.002,0.,0.,0.,0.001,0.,0.001,0.001,0.,0.001,0.,0.,0.
18,0.002,0.,0.002,0.,0.,0.,0.001,0.,0.001,0.001,0.,0.001,0.,0.,0.
19,0.002,0.,0.002,0.,0.,0.,0.001,0.,0.001,0.001,0.,0.001,0.,0.,0.
20,0.002,0.,0.002,0.,0.,0.,0.001,0.,0.001,0.001,0.,0.001,0.,0.,0.
21,0.002,0.002,0.,0.,0.,0.,0.001,0.001,0.,0.001,0.001,0.,0.,0.,0.
22,0.002,0.002,0.,0.,0.,0.,0.001,0.001,0.,0.001,0.001,0.,0.,0.,0.
23,0.002,0.002,0.,0.,0.,0.,0.001,0.001,0.,0.001,0.001,0.,0.,0.,0.
24,0.042,0.006,0.035,0.,0.,0.,0.001,0.,0.001,0.001,0.,0.001,0.,0.,0.
25,0.002,0.,0.002,0.,0.,0.,0.001,0.,0.001,0.001,0.,0.001,0.,0.,0.
26,0.002,0.,0.002,0.,0.,0.,0.001,0.,0.001,0.001,0.,0.001,0.,0.,0.
27,0.002,0.,0.002,0.,0.,0.,0.001,0.,0.001,0.001,0.,0.001,0.,0.,0.
28,0.002,0.,0.002,0.,0.,0.,0.001,0.,0.001,0.001,0.,0.001,0.,0.,0.
29,0.002,0.,0.002,0.,0.,0.,0.001,0.,0.001,0.001,0.,0.001,0.,0.,0.
30,0.002,0.,0.002,0.,0.,0.,0.001,0.,0.001,0.001,0.,0.001,0.,0.,0.
31,0.002,0.,0.002,0.,0.,0.,0.001,0.,0.001,0.001,0.,0.001,0.,0.,0.
32,0.003,0.,0.003,0.,0.,0.,0.001,0.,0.001,0.001,0.,0.001,0.,0.,0.
33,0.003,0.,0.003,0.,0.,0.,0.002,0.,0.002,0.002,0.,0.002,0.,0.,0.
34,0.003,0.,0.003,0.,0.,0.,0.002,0.,0.002,0.002,0.,0.002,0.,0.,0.
35,0.003,0.,0.003,0.001,0.,0.001,0.002,0.,0.002,0.002,0.,0.002,0.,0.,0.
36,0.003,0.,0.003,0.001,0.,0.001,0.002,0.,0.002,0.002,0.,0.002,0.,0.,0.
37,0.004,0.003,0.,0.001,0.,0.,0.003,0.003,0.,0.003,0.003,0.,0.,0.,0.
38,0.003,0.,0.003,0.001,0.,0.001,0.002,0.,0.002,0.002,0.,0.002,0.,0.,0.
39,0.003,0.,0.003,0.001,0.,0.001,0.002,0.,0.002,0.002,0.,0.002,0.,0.,0.
40,0.004,0.,0.004,0.001,0.,0.001,0.002,0.,0.002,0.002,0.,0.002,0.,0.,0.
41,0.004,0.,0.004,0.001,0.,0.001,0.002,0.,0.002,0.002,0.,0.002,0.,0.,0.
42,0.004,0.,0.004,0.001,0.,0.001,0.002,0.,0.002,0.002,0.,0.002,0.,0.,0.
43,0.004,0.,0.004,0.001,0.,0.001,0.002,0.,0.002,0.002,0.,0.002,0.,0.,0.
44,0.004,0.,0.004,0.001,0.,0.001,0.002,0.,0.002,0.002,0.,0.002,0.,0.,0.
45,0.004,0.,0.004,0.001,0.,0.001,0.002,0.,0.002,0.002,0.,0.002,0.,0.,0.
46,0.007,0.,0.007,0.004,0.,0.004,0.002,0.,0.002,0.002,0.,0.002,0.,0.,0.
47,0.005,0.,0.005,0.001,0.,0.001,0.002,0.,0.002,0.002,0.,0.002,0.,0.,0.
48,0.005,0.,0.005,0.001,0.,0.001,0.003,0.,0.003,0.003,0.,0.003,0.,0.,0.
49,0.005,0.,0.005,0.002,0.,0.002,0.003,0.,0.003,0.003,0.,0.003,0.,0.,0.
50,0.006,0.,0.006,0.002,0.,0.002,0.004,0.,0.004,0.004,0.,0.004,0.,0.,0.
51,0.005,0.,0.005,0.002,0.,0.002,0.003,0.,0.003,0.003,0.,0.003,0.,0.,0.
52,0.005,0.,0.005,0.002,0.,0.002,0.003,0.,0.003,0.003,0.,0.003,0.,0.,0.
53,0.006,0.,0.006,0.002,0.,0.002,0.003,0.,0.003,0.003,0.,0.003,0.,0.,0.
54,0.006,0.,0.006,0.002,0.,0.002,0.003,0.,0.003,0.003,0.,0.003,0.,0.,0.
55,0.007,0.,0.007,0.002,0.,0.002,0.004,0.,0.004,0.004,0.,0.004,0.001,0.,0.001
56,0.006,0.,0.006,0.002,0.,0.002,0.003,0.,0.003,0.003,0.,0.003,0.,0.,0.
57,0.006,0.,0.006,0.002,0.,0.002,0.003,0.,0.003,0.003,0.,0.003,0.,0.,0.
58,0.006,0.,0.006,0.002,0.,0.002,0.003,0.,0.003,0.003,0.,0.003,0.,0.,0.
59,0.007,0.,0.007,0.002,0.,0.002,0.003,0.,0.003,0.003,0.,0.003,0.,0.,0.
60,0.007,0.,0.007,0.003,0.,0.003,0.004,0.,0.004,0.004,0.,0.004,0.,0.,0.
61,0.007,0.,0.007,0.003,0.,0.003,0.004,0.,0.004,0.004,0.,0.004,0.,0.,0.
62,0.011,0.,0.011,0.003,0.,0.003,0.008,0.,0.008,0.008,0.,0.008,0.,0.,0.
63,0.008,0.,0.008,0.003,0.,0.003,0.004,0.,0.004,0.004,0.,0.004,0.,0.,0.
64,0.008,0.,0.008,0.003,0.,0.003,0.004,0.,0.004,0.004,0.,0.004,0.,0.,0.
65,0.008,0.,0.008,0.003,0.,0.003,0.004,0.,0.004,0.004,0.,0.004,0.,0.,0.
66,0.008,0.,0.008,0.003,0.,0.003,0.004,0.,0.004,0.004,0.,0.004,0.,0.,0.
67,0.008,0.,0.008,0.003,0.,0.003,0.004,0.,0.004,0.004,0.,0.004,0.,0.,0.
68,0.01,0.,0.01,0.004,0.,0.004,0.005,0.,0.005,0.005,0.,0.005,0.,0.,0.
69,0.009,0.,0.009,0.004,0.,0.004,0.004,0.,0.004,0.004,0.,0.004,0.,0.,0.
70,0.009,0.,0.009,0.004,0.,0.004,0.004,0.,0.004,0.004,0.,0.004,0.,0.,0.
71,0.009,0.,0.009,0.004,0.,0.004,0.004,0.,0.004,0.004,0.,0.004,0.,0.,0.
72,0.009,0.,0.009,0.004,0.,0.004,0.004,0.,0.004,0.004,0.,0.004,0.,0.,0.
73,0.01,0.,0.01,0.004,0.,0.004,0.005,0.,0.005,0.005,0.,0.005,0.,0.,0.
74,0.01,0.,0.01,0.005,0.,0.005,0.005,0.,0.005,0.005,0.,0.005,0.,0.,0.
75,0.011,0.,0.011,0.005,0.,0.005,0.005,0.,0.005,0.005,0.,0.005,0.,0.,0.
76,0.011,0.,0.011,0.005,0.,0.005,0.005,0.,0.005,0.005,0.,0.005,0.,0.,0.
77,0.011,0.,0.011,0.005,0.,0.005,0.005,0.,0.005,0.005,0.,0.005,0.,0.,0.
78,0.011,0.,0.011,0.005,0.,0.005,0.005,0.,0.005,0.005,0.,0.005,0.,0.,0.
79,0.012,0.,0.012,0.005,0.,0.005,0.005,0.,0.005,0.005,0.,0.005,0.,0.,0.
80,0.012,0.,0.012,0.006,0.,0.006,0.005,0.,0.005,0.005,0.,0.005,0.,0.,0.
81,0.012,0.,0.012,0.006,0.,0.006,0.005,0.,0.005,0.005,0.,0.005,0.,0.,0.
82,0.012,0.,0.012,0.006,0.,0.006,0.005,0.,0.005,0.005,0.,0.005,0.,0.,0.
83,0.014,0.,0.014,0.007,0.,0.007,0.005,0.,0.005,0.005,0.,0.005,0.,0.,0.
84,0.013,0.,0.013,0.006,0.,0.006,0.006,0.,0.006,0.005,0.,0.005,0.,0.,0.
85,0.013,0.,0.013,0.007,0.,0.007,0.006,0.,0.006,0.006,0.,0.006,0.,0.,0.
86,0.014,0.,0.014,0.007,0.,0.007,0.006,0.,0.006,0.006,0.,0.006,0.,0.,0.
87,0.014,0.,0.014,0.007,0.,0.007,0.006,0.,0.006,0.006,0.,0.006,0.,0.,0.
88,0.014,0.,0.014,0.007,0.,0.007,0.006,0.,0.006,0.006,0.,0.006,0.,0.,0.
89,0.014,0.,0.014,0.007,0.,0.007,0.006,0.,0.006,0.006,0.,0.006,0.,0.,0.
90,0.015,0.,0.015,0.008,0.,0.008,0.006,0.,0.006,0.006,0.,0.006,0.,0.,0.
91,0.015,0.,0.015,0.008,0.,0.008,0.006,0.,0.006,0.006,0.,0.006,0.,0.,0.
92,0.017,0.,0.017,0.008,0.,0.008,0.008,0.,0.008,0.008,0.,0.008,0.,0.,0.
93,0.016,0.,0.016,0.008,0.,0.008,0.006,0.,0.006,0.006,0.,0.006,0.,0.,0.
94,0.016,0.,0.016,0.008,0.,0.008,0.006,0.,0.006,0.006,0.,0.006,0.,0.,0.
95,0.016,0.,0.016,0.009,0.,0.009,0.007,0.,0.007,0.007,0.,0.007,0.,0.,0.
96,0.019,0.,0.019,0.01,0.,0.01,0.008,0.,0.008,0.008,0.,0.008,0.,0.,0.
97,0.017,0.,0.017,0.009,0.,0.009,0.007,0.,0.007,0.007,0.,0.007,0.,0.,0.
98,0.018,0.,0.018,0.01,0.,0.01,0.007,0.,0.007,0.007,0.,0.007,0.,0.,0.
99,0.018,0.,0.018,0.01,0.,0.01,0.007,0.,0.007,0.007,0.,0.007,0.,0.,0.
100,0.02,0.002,0.018,0.011,0.001,0.009,0.009,0.001,0.008,0.009,0.001,0.008,0.,0.,0.
110,0.025,0.,0.025,0.013,0.,0.013,0.011,0.,0.011,0.011,0.,0.011,0.,0.,0.
120,0.026,0.,0.026,0.016,0.,0.016,0.009,0.,0.009,0.009,0.,0.009,0.,0.,0.
130,0.032,0.,0.032,0.02,0.,0.02,0.01,0.,0.01,0.01,0.,0.01,0.,0.,0.
140,0.038,0.,0.038,0.025,0.,0.025,0.012,0.,0.012,0.012,0.,0.012,0.,0.,0.
150,0.047,0.,0.046,0.031,0.,0.031,0.015,0.,0.015,0.015,0.,0.015,0.001,0.,0.001
160,0.051,0.,0.051,0.037,0.,0.037,0.014,0.,0.014,0.014,0.,0.014,0.001,0.,0.001
170,0.059,0.,0.059,0.042,0.,0.042,0.016,0.,0.016,0.016,0.,0.016,0.001,0.,0.001
180,0.068,0.,0.068,0.051,0.,0.051,0.016,0.,0.016,0.016,0.,0.016,0.001,0.,0.001
190,0.076,0.,0.076,0.057,0.,0.057,0.018,0.,0.018,0.018,0.,0.018,0.001,0.,0.001
200,0.125,0.004,0.121,0.066,0.,0.066,0.059,0.004,0.054,0.059,0.004,0.054,0.001,0.,0.001
210,0.099,0.,0.099,0.078,0.,0.078,0.021,0.,0.021,0.021,0.,0.021,0.001,0.,0.001
220,0.109,0.,0.109,0.086,0.,0.086,0.022,0.,0.022,0.022,0.,0.022,0.001,0.,0.001
230,0.123,0.,0.123,0.098,0.,0.098,0.024,0.,0.024,0.024,0.,0.024,0.001,0.,0.001
240,0.138,0.,0.138,0.11,0.,0.11,0.027,0.,0.027,0.027,0.,0.027,0.001,0.,0.001
250,0.155,0.,0.155,0.123,0.,0.123,0.032,0.,0.032,0.032,0.,0.032,0.001,0.,0.001
260,0.172,0.,0.172,0.138,0.,0.138,0.034,0.,0.034,0.034,0.,0.034,0.001,0.,0.001
270,0.196,0.,0.196,0.153,0.,0.153,0.041,0.,0.041,0.041,0.,0.041,0.001,0.,0.001
280,0.208,0.,0.208,0.17,0.,0.17,0.038,0.,0.038,0.038,0.,0.038,0.001,0.,0.001
290,0.232,0.,0.232,0.188,0.,0.188,0.043,0.,0.043,0.043,0.,0.043,0.002,0.,0.002
300,0.258,0.,0.258,0.207,0.,0.207,0.05,0.,0.05,0.05,0.,0.05,0.002,0.,0.002
310,0.274,0.,0.274,0.227,0.,0.227,0.045,0.,0.045,0.045,0.,0.045,0.002,0.,0.002
320,0.304,0.,0.304,0.25,0.,0.25,0.053,0.,0.053,0.053,0.,0.053,0.002,0.,0.002
330,0.317,0.,0.317,0.273,0.,0.273,0.043,0.,0.043,0.043,0.,0.043,0.002,0.,0.002
340,0.346,0.,0.346,0.295,0.,0.295,0.05,0.,0.05,0.05,0.,0.05,0.007,0.,0.007
350,0.375,0.,0.375,0.321,0.,0.321,0.053,0.,0.053,0.053,0.,0.053,0.002,0.,0.002
360,0.355,0.,0.355,0.293,0.,0.293,0.061,0.,0.061,0.061,0.,0.061,0.002,0.,0.002
370,0.372,0.,0.372,0.319,0.,0.319,0.052,0.,0.052,0.052,0.,0.052,0.002,0.,0.002
380,0.411,0.,0.411,0.352,0.,0.352,0.058,0.,0.058,0.058,0.,0.058,0.002,0.,0.002
390,0.433,0.,0.433,0.367,0.,0.367,0.064,0.,0.064,0.064,0.,0.064,0.002,0.,0.002
400,0.55,0.,0.55,0.478,0.,0.477,0.071,0.,0.071,0.071,0.,0.071,0.002,0.,0.002
500,1.024,0.,1.024,0.909,0.,0.909,0.114,0.,0.114,0.114,0.,0.114,0.003,0.,0.003
600,1.687,0.003,1.683,1.557,0.003,1.553,0.129,0.,0.129,0.129,0.,0.129,0.004,0.,0.004
700,2.626,0.,2.626,2.448,0.,2.448,0.177,0.,0.177,0.177,0.,0.177,0.005,0.,0.005
800,3.932,0.007,3.923,3.703,0.007,3.694,0.227,0.,0.227,0.227,0.,0.227,0.005,0.,0.005
900,5.388,0.007,5.38,5.119,0.,5.119,0.268,0.007,0.26,0.268,0.007,0.26,0.013,0.003,0.009
1000,7.347,0.,7.347,7.018,0.,7.017,0.328,0.,0.328,0.328,0.,0.328,0.011,0.,0.011