param-n,abstract-regression-cubic-real,abstract-regression-cubic-sys,abstract-regression-cubic-user,close-abstract-regression-cubic-real,close-abstract-regression-cubic-sys,close-abstract-regression-cubic-user,fast-rewrite-regression-cubic-real,fast-rewrite-regression-cubic-sys,fast-rewrite-regression-cubic-user,pose-build-and-refine-regression-cubic-real,pose-build-and-refine-regression-cubic-sys,pose-build-and-refine-regression-cubic-user,refine-regression-quadratic-regression-linear-real,refine-regression-quadratic-regression-linear-sys,refine-regression-quadratic-regression-linear-user
1,0.,0.,0.,0.,0.,0.,0.,0.,0.,0.,0.,0.,0.,0.,0.
2,0.,0.,0.,0.,0.,0.,0.,0.,0.,0.,0.,0.,0.,0.,0.
3,0.,0.,0.,0.,0.,0.,0.,0.,0.,0.,0.,0.,0.,0.,0.
4,0.,0.,0.,0.,0.,0.,0.,0.,0.,0.,0.,0.,0.,0.,0.
5,0.,0.,0.,0.,0.,0.,0.,0.,0.,0.,0.,0.,0.,0.,0.
6,0.,0.,0.,0.,0.,0.,0.,0.,0.,0.,0.,0.,0.,0.,0.
7,0.,0.,0.,0.,0.,0.,0.,0.,0.,0.,0.,0.,0.,0.,0.
8,0.001,0.,0.001,0.,0.,0.,0.,0.,0.,0.,0.,0.,0.,0.,0.
9,0.001,0.,0.001,0.,0.,0.,0.,0.,0.,0.,0.,0.,0.,0.,0.
10,0.001,0.,0.001,0.,0.,0.,0.001,0.,0.001,0.001,0.,0.001,0.,0.,0.
11,0.001,0.,0.,0.,0.,0.,0.001,0.,0.,0.001,0.,0.,0.,0.,0.
12,0.001,0.001,0.,0.,0.,0.,0.001,0.001,0.,0.,0.,0.,0.,0.,0.
13,0.001,0.001,0.,0.,0.,0.,0.001,0.,0.,0.001,0.,0.,0.,0.,0.
14,0.001,0.,0.001,0.,0.,0.,0.001,0.,0.001,0.001,0.,0.001,0.,0.,0.
15,0.002,0.,0.002,0.,0.,0.,0.001,0.,0.001,0.001,0.,0.001,0.,0.,0.
16,0.044,0.003,0.04,0.,0.,0.,0.043,0.003,0.04,0.043,0.003,0.04,0.,0.,0.
17,0.001,0.,0.001,0.,0.,0.,0.001,0.,0.,0.001,0.,0.,0.,0.,0.
18,0.001,0.,0.001,0.,0.,0.,0.001,0.,0.001,0.001,0.,0.001,0.,0.,0.
19,0.001,0.,0.001,0.,0.,0.,0.001,0.,0.001,0.001,0.,0.001,0.,0.,0.
20,0.001,0.,0.001,0.,0.,0.,0.001,0.,0.001,0.001,0.,0.001,0.,0.,0.
21,0.002,0.,0.002,0.,0.,0.,0.001,0.,0.001,0.001,0.,0.001,0.,0.,0.
22,0.002,0.,0.002,0.,0.,0.,0.001,0.,0.001,0.001,0.,0.001,0.,0.,0.
23,0.002,0.,0.002,0.,0.,0.,0.001,0.,0.001,0.001,0.,0.001,0.,0.,0.
24,0.002,0.,0.002,0.,0.,0.,0.001,0.,0.001,0.001,0.,0.001,0.,0.,0.
25,0.002,0.,0.002,0.,0.,0.,0.001,0.,0.001,0.001,0.,0.001,0.,0.,0.
26,0.002,0.,0.002,0.,0.,0.,0.001,0.,0.001,0.001,0.,0.001,0.,0.,0.
27,0.002,0.,0.002,0.,0.,0.,0.001,0.,0.001,0.001,0.,0.001,0.,0.,0.
28,0.002,0.,0.002,0.,0.,0.,0.001,0.,0.001,0.001,0.,0.001,0.,0.,0.
29,0.015,0.,0.015,0.,0.,0.,0.014,0.,0.014,0.014,0.,0.014,0.,0.,0.
30,0.003,0.,0.003,0.,0.,0.,0.002,0.,0.002,0.002,0.,0.002,0.,0.,0.
31,0.003,0.,0.003,0.,0.,0.,0.002,0.,0.002,0.002,0.,0.002,0.,0.,0.
32,0.003,0.,0.003,0.,0.,0.,0.002,0.,0.002,0.002,0.,0.002,0.,0.,0.
33,0.003,0.,0.003,0.,0.,0.,0.002,0.,0.002,0.002,0.,0.002,0.,0.,0.
34,0.003,0.,0.003,0.,0.,0.,0.002,0.,0.002,0.002,0.,0.002,0.,0.,0.
35,0.003,0.,0.003,0.001,0.,0.001,0.002,0.,0.002,0.002,0.,0.002,0.,0.,0.
36,0.003,0.,0.003,0.001,0.,0.001,0.002,0.,0.002,0.002,0.,0.002,0.,0.,0.
37,0.003,0.,0.003,0.001,0.,0.001,0.002,0.,0.002,0.002,0.,0.002,0.,0.,0.
38,0.004,0.,0.004,0.001,0.,0.001,0.003,0.,0.003,0.003,0.,0.003,0.,0.,0.
39,0.004,0.,0.004,0.001,0.,0.001,0.002,0.,0.002,0.002,0.,0.002,0.,0.,0.
40,0.004,0.,0.004,0.001,0.,0.001,0.002,0.,0.002,0.002,0.,0.002,0.,0.,0.
41,0.004,0.,0.004,0.001,0.,0.001,0.002,0.,0.002,0.002,0.,0.002,0.,0.,0.
42,0.004,0.,0.004,0.001,0.,0.001,0.002,0.,0.002,0.002,0.,0.002,0.,0.,0.
43,0.004,0.,0.004,0.001,0.,0.001,0.003,0.,0.003,0.003,0.,0.003,0.,0.,0.
44,0.004,0.,0.004,0.001,0.,0.001,0.003,0.,0.003,0.003,0.,0.003,0.,0.,0.
45,0.005,0.,0.005,0.001,0.,0.001,0.003,0.,0.003,0.003,0.,0.003,0.,0.,0.
46,0.005,0.,0.005,0.001,0.,0.001,0.003,0.,0.003,0.003,0.,0.003,0.,0.,0.
47,0.005,0.,0.005,0.001,0.,0.001,0.003,0.,0.003,0.003,0.,0.003,0.,0.,0.
48,0.005,0.,0.005,0.001,0.,0.001,0.003,0.,0.003,0.003,0.,0.003,0.,0.,0.
49,0.005,0.,0.005,0.001,0.,0.001,0.003,0.,0.003,0.003,0.,0.003,0.,0.,0.
50,0.007,0.002,0.005,0.002,0.,0.001,0.004,0.001,0.003,0.004,0.001,0.003,0.,0.,0.
51,0.006,0.,0.006,0.002,0.,0.002,0.004,0.,0.004,0.004,0.,0.004,0.,0.,0.
52,0.007,0.,0.007,0.002,0.,0.002,0.004,0.,0.004,0.004,0.,0.004,0.,0.,0.
53,0.006,0.,0.006,0.002,0.,0.002,0.003,0.,0.003,0.003,0.,0.003,0.,0.,0.
54,0.006,0.,0.006,0.002,0.,0.002,0.003,0.,0.003,0.003,0.,0.003,0.,0.,0.
55,0.006,0.,0.006,0.002,0.,0.002,0.004,0.,0.004,0.004,0.,0.004,0.,0.,0.
56,0.006,0.,0.006,0.002,0.,0.002,0.004,0.,0.004,0.004,0.,0.004,0.,0.,0.
57,0.012,0.,0.012,0.002,0.,0.002,0.008,0.,0.008,0.008,0.,0.008,0.005,0.,0.005
58,0.007,0.,0.007,0.002,0.,0.002,0.004,0.,0.004,0.004,0.,0.004,0.,0.,0.
59,0.007,0.,0.007,0.002,0.,0.002,0.004,0.,0.004,0.004,0.,0.004,0.,0.,0.
60,0.007,0.,0.007,0.002,0.,0.002,0.004,0.,0.004,0.004,0.,0.004,0.,0.,0.
61,0.007,0.,0.007,0.002,0.,0.002,0.004,0.,0.004,0.004,0.,0.004,0.,0.,0.
62,0.008,0.,0.008,0.003,0.,0.003,0.005,0.,0.005,0.005,0.,0.005,0.,0.,0.
63,0.008,0.,0.008,0.003,0.,0.003,0.004,0.,0.004,0.004,0.,0.004,0.,0.,0.
64,0.008,0.,0.008,0.003,0.,0.003,0.004,0.,0.004,0.004,0.,0.004,0.,0.,0.
65,0.008,0.,0.008,0.003,0.,0.003,0.004,0.,0.004,0.004,0.,0.004,0.,0.,0.
66,0.015,0.,0.015,0.01,0.,0.01,0.004,0.,0.004,0.004,0.,0.004,0.,0.,0.
67,0.009,0.,0.009,0.003,0.,0.003,0.005,0.,0.005,0.005,0.,0.005,0.,0.,0.
68,0.009,0.,0.009,0.003,0.,0.003,0.005,0.,0.005,0.005,0.,0.005,0.,0.,0.
69,0.009,0.,0.009,0.003,0.,0.003,0.005,0.,0.005,0.005,0.,0.005,0.,0.,0.
70,0.009,0.,0.009,0.003,0.,0.003,0.005,0.,0.005,0.005,0.,0.005,0.,0.,0.
71,0.009,0.,0.009,0.003,0.,0.003,0.005,0.,0.005,0.005,0.,0.005,0.,0.,0.
72,0.01,0.,0.01,0.004,0.,0.004,0.005,0.,0.005,0.005,0.,0.005,0.,0.,0.
73,0.01,0.,0.01,0.004,0.,0.004,0.005,0.,0.005,0.005,0.,0.005,0.,0.,0.
74,0.011,0.,0.011,0.004,0.,0.004,0.006,0.,0.006,0.006,0.,0.006,0.001,0.,0.001
75,0.01,0.,0.01,0.004,0.,0.004,0.005,0.,0.005,0.005,0.,0.005,0.,0.,0.
76,0.011,0.,0.011,0.004,0.,0.004,0.005,0.,0.005,0.005,0.,0.005,0.,0.,0.
77,0.011,0.,0.011,0.004,0.,0.004,0.006,0.,0.006,0.006,0.,0.006,0.,0.,0.
78,0.071,0.,0.071,0.005,0.,0.005,0.065,0.,0.065,0.065,0.,0.065,0.,0.,0.
79,0.012,0.,0.012,0.005,0.,0.005,0.006,0.,0.006,0.006,0.,0.006,0.,0.,0.
80,0.012,0.,0.012,0.005,0.,0.005,0.006,0.,0.006,0.006,0.,0.006,0.,0.,0.
81,0.013,0.,0.013,0.005,0.,0.005,0.007,0.,0.007,0.007,0.,0.007,0.001,0.,0.001
82,0.012,0.,0.012,0.005,0.,0.005,0.006,0.,0.006,0.006,0.,0.006,0.,0.,0.
83,0.012,0.,0.012,0.005,0.,0.005,0.006,0.,0.006,0.006,0.,0.006,0.,0.,0.
84,0.043,0.,0.043,0.036,0.,0.036,0.006,0.,0.006,0.006,0.,0.006,0.,0.,0.
85,0.013,0.,0.013,0.006,0.,0.006,0.006,0.,0.006,0.006,0.,0.006,0.,0.,0.
86,0.013,0.,0.013,0.006,0.,0.006,0.006,0.,0.006,0.006,0.,0.006,0.,0.,0.
87,0.014,0.,0.014,0.006,0.,0.006,0.007,0.,0.007,0.007,0.,0.007,0.,0.,0.
88,0.014,0.,0.014,0.006,0.,0.006,0.007,0.,0.007,0.007,0.,0.007,0.,0.,0.
89,0.014,0.,0.014,0.006,0.,0.006,0.007,0.,0.007,0.007,0.,0.007,0.,0.,0.
90,0.029,0.,0.029,0.021,0.,0.021,0.007,0.,0.007,0.007,0.,0.007,0.,0.,0.
91,0.015,0.,0.015,0.007,0.,0.007,0.007,0.,0.007,0.007,0.,0.007,0.,0.,0.
92,0.015,0.,0.015,0.007,0.,0.007,0.007,0.,0.007,0.007,0.,0.007,0.,0.,0.
93,0.016,0.,0.016,0.008,0.,0.008,0.007,0.,0.007,0.007,0.,0.007,0.,0.,0.
94,0.016,0.,0.016,0.007,0.,0.007,0.007,0.,0.007,0.007,0.,0.007,0.,0.,0.
95,0.016,0.,0.016,0.007,0.,0.007,0.007,0.,0.007,0.007,0.,0.007,0.,0.,0.
96,0.016,0.,0.016,0.008,0.,0.008,0.008,0.,0.008,0.008,0.,0.008,0.,0.,0.
97,0.017,0.,0.017,0.008,0.,0.008,0.008,0.,0.008,0.008,0.,0.008,0.,0.,0.
98,0.017,0.,0.017,0.008,0.,0.008,0.008,0.,0.008,0.008,0.,0.008,0.,0.,0.
99,0.018,0.,0.018,0.008,0.,0.008,0.008,0.,0.008,0.008,0.,0.008,0.,0.,0.
100,0.021,0.007,0.013,0.009,0.003,0.006,0.01,0.003,0.007,0.01,0.003,0.007,0.,0.,0.
110,0.021,0.,0.021,0.01,0.,0.01,0.009,0.,0.009,0.009,0.,0.009,0.,0.,0.
120,0.03,0.,0.03,0.014,0.,0.014,0.016,0.,0.016,0.016,0.,0.016,0.001,0.,0.001
130,0.029,0.,0.029,0.017,0.,0.017,0.012,0.,0.012,0.012,0.,0.012,0.,0.,0.
140,0.036,0.,0.036,0.02,0.,0.02,0.014,0.,0.014,0.014,0.,0.014,0.001,0.,0.001
150,0.081,0.012,0.069,0.023,0.,0.023,0.057,0.012,0.045,0.057,0.012,0.045,0.001,0.,0.001
160,0.053,0.,0.053,0.036,0.,0.036,0.016,0.,0.016,0.016,0.,0.016,0.001,0.,0.001
170,0.052,0.,0.052,0.034,0.,0.034,0.018,0.,0.018,0.018,0.,0.018,0.001,0.,0.001
180,0.06,0.,0.06,0.04,0.,0.04,0.019,0.,0.019,0.019,0.,0.019,0.001,0.,0.001
190,0.07,0.,0.07,0.046,0.,0.046,0.023,0.,0.023,0.023,0.,0.023,0.001,0.,0.001
200,0.089,0.,0.089,0.052,0.,0.052,0.036,0.,0.036,0.036,0.,0.036,0.014,0.,0.014
210,0.14,0.,0.14,0.056,0.,0.056,0.083,0.,0.083,0.083,0.,0.083,0.001,0.,0.001
220,0.098,0.,0.098,0.068,0.,0.068,0.029,0.,0.029,0.028,0.,0.028,0.001,0.,0.001
230,0.139,0.,0.139,0.077,0.,0.077,0.06,0.,0.06,0.06,0.,0.06,0.001,0.,0.001
240,0.134,0.,0.134,0.103,0.,0.103,0.031,0.,0.031,0.031,0.,0.031,0.001,0.,0.001
250,0.129,0.,0.129,0.09,0.,0.09,0.038,0.,0.038,0.038,0.,0.038,0.001,0.,0.001
260,0.141,0.,0.141,0.1,0.,0.1,0.04,0.,0.04,0.04,0.,0.04,0.001,0.,0.001
270,0.161,0.,0.161,0.123,0.,0.123,0.036,0.,0.036,0.036,0.,0.036,0.002,0.,0.002
280,0.165,0.,0.165,0.123,0.,0.123,0.041,0.,0.041,0.041,0.,0.041,0.002,0.,0.002
290,0.188,0.,0.188,0.146,0.,0.146,0.041,0.,0.041,0.041,0.,0.041,0.002,0.,0.002
300,0.196,0.,0.196,0.151,0.,0.151,0.044,0.,0.044,0.044,0.,0.044,0.002,0.,0.002
310,0.225,0.,0.225,0.176,0.,0.176,0.048,0.,0.048,0.048,0.,0.048,0.002,0.,0.002
320,0.246,0.,0.246,0.192,0.,0.192,0.053,0.,0.053,0.053,0.,0.053,0.002,0.,0.002
330,0.266,0.,0.266,0.209,0.,0.209,0.056,0.,0.056,0.056,0.,0.056,0.002,0.,0.002
340,0.285,0.,0.285,0.227,0.,0.227,0.057,0.,0.057,0.057,0.,0.057,0.002,0.,0.002
350,0.293,0.,0.293,0.23,0.,0.23,0.062,0.,0.062,0.062,0.,0.062,0.002,0.,0.002
360,0.336,0.003,0.332,0.274,0.003,0.27,0.06,0.,0.06,0.06,0.,0.06,0.003,0.,0.003
370,0.342,0.,0.342,0.275,0.,0.275,0.065,0.,0.065,0.065,0.,0.065,0.003,0.,0.003
380,0.384,0.003,0.38,0.308,0.,0.308,0.075,0.003,0.071,0.075,0.003,0.071,0.009,0.003,0.005
390,0.429,0.,0.429,0.358,0.,0.358,0.07,0.,0.07,0.07,0.,0.07,0.003,0.,0.003
400,0.421,0.,0.421,0.341,0.,0.341,0.079,0.,0.079,0.079,0.,0.079,0.003,0.,0.003
500,0.828,0.,0.828,0.711,0.,0.711,0.115,0.,0.115,0.115,0.,0.115,0.003,0.,0.003
600,1.326,0.,1.325,1.16,0.,1.16,0.164,0.,0.164,0.164,0.,0.164,0.004,0.,0.004
700,1.871,0.003,1.867,1.655,0.003,1.651,0.214,0.,0.214,0.214,0.,0.214,0.005,0.,0.005
800,2.718,0.003,2.713,2.443,0.003,2.439,0.273,0.,0.273,0.273,0.,0.273,0.006,0.,0.006
900,4.149,0.004,4.144,3.808,0.004,3.804,0.339,0.,0.339,0.339,0.,0.339,0.007,0.,0.007
1000,5.472,0.008,5.464,5.039,0.008,5.031,0.431,0.,0.431,0.431,0.,0.431,0.007,0.,0.007