param-n,abstract-regression-cubic-real,abstract-regression-cubic-sys,abstract-regression-cubic-user,close-abstract-regression-cubic-real,close-abstract-regression-cubic-sys,close-abstract-regression-cubic-user,fast-rewrite-regression-cubic-real,fast-rewrite-regression-cubic-sys,fast-rewrite-regression-cubic-user,pose-build-and-refine-regression-cubic-real,pose-build-and-refine-regression-cubic-sys,pose-build-and-refine-regression-cubic-user,refine-regression-quadratic-regression-linear-real,refine-regression-quadratic-regression-linear-sys,refine-regression-quadratic-regression-linear-user
1,0.,0.,0.,0.,0.,0.,0.,0.,0.,0.,0.,0.,0.,0.,0.
2,0.,0.,0.,0.,0.,0.,0.,0.,0.,0.,0.,0.,0.,0.,0.
3,0.,0.,0.,0.,0.,0.,0.,0.,0.,0.,0.,0.,0.,0.,0.
4,0.,0.,0.,0.,0.,0.,0.,0.,0.,0.,0.,0.,0.,0.,0.
5,0.001,0.001,0.,0.,0.,0.,0.,0.,0.,0.,0.,0.,0.,0.,0.
6,0.,0.,0.,0.,0.,0.,0.,0.,0.,0.,0.,0.,0.,0.,0.
7,0.001,0.,0.,0.,0.,0.,0.,0.,0.,0.,0.,0.,0.,0.,0.
8,0.001,0.,0.001,0.,0.,0.,0.,0.,0.,0.,0.,0.,0.,0.,0.
9,0.001,0.,0.001,0.,0.,0.,0.,0.,0.,0.,0.,0.,0.,0.,0.
10,0.001,0.001,0.,0.,0.,0.,0.001,0.001,0.,0.001,0.001,0.,0.,0.,0.
11,0.001,0.001,0.,0.,0.,0.,0.001,0.001,0.,0.001,0.001,0.,0.,0.,0.
12,0.001,0.,0.001,0.,0.,0.,0.001,0.,0.001,0.001,0.,0.001,0.,0.,0.
13,0.001,0.,0.001,0.,0.,0.,0.001,0.,0.001,0.001,0.,0.001,0.,0.,0.
14,0.002,0.,0.002,0.,0.,0.,0.001,0.,0.001,0.001,0.,0.001,0.,0.,0.
15,0.001,0.,0.001,0.,0.,0.,0.001,0.,0.001,0.001,0.,0.001,0.,0.,0.
16,0.002,0.,0.002,0.,0.,0.,0.001,0.,0.001,0.001,0.,0.001,0.,0.,0.
17,0.002,0.002,0.,0.,0.,0.,0.001,0.001,0.,0.001,0.001,0.,0.,0.,0.
18,0.002,0.,0.002,0.,0.,0.,0.001,0.,0.001,0.001,0.,0.001,0.,0.,0.
19,0.002,0.,0.001,0.,0.,0.,0.001,0.,0.001,0.001,0.,0.001,0.,0.,0.
20,0.002,0.002,0.,0.,0.,0.,0.001,0.001,0.,0.001,0.001,0.,0.,0.,0.
21,0.038,0.,0.037,0.,0.,0.,0.037,0.,0.037,0.037,0.,0.037,0.,0.,0.
22,0.002,0.,0.001,0.,0.,0.,0.001,0.,0.001,0.001,0.,0.001,0.,0.,0.
23,0.002,0.,0.002,0.,0.,0.,0.001,0.,0.001,0.001,0.,0.001,0.,0.,0.
24,0.002,0.,0.002,0.,0.,0.,0.001,0.,0.001,0.001,0.,0.001,0.,0.,0.
25,0.002,0.,0.002,0.,0.,0.,0.001,0.,0.001,0.001,0.,0.001,0.,0.,0.
26,0.002,0.,0.002,0.,0.,0.,0.001,0.,0.001,0.001,0.,0.001,0.,0.,0.
27,0.002,0.,0.002,0.,0.,0.,0.001,0.,0.001,0.001,0.,0.001,0.,0.,0.
28,0.002,0.,0.002,0.,0.,0.,0.001,0.,0.001,0.001,0.,0.001,0.,0.,0.
29,0.002,0.,0.002,0.,0.,0.,0.002,0.,0.002,0.002,0.,0.002,0.,0.,0.
30,0.003,0.,0.003,0.,0.,0.,0.002,0.,0.002,0.002,0.,0.002,0.,0.,0.
31,0.003,0.,0.003,0.,0.,0.,0.002,0.,0.002,0.002,0.,0.002,0.,0.,0.
32,0.003,0.,0.003,0.,0.,0.,0.002,0.,0.002,0.002,0.,0.002,0.,0.,0.
33,0.003,0.,0.003,0.,0.,0.,0.002,0.,0.002,0.002,0.,0.002,0.,0.,0.
34,0.003,0.,0.003,0.,0.,0.,0.002,0.,0.002,0.002,0.,0.002,0.,0.,0.
35,0.003,0.,0.003,0.,0.,0.,0.002,0.,0.002,0.002,0.,0.002,0.,0.,0.
36,0.003,0.,0.003,0.,0.,0.,0.002,0.,0.002,0.002,0.,0.002,0.,0.,0.
37,0.003,0.,0.003,0.001,0.,0.001,0.002,0.,0.002,0.002,0.,0.002,0.,0.,0.
38,0.004,0.,0.004,0.001,0.,0.001,0.002,0.,0.002,0.002,0.,0.002,0.,0.,0.
39,0.004,0.,0.004,0.001,0.,0.001,0.002,0.,0.002,0.002,0.,0.002,0.,0.,0.
40,0.004,0.,0.004,0.001,0.,0.001,0.002,0.,0.002,0.002,0.,0.002,0.,0.,0.
41,0.006,0.,0.006,0.001,0.,0.001,0.004,0.,0.004,0.004,0.,0.004,0.,0.,0.
42,0.004,0.,0.004,0.001,0.,0.001,0.003,0.,0.003,0.003,0.,0.003,0.,0.,0.
43,0.004,0.,0.004,0.001,0.,0.001,0.003,0.,0.003,0.003,0.,0.003,0.,0.,0.
44,0.004,0.,0.004,0.001,0.,0.001,0.003,0.,0.003,0.003,0.,0.003,0.,0.,0.
45,0.004,0.,0.004,0.001,0.,0.001,0.003,0.,0.003,0.003,0.,0.003,0.,0.,0.
46,0.005,0.,0.005,0.001,0.,0.001,0.003,0.,0.003,0.003,0.,0.003,0.,0.,0.
47,0.005,0.,0.005,0.001,0.,0.001,0.003,0.,0.003,0.003,0.,0.003,0.,0.,0.
48,0.005,0.,0.005,0.001,0.,0.001,0.003,0.,0.003,0.003,0.,0.003,0.,0.,0.
49,0.005,0.,0.005,0.001,0.,0.001,0.003,0.,0.003,0.003,0.,0.003,0.,0.,0.
50,0.006,0.,0.006,0.002,0.,0.001,0.004,0.,0.004,0.004,0.,0.004,0.,0.,0.
51,0.005,0.,0.005,0.001,0.,0.001,0.003,0.,0.003,0.003,0.,0.003,0.,0.,0.
52,0.006,0.,0.006,0.001,0.,0.001,0.003,0.,0.003,0.003,0.,0.003,0.,0.,0.
53,0.006,0.,0.006,0.001,0.,0.001,0.003,0.,0.003,0.003,0.,0.003,0.,0.,0.
54,0.006,0.,0.006,0.002,0.,0.002,0.003,0.,0.003,0.003,0.,0.003,0.,0.,0.
55,0.008,0.,0.008,0.002,0.,0.002,0.005,0.,0.005,0.005,0.,0.005,0.,0.,0.
56,0.006,0.,0.006,0.002,0.,0.002,0.004,0.,0.004,0.004,0.,0.004,0.,0.,0.
57,0.007,0.,0.007,0.002,0.,0.002,0.004,0.,0.004,0.004,0.,0.004,0.,0.,0.
58,0.007,0.,0.007,0.002,0.,0.002,0.004,0.,0.004,0.004,0.,0.004,0.,0.,0.
59,0.007,0.003,0.004,0.002,0.002,0.,0.004,0.,0.003,0.004,0.,0.003,0.,0.,0.
60,0.011,0.,0.011,0.006,0.,0.006,0.004,0.,0.004,0.004,0.,0.004,0.,0.,0.
61,0.007,0.,0.007,0.002,0.,0.002,0.004,0.,0.004,0.004,0.,0.004,0.,0.,0.
62,0.007,0.,0.007,0.002,0.,0.002,0.004,0.,0.004,0.004,0.,0.004,0.,0.,0.
63,0.007,0.,0.007,0.002,0.,0.002,0.004,0.,0.004,0.004,0.,0.004,0.,0.,0.
64,0.008,0.,0.008,0.002,0.,0.002,0.004,0.,0.004,0.004,0.,0.004,0.,0.,0.
65,0.009,0.,0.009,0.003,0.,0.003,0.005,0.,0.005,0.005,0.,0.005,0.,0.,0.
66,0.008,0.,0.008,0.003,0.,0.003,0.005,0.,0.005,0.005,0.,0.005,0.,0.,0.
67,0.008,0.,0.008,0.003,0.,0.003,0.005,0.,0.005,0.005,0.,0.005,0.,0.,0.
68,0.009,0.,0.009,0.003,0.,0.003,0.005,0.,0.005,0.005,0.,0.005,0.,0.,0.
69,0.009,0.,0.009,0.003,0.,0.003,0.005,0.,0.005,0.005,0.,0.005,0.,0.,0.
70,0.016,0.,0.016,0.003,0.,0.003,0.012,0.,0.012,0.012,0.,0.012,0.,0.,0.
71,0.009,0.,0.01,0.003,0.,0.003,0.005,0.,0.005,0.005,0.,0.005,0.,0.,0.
72,0.01,0.003,0.006,0.003,0.,0.003,0.005,0.003,0.002,0.005,0.003,0.002,0.,0.,0.
73,0.01,0.,0.009,0.003,0.,0.003,0.005,0.,0.005,0.005,0.,0.005,0.,0.,0.
74,0.01,0.,0.01,0.004,0.,0.004,0.006,0.,0.006,0.006,0.,0.006,0.,0.,0.
75,0.01,0.,0.01,0.004,0.,0.004,0.006,0.,0.006,0.006,0.,0.006,0.,0.,0.
76,0.011,0.,0.011,0.004,0.,0.004,0.006,0.,0.006,0.006,0.,0.006,0.,0.,0.
77,0.011,0.,0.011,0.004,0.,0.004,0.006,0.,0.006,0.006,0.,0.006,0.,0.,0.
78,0.013,0.,0.012,0.004,0.,0.004,0.008,0.,0.008,0.007,0.,0.007,0.,0.,0.
79,0.011,0.,0.011,0.004,0.,0.004,0.006,0.,0.006,0.006,0.,0.006,0.,0.,0.
80,0.011,0.,0.011,0.004,0.,0.004,0.006,0.,0.006,0.006,0.,0.006,0.,0.,0.
81,0.012,0.,0.012,0.004,0.,0.004,0.006,0.,0.006,0.006,0.,0.006,0.,0.,0.
82,0.07,0.,0.07,0.005,0.,0.005,0.065,0.,0.065,0.065,0.,0.065,0.,0.,0.
83,0.012,0.,0.012,0.005,0.,0.005,0.006,0.,0.006,0.006,0.,0.006,0.,0.,0.
84,0.012,0.,0.012,0.005,0.,0.005,0.006,0.,0.006,0.006,0.,0.006,0.,0.,0.
85,0.013,0.,0.013,0.006,0.,0.006,0.007,0.,0.007,0.007,0.,0.007,0.,0.,0.
86,0.013,0.,0.013,0.005,0.,0.005,0.007,0.,0.007,0.007,0.,0.007,0.,0.,0.
87,0.013,0.,0.013,0.005,0.,0.005,0.007,0.,0.007,0.007,0.,0.007,0.,0.,0.
88,0.013,0.,0.013,0.005,0.,0.005,0.007,0.,0.007,0.007,0.,0.007,0.,0.,0.
89,0.044,0.,0.044,0.006,0.,0.006,0.037,0.,0.037,0.037,0.,0.037,0.,0.,0.
90,0.014,0.,0.014,0.006,0.,0.006,0.007,0.,0.007,0.007,0.,0.007,0.,0.,0.
91,0.014,0.,0.014,0.006,0.,0.006,0.007,0.,0.007,0.007,0.,0.007,0.,0.,0.
92,0.015,0.,0.015,0.006,0.,0.006,0.008,0.,0.008,0.008,0.,0.008,0.,0.,0.
93,0.015,0.,0.015,0.006,0.,0.006,0.007,0.,0.007,0.007,0.,0.007,0.,0.,0.
94,0.015,0.,0.015,0.007,0.,0.007,0.008,0.,0.008,0.008,0.,0.008,0.,0.,0.
95,0.028,0.,0.028,0.007,0.,0.007,0.02,0.,0.02,0.02,0.,0.02,0.,0.,0.
96,0.016,0.,0.016,0.007,0.,0.007,0.008,0.,0.008,0.008,0.,0.008,0.,0.,0.
97,0.016,0.,0.016,0.007,0.,0.007,0.008,0.,0.008,0.008,0.,0.008,0.,0.,0.
98,0.019,0.,0.019,0.007,0.,0.007,0.011,0.,0.011,0.011,0.,0.011,0.,0.,0.
99,0.017,0.,0.017,0.007,0.,0.007,0.008,0.,0.008,0.008,0.,0.008,0.,0.,0.
100,0.02,0.002,0.017,0.008,0.,0.008,0.011,0.002,0.008,0.011,0.002,0.008,0.,0.,0.
110,0.02,0.,0.02,0.01,0.,0.01,0.01,0.,0.01,0.01,0.,0.01,0.,0.,0.
120,0.024,0.,0.024,0.012,0.,0.012,0.011,0.,0.011,0.011,0.,0.011,0.,0.,0.
130,0.028,0.,0.028,0.015,0.,0.015,0.012,0.,0.012,0.012,0.,0.012,0.,0.,0.
140,0.035,0.,0.035,0.018,0.,0.018,0.016,0.,0.016,0.016,0.,0.016,0.001,0.,0.001
150,0.073,0.007,0.065,0.053,0.,0.053,0.019,0.007,0.011,0.019,0.007,0.011,0.001,0.,0.001
160,0.044,0.,0.044,0.026,0.,0.026,0.017,0.,0.017,0.017,0.,0.017,0.001,0.,0.001
170,0.049,0.,0.049,0.03,0.,0.03,0.018,0.,0.018,0.018,0.,0.018,0.001,0.,0.001
180,0.06,0.,0.06,0.035,0.,0.035,0.024,0.,0.024,0.024,0.,0.024,0.001,0.,0.001
190,0.072,0.,0.072,0.049,0.,0.049,0.022,0.,0.022,0.022,0.,0.022,0.001,0.,0.001
200,0.071,0.002,0.069,0.046,0.,0.046,0.025,0.002,0.022,0.025,0.002,0.022,0.001,0.,0.001
210,0.08,0.,0.08,0.053,0.,0.053,0.026,0.,0.026,0.026,0.,0.026,0.001,0.,0.001
220,0.089,0.,0.089,0.06,0.,0.06,0.028,0.,0.028,0.028,0.,0.028,0.001,0.,0.001
230,0.157,0.,0.157,0.127,0.,0.127,0.029,0.,0.029,0.029,0.,0.029,0.001,0.,0.001
240,0.109,0.,0.109,0.077,0.,0.077,0.031,0.,0.031,0.031,0.,0.031,0.001,0.,0.001
250,0.125,0.,0.125,0.09,0.,0.09,0.034,0.,0.034,0.034,0.,0.034,0.002,0.,0.001
260,0.162,0.,0.162,0.126,0.,0.126,0.035,0.,0.035,0.035,0.,0.035,0.002,0.,0.002
270,0.148,0.,0.148,0.105,0.,0.105,0.043,0.,0.043,0.043,0.,0.043,0.001,0.,0.001
280,0.174,0.003,0.17,0.117,0.003,0.114,0.055,0.,0.055,0.055,0.,0.055,0.002,0.,0.002
290,0.175,0.,0.175,0.129,0.,0.129,0.044,0.,0.044,0.044,0.,0.044,0.002,0.,0.002
300,0.177,0.,0.177,0.13,0.,0.13,0.046,0.,0.046,0.046,0.,0.046,0.002,0.,0.002
310,0.211,0.,0.211,0.155,0.,0.155,0.054,0.,0.054,0.054,0.,0.054,0.002,0.,0.002
320,0.225,0.,0.225,0.172,0.,0.172,0.051,0.,0.051,0.051,0.,0.051,0.002,0.,0.002
330,0.248,0.,0.248,0.193,0.,0.193,0.054,0.,0.054,0.054,0.,0.054,0.002,0.,0.002
340,0.263,0.,0.263,0.202,0.,0.202,0.06,0.,0.06,0.06,0.,0.06,0.003,0.,0.003
350,0.288,0.,0.288,0.224,0.,0.224,0.063,0.,0.063,0.063,0.,0.063,0.002,0.,0.002
360,0.301,0.,0.301,0.238,0.,0.238,0.062,0.,0.062,0.062,0.,0.062,0.002,0.,0.002
370,0.326,0.,0.326,0.258,0.,0.258,0.066,0.,0.066,0.066,0.,0.066,0.003,0.,0.003
380,0.349,0.,0.349,0.278,0.,0.278,0.069,0.,0.069,0.069,0.,0.069,0.003,0.,0.003
390,0.377,0.,0.377,0.304,0.,0.304,0.072,0.,0.072,0.072,0.,0.072,0.003,0.,0.003
400,0.413,0.,0.413,0.332,0.,0.332,0.081,0.,0.081,0.081,0.,0.081,0.003,0.,0.003
500,0.678,0.,0.678,0.552,0.,0.552,0.125,0.,0.125,0.125,0.,0.125,0.014,0.,0.014
600,1.176,0.,1.176,1.007,0.,1.007,0.168,0.,0.168,0.168,0.,0.168,0.005,0.,0.005
700,1.865,0.,1.864,1.631,0.,1.631,0.232,0.,0.232,0.232,0.,0.232,0.005,0.,0.005
800,2.621,0.003,2.616,2.294,0.003,2.289,0.326,0.,0.326,0.326,0.,0.326,0.006,0.,0.006
900,3.719,0.,3.719,3.363,0.,3.363,0.355,0.,0.355,0.355,0.,0.354,0.007,0.,0.007
1000,5.129,0.,5.128,4.644,0.,4.644,0.483,0.,0.483,0.483,0.,0.483,0.011,0.,0.011