param-0-nm,param-1-n,param-2-m,param-3-input-size,param-4-output-size,param-5-num-rewrites,autorewrite-regression-cubic-real,autorewrite-regression-cubic-sys,autorewrite-regression-cubic-user,rewrite!-regression-cubic-real,rewrite!-regression-cubic-sys,rewrite!-regression-cubic-user,rewrite-strat(bottomup)-regression-cubic-real,rewrite-strat(bottomup)-regression-cubic-sys,rewrite-strat(bottomup)-regression-cubic-user,rewrite-strat(topdown)-regression-cubic-real,rewrite-strat(topdown)-regression-cubic-sys,rewrite-strat(topdown)-regression-cubic-user,setoid-rewrite-regression-cubic-real,setoid-rewrite-regression-cubic-sys,setoid-rewrite-regression-cubic-user,ssr-rewrite!-regression-cubic-real,ssr-rewrite!-regression-cubic-sys,ssr-rewrite!-regression-cubic-user
1,0,1,5,3,1,0.,0.,0.,0.,0.,0.,0.001,0.,0.,0.001,0.,0.,0.001,0.,0.001,0.,0.,0.
2,0,2,7,3,2,0.,0.,0.,0.,0.,0.,0.,0.,0.,0.,0.,0.,0.,0.,0.,0.,0.,0.
3,0,3,9,3,3,0.,0.,0.,0.,0.,0.,0.001,0.,0.001,0.,0.,0.,0.001,0.,0.,0.,0.,0.
3,1,1,13,7,3,0.,0.,0.,0.,0.,0.,0.,0.,0.,0.,0.,0.,0.,0.,0.,0.,0.,0.
4,0,4,11,3,4,0.,0.,0.,0.,0.,0.,0.001,0.,0.001,0.,0.,0.,0.001,0.,0.001,0.,0.,0.
5,0,5,13,3,5,0.001,0.,0.001,0.,0.,0.,0.001,0.,0.001,0.,0.,0.,0.001,0.,0.001,0.,0.,0.
6,0,6,15,3,6,0.001,0.,0.001,0.,0.,0.,0.002,0.,0.002,0.,0.,0.,0.002,0.,0.002,0.,0.,0.
6,1,2,19,7,6,0.,0.,0.,0.,0.,0.,0.001,0.,0.001,0.,0.,0.,0.001,0.,0.001,0.,0.,0.
7,0,7,17,3,7,0.001,0.,0.001,0.001,0.,0.,0.003,0.,0.003,0.002,0.,0.002,0.003,0.,0.003,0.,0.,0.
7,2,1,29,15,7,0.,0.,0.,0.,0.,0.,0.001,0.,0.001,0.001,0.,0.001,0.001,0.,0.001,0.,0.,0.
8,0,8,19,3,8,,,,,,,0.002,0.,0.002,0.001,0.,0.001,,,,,,
9,0,9,21,3,9,,,,,,,0.003,0.003,0.,0.001,0.,0.001,,,,,,
9,1,3,25,7,9,0.001,0.,0.001,0.,0.,0.,0.002,0.,0.002,0.001,0.,0.001,0.002,0.,0.002,0.,0.,0.
10,0,10,23,3,10,0.001,0.,0.001,,,,0.003,0.,0.003,0.001,0.,0.001,0.003,0.,0.003,0.001,0.,0.001
11,0,11,25,3,11,,,,,,,0.003,0.,0.003,0.001,0.001,0.,,,,,,
12,0,12,27,3,12,,,,,,,0.004,0.004,0.,0.001,0.001,0.,,,,,,
12,1,4,31,7,12,,,,,,,0.003,0.,0.003,0.001,0.,0.001,0.002,0.,0.002,,,
13,0,13,29,3,13,0.002,0.,0.002,0.002,0.,0.002,0.004,0.,0.004,0.001,0.,0.001,0.004,0.,0.004,0.001,0.,0.001
14,0,14,31,3,14,,,,,,,0.005,0.,0.005,0.001,0.,0.001,,,,,,
14,2,2,43,15,14,0.001,0.,0.001,0.001,0.,0.001,0.003,0.,0.003,0.001,0.,0.001,0.003,0.,0.003,0.001,0.,0.001
15,0,15,33,3,15,,,,,,,0.042,0.003,0.038,0.002,0.,0.002,,,,,,
15,1,5,37,7,15,0.001,0.,0.001,0.001,0.,0.001,0.004,0.,0.004,0.001,0.,0.001,0.003,0.,0.003,0.001,0.,0.001
15,3,1,61,31,15,0.001,0.,0.001,0.001,0.,0.,0.006,0.,0.006,0.002,0.,0.002,0.005,0.,0.004,0.,0.,0.
16,0,16,35,3,16,0.002,0.,0.002,,,,0.004,0.,0.004,0.002,0.,0.002,0.006,0.,0.006,0.002,0.,0.002
17,0,17,37,3,17,,,,,,,0.005,0.,0.005,0.002,0.,0.002,,,,,,
18,0,18,39,3,18,,,,,,,0.005,0.,0.005,0.002,0.002,0.,,,,,,
18,1,6,43,7,18,,,,,,,0.005,0.,0.005,0.002,0.,0.002,0.004,0.,0.004,,,
19,0,19,41,3,19,0.003,0.,0.003,0.003,0.,0.003,0.006,0.,0.006,0.003,0.003,0.,0.007,0.,0.007,0.002,0.,0.002
20,0,20,43,3,20,,,,,,,0.006,0.,0.006,0.002,0.,0.002,,,,,,
21,0,21,45,3,21,,,,,,,0.021,0.,0.021,0.002,0.,0.001,,,,,,
21,1,7,49,7,21,0.002,0.,0.002,0.002,0.,0.002,0.007,0.,0.007,0.002,0.,0.002,0.005,0.,0.005,0.002,0.,0.002
21,2,3,57,15,21,0.001,0.,0.001,0.001,0.,0.001,0.007,0.,0.007,0.002,0.,0.002,0.004,0.,0.004,0.001,0.,0.001
22,0,22,47,3,22,0.004,0.,0.004,,,,0.007,0.,0.007,0.002,0.002,0.,0.048,0.014,0.034,0.003,0.,0.003
23,0,23,49,3,23,,,,,,,0.008,0.,0.008,0.002,0.,0.002,,,,,,
24,0,24,51,3,24,,,,,,,0.008,0.,0.008,0.003,0.,0.003,,,,,,
24,1,8,55,7,24,,,,,,,0.009,0.,0.009,0.003,0.,0.003,0.006,0.,0.006,,,
25,0,25,53,3,25,0.005,0.002,0.002,0.004,0.003,0.001,0.01,0.,0.01,0.003,0.,0.003,0.008,0.,0.008,0.003,0.,0.003
26,0,26,55,3,26,,,,,,,0.01,0.,0.01,0.003,0.,0.003,,,,,,
27,0,27,57,3,27,,,,,,,0.01,0.,0.01,0.003,0.,0.003,,,,,,
27,1,9,61,7,27,0.003,0.,0.003,0.003,0.,0.003,0.01,0.,0.01,0.003,0.,0.003,0.008,0.,0.008,0.002,0.,0.002
28,0,28,59,3,28,0.005,0.,0.005,,,,0.01,0.,0.01,0.018,0.,0.018,0.009,0.,0.009,0.004,0.,0.004
28,2,4,71,15,28,0.002,0.,0.002,0.002,0.,0.002,0.01,0.,0.01,0.003,0.,0.003,0.007,0.,0.007,0.002,0.,0.002
29,0,29,61,3,29,,,,,,,0.011,0.,0.011,0.003,0.,0.003,,,,,,
30,0,30,63,3,30,,,,,,,0.012,0.,0.012,0.004,0.,0.004,,,,,,
30,1,10,67,7,30,,,,,,,0.012,0.,0.012,0.004,0.,0.004,0.008,0.,0.008,,,
30,3,2,91,31,30,0.002,0.,0.002,0.002,0.,0.002,0.014,0.003,0.011,0.004,0.,0.004,0.009,0.002,0.007,0.002,0.,0.002
31,0,31,65,3,31,0.044,0.006,0.038,0.006,0.,0.006,0.013,0.,0.013,0.004,0.,0.004,0.011,0.,0.01,0.005,0.003,0.002
31,4,1,125,63,31,0.002,0.,0.002,0.007,0.,0.007,0.01,0.,0.01,0.005,0.,0.004,0.007,0.,0.007,0.001,0.,0.001
32,0,32,67,3,32,,,,,,,0.013,0.,0.013,0.004,0.,0.004,,,,,,
33,0,33,69,3,33,,,,,,,0.014,0.,0.014,0.005,0.,0.005,,,,,,
33,1,11,73,7,33,0.004,0.,0.004,0.004,0.,0.004,0.02,0.003,0.016,0.005,0.,0.005,0.01,0.,0.01,0.003,0.,0.003
34,0,34,71,3,34,0.006,0.,0.005,,,,0.019,0.,0.019,0.006,0.,0.006,0.027,0.,0.027,0.006,0.003,0.002
35,0,35,73,3,35,,,,,,,0.016,0.,0.016,0.005,0.,0.005,,,,,,
35,2,5,85,15,35,0.003,0.,0.003,0.003,0.,0.003,0.015,0.,0.015,0.008,0.,0.008,0.009,0.,0.009,0.003,0.,0.003
36,0,36,75,3,36,,,,,,,0.016,0.,0.016,0.005,0.002,0.003,,,,,,
36,1,12,79,7,36,,,,,,,0.016,0.,0.016,0.005,0.,0.005,0.011,0.,0.011,,,
37,0,37,77,3,37,0.006,0.,0.006,0.008,0.,0.008,0.018,0.,0.018,0.006,0.,0.006,0.014,0.,0.014,0.044,0.008,0.036
38,0,38,79,3,38,,,,,,,0.018,0.,0.018,0.006,0.,0.006,,,,,,
39,0,39,81,3,39,,,,,,,0.078,0.,0.078,0.006,0.,0.006,,,,,,
39,1,13,85,7,39,0.005,0.,0.005,0.005,0.,0.005,0.019,0.,0.019,0.006,0.,0.006,0.013,0.,0.013,0.004,0.,0.004
40,0,40,83,3,40,0.007,0.,0.007,,,,0.019,0.,0.019,0.006,0.,0.006,0.016,0.,0.016,0.006,0.,0.006
41,0,41,85,3,41,,,,,,,0.02,0.,0.02,0.007,0.,0.007,,,,,,
42,0,42,87,3,42,,,,,,,0.021,0.,0.021,0.007,0.,0.007,,,,,,
42,1,14,91,7,42,,,,,,,0.021,0.,0.021,0.006,0.,0.006,0.014,0.,0.014,,,
42,2,6,99,15,42,0.004,0.,0.004,0.004,0.,0.004,0.021,0.,0.021,0.006,0.,0.006,0.012,0.,0.012,0.003,0.,0.003
43,0,43,89,3,43,0.008,0.,0.008,0.049,0.,0.049,0.054,0.,0.054,0.008,0.002,0.005,0.017,0.,0.017,0.006,0.,0.006
44,0,44,91,3,44,,,,,,,0.024,0.,0.024,0.008,0.,0.008,,,,,,
45,0,45,93,3,45,,,,,,,0.024,0.,0.024,0.008,0.,0.008,,,,,,
45,1,15,97,7,45,0.006,0.,0.006,0.006,0.,0.006,0.023,0.,0.023,0.008,0.,0.008,0.016,0.,0.016,0.006,0.,0.006
45,3,3,121,31,45,0.003,0.,0.003,0.004,0.,0.004,0.066,0.,0.066,0.006,0.,0.006,0.016,0.004,0.012,0.003,0.,0.003
46,0,46,95,3,46,0.023,0.,0.023,,,,0.038,0.,0.038,0.013,0.,0.013,0.019,0.,0.019,0.007,0.,0.007
47,0,47,97,3,47,,,,,,,0.025,0.,0.025,0.009,0.,0.009,,,,,,
48,0,48,99,3,48,,,,,,,0.027,0.,0.027,0.009,0.,0.009,,,,,,
48,1,16,103,7,48,,,,,,,0.026,0.,0.026,0.008,0.,0.008,0.017,0.,0.017,,,
49,0,49,101,3,49,0.01,0.,0.01,0.01,0.,0.01,0.028,0.,0.028,0.01,0.003,0.006,0.021,0.,0.021,0.008,0.,0.008
49,2,7,113,15,49,0.005,0.,0.005,0.005,0.,0.005,0.027,0.,0.027,0.007,0.,0.007,0.015,0.,0.015,0.004,0.,0.004
50,0,50,103,3,50,,,,,,,0.029,0.,0.029,0.009,0.,0.009,,,,,,
51,0,51,105,3,51,,,,,,,0.029,0.,0.029,0.01,0.,0.01,,,,,,
51,1,17,109,7,51,0.007,0.,0.007,0.008,0.,0.008,0.029,0.,0.029,0.009,0.,0.009,0.019,0.,0.019,0.007,0.,0.007
52,0,52,107,3,52,0.011,0.,0.011,,,,0.035,0.,0.035,0.016,0.,0.016,0.023,0.,0.023,0.023,0.,0.023
53,0,53,109,3,53,,,,,,,0.034,0.,0.034,0.01,0.,0.01,,,,,,
54,0,54,111,3,54,,,,,,,0.039,0.,0.039,0.011,0.,0.011,,,,,,
54,1,18,115,7,54,,,,,,,0.032,0.,0.032,0.01,0.,0.01,0.02,0.,0.02,,,
55,0,55,113,3,55,0.013,0.003,0.009,0.012,0.,0.012,0.033,0.,0.033,0.011,0.,0.011,0.029,0.,0.029,0.01,0.,0.01
56,0,56,115,3,56,,,,,,,0.034,0.,0.034,0.012,0.,0.012,,,,,,
56,2,8,127,15,56,0.006,0.,0.006,0.006,0.,0.006,0.033,0.,0.033,0.009,0.,0.009,0.019,0.,0.019,0.006,0.,0.006
57,0,57,117,3,57,,,,,,,0.035,0.,0.035,0.013,0.,0.013,,,,,,
57,1,19,121,7,57,0.009,0.,0.009,0.009,0.,0.009,0.037,0.,0.037,0.011,0.,0.011,0.022,0.,0.022,0.008,0.,0.008
58,0,58,119,3,58,0.013,0.,0.013,,,,0.095,0.,0.095,0.012,0.,0.012,0.027,0.,0.027,0.011,0.,0.011
59,0,59,121,3,59,,,,,,,0.039,0.,0.039,0.072,0.,0.072,,,,,,
60,0,60,123,3,60,,,,,,,0.07,0.,0.07,0.013,0.,0.013,,,,,,
60,1,20,127,7,60,,,,,,,0.039,0.,0.039,0.012,0.,0.012,0.024,0.,0.024,,,
60,3,4,151,31,60,0.004,0.,0.004,0.006,0.002,0.003,0.05,0.,0.049,0.009,0.,0.009,0.054,0.,0.054,0.005,0.,0.005
61,0,61,125,3,61,0.015,0.,0.015,0.029,0.,0.029,0.042,0.,0.042,0.015,0.,0.015,0.035,0.,0.035,0.013,0.,0.013
62,0,62,127,3,62,,,,,,,0.055,0.,0.055,0.014,0.,0.014,,,,,,
62,4,2,187,63,62,0.004,0.,0.004,0.003,0.,0.003,0.034,0.002,0.031,0.01,0.,0.01,0.017,0.,0.017,0.003,0.,0.003
63,0,63,129,3,63,,,,,,,0.044,0.,0.044,0.045,0.,0.045,,,,,,
63,1,21,133,7,63,0.011,0.,0.011,0.011,0.,0.011,0.044,0.,0.044,0.013,0.,0.013,0.027,0.,0.026,0.01,0.,0.01
63,2,9,141,15,63,0.007,0.,0.007,0.008,0.,0.008,0.042,0.,0.042,0.015,0.,0.015,0.023,0.,0.023,0.007,0.,0.007
63,5,1,253,127,63,0.004,0.,0.004,0.002,0.,0.002,0.029,0.,0.029,0.011,0.,0.011,0.019,0.,0.019,0.003,0.,0.003
64,0,64,131,3,64,0.016,0.,0.016,,,,0.043,0.,0.043,0.015,0.,0.015,0.031,0.,0.031,0.013,0.,0.013
65,0,65,133,3,65,,,,,,,0.046,0.,0.046,0.016,0.,0.016,,,,,,
66,0,66,135,3,66,,,,,,,0.048,0.,0.048,0.017,0.,0.017,,,,,,
66,1,22,139,7,66,,,,,,,0.047,0.,0.047,0.014,0.,0.014,0.036,0.,0.036,,,
67,0,67,137,3,67,0.018,0.,0.018,0.017,0.,0.017,0.048,0.,0.048,0.03,0.,0.03,0.095,0.,0.095,0.014,0.,0.014
68,0,68,139,3,68,,,,,,,,,,0.019,0.,0.019,,,,,,
69,0,69,141,3,69,,,,,,,,,,0.017,0.,0.017,,,,,,
69,1,23,145,7,69,0.012,0.,0.012,0.013,0.,0.013,0.049,0.,0.049,0.015,0.,0.015,0.03,0.,0.03,0.026,0.,0.026
70,0,70,143,3,70,0.018,0.,0.018,,,,,,,0.017,0.,0.017,0.037,0.,0.037,0.015,0.,0.015
70,2,10,155,15,70,0.008,0.,0.008,0.008,0.,0.008,0.051,0.,0.051,0.013,0.,0.013,0.027,0.,0.027,0.009,0.,0.009
71,0,71,145,3,71,,,,,,,,,,0.018,0.,0.018,,,,,,
72,0,72,147,3,72,,,,,,,,,,0.019,0.,0.019,,,,,,
72,1,24,151,7,72,,,,,,,,,,0.016,0.,0.016,0.032,0.,0.032,,,
73,0,73,149,3,73,0.024,0.,0.024,0.021,0.,0.021,,,,0.023,0.,0.023,0.068,0.,0.068,0.019,0.,0.019
74,0,74,151,3,74,,,,,,,0.058,0.,0.058,0.019,0.,0.019,,,,,,
75,0,75,153,3,75,,,,,,,,,,0.02,0.,0.02,,,,,,
75,1,25,157,7,75,0.015,0.,0.015,0.014,0.,0.014,,,,0.018,0.,0.018,0.034,0.,0.034,0.013,0.,0.013
75,3,5,181,31,75,0.006,0.,0.006,0.008,0.004,0.004,0.052,0.,0.052,0.014,0.,0.014,0.037,0.,0.037,0.007,0.006,0.001
76,0,76,155,3,76,0.021,0.,0.021,,,,,,,0.026,0.,0.026,0.056,0.,0.056,0.018,0.,0.018
77,0,77,157,3,77,,,,,,,,,,0.021,0.,0.021,,,,,,
77,2,11,169,15,77,0.01,0.,0.01,0.01,0.,0.01,,,,0.016,0.,0.016,0.031,0.,0.031,0.009,0.,0.009
78,0,78,159,3,78,,,,,,,,,,0.021,0.,0.021,,,,,,
78,1,26,163,7,78,,,,,,,0.064,0.,0.064,0.018,0.,0.018,0.037,0.,0.037,,,
79,0,79,161,3,79,0.023,0.,0.023,0.023,0.,0.023,,,,0.023,0.,0.023,0.044,0.,0.044,0.023,0.,0.023
80,0,80,163,3,80,,,,,,,,,,0.081,0.,0.081,,,,,,
81,0,81,165,3,81,,,,,,,0.068,0.,0.068,0.024,0.,0.024,,,,,,
81,1,27,169,7,81,0.016,0.,0.016,0.018,0.003,0.014,,,,0.019,0.,0.019,0.039,0.,0.039,0.015,0.,0.015
82,0,82,167,3,82,0.031,0.,0.031,,,,,,,0.055,0.,0.055,0.048,0.,0.048,0.02,0.,0.02
83,0,83,169,3,83,,,,,,,,,,0.023,0.,0.023,,,,,,
84,0,84,171,3,84,,,,,,,,,,0.024,0.,0.024,,,,,,
84,1,28,175,7,84,,,,,,,,,,0.021,0.,0.021,0.041,0.,0.041,,,
84,2,12,183,15,84,0.012,0.,0.012,0.012,0.,0.012,0.067,0.,0.067,0.017,0.,0.017,0.035,0.,0.035,0.011,0.,0.011
85,0,85,173,3,85,0.026,0.,0.026,0.026,0.,0.026,,,,0.039,0.,0.039,0.055,0.002,0.053,0.023,0.,0.023
86,0,86,175,3,86,,,,,,,,,,0.026,0.,0.026,,,,,,
87,0,87,177,3,87,,,,,,,,,,0.025,0.,0.025,,,,,,
87,1,29,181,7,87,0.018,0.,0.018,0.019,0.,0.019,0.083,0.,0.083,0.022,0.,0.022,0.044,0.,0.044,0.018,0.,0.018
88,0,88,179,3,88,0.027,0.,0.027,,,,0.08,0.,0.08,0.028,0.,0.028,0.058,0.,0.058,0.03,0.,0.03
89,0,89,181,3,89,,,,,,,,,,0.027,0.,0.027,,,,,,
90,0,90,183,3,90,,,,,,,,,,0.03,0.,0.03,,,,,,
90,1,30,187,7,90,,,,,,,,,,0.026,0.,0.026,0.047,0.,0.047,,,
90,3,6,211,31,90,0.008,0.,0.008,0.048,0.011,0.037,0.072,0.,0.072,0.017,0.,0.017,0.032,0.,0.032,0.01,0.,0.009
91,0,91,185,3,91,0.029,0.,0.029,0.03,0.,0.03,,,,0.028,0.,0.028,0.056,0.,0.056,0.025,0.,0.025
91,2,13,197,15,91,0.013,0.,0.013,0.013,0.,0.013,,,,0.022,0.,0.022,0.04,0.,0.04,0.013,0.,0.013
92,0,92,187,3,92,,,,,,,,,,0.031,0.,0.031,,,,,,
93,0,93,189,3,93,,,,,,,,,,0.03,0.,0.03,,,,,,
93,1,31,193,7,93,0.021,0.,0.021,0.021,0.,0.021,,,,0.025,0.,0.025,0.05,0.,0.05,0.019,0.,0.019
93,4,3,249,63,93,0.006,0.,0.006,0.006,0.,0.006,0.077,0.,0.077,0.017,0.,0.017,0.03,0.,0.03,0.006,0.,0.006
94,0,94,191,3,94,0.089,0.,0.089,,,,,,,0.031,0.,0.031,0.121,0.,0.121,0.026,0.,0.026
95,0,95,193,3,95,,,,,,,0.091,0.003,0.088,0.03,0.,0.03,,,,,,
96,0,96,195,3,96,,,,,,,,,,0.032,0.,0.032,,,,,,
96,1,32,199,7,96,,,,,,,0.1,0.,0.1,0.027,0.,0.027,0.051,0.,0.051,,,
97,0,97,197,3,97,0.033,0.,0.033,0.037,0.,0.037,,,,0.031,0.,0.031,0.077,0.,0.077,0.029,0.,0.029
98,0,98,199,3,98,,,,,,,,,,0.034,0.,0.034,,,,,,
98,2,14,211,15,98,0.015,0.,0.015,0.015,0.,0.015,0.094,0.003,0.09,0.024,0.,0.024,0.044,0.,0.044,0.014,0.,0.014
99,0,99,201,3,99,,,,,,,,,,0.035,0.,0.035,,,,,,
99,1,33,205,7,99,0.023,0.,0.023,0.025,0.,0.025,,,,0.028,0.,0.028,0.054,0.,0.054,0.022,0.,0.022
100,0,100,203,3,100,0.064,0.,0.064,,,,,,,0.034,0.,0.034,0.065,0.,0.065,0.092,0.,0.092
101,0,101,205,3,101,,,,,,,,,,0.035,0.,0.035,,,,,,
102,0,102,207,3,102,,,,,,,,,,0.035,0.,0.035,,,,,,
102,1,34,211,7,102,,,,,,,0.126,0.003,0.122,0.029,0.,0.029,0.057,0.,0.057,,,
103,0,103,209,3,103,0.037,0.,0.037,0.043,0.,0.043,,,,0.036,0.003,0.032,0.068,0.,0.068,0.032,0.,0.032
104,0,104,211,3,104,,,,,,,,,,0.041,0.,0.041,,,,,,
105,0,105,213,3,105,,,,,,,,,,0.038,0.,0.038,,,,,,
105,1,35,217,7,105,0.026,0.,0.026,0.026,0.,0.026,,,,0.031,0.,0.031,0.06,0.,0.06,0.025,0.,0.025
105,2,15,225,15,105,0.016,0.,0.016,0.016,0.,0.016,,,,0.028,0.,0.028,0.049,0.,0.049,0.018,0.,0.018
105,3,7,241,31,105,0.011,0.,0.011,0.01,0.,0.01,0.101,0.,0.101,0.022,0.,0.022,0.042,0.,0.042,0.047,0.004,0.043
106,0,106,215,3,106,0.053,0.,0.053,,,,,,,0.038,0.,0.038,0.074,0.,0.074,0.062,0.,0.062
107,0,107,217,3,107,,,,,,,,,,0.043,0.,0.043,,,,,,
108,0,108,219,3,108,,,,,,,,,,0.039,0.,0.039,,,,,,
108,1,36,223,7,108,,,,,,,,,,0.034,0.,0.034,0.062,0.,0.062,,,
109,0,109,221,3,109,0.04,0.,0.04,0.041,0.,0.041,,,,0.04,0.,0.04,0.078,0.,0.078,0.036,0.,0.036
110,0,110,223,3,110,,,,,,,,,,0.045,0.,0.045,,,,,,
111,0,111,225,3,111,,,,,,,,,,0.041,0.,0.041,,,,,,
111,1,37,229,7,111,0.029,0.,0.029,0.029,0.,0.029,,,,0.034,0.,0.034,0.067,0.,0.067,0.027,0.,0.027
112,0,112,227,3,112,0.043,0.,0.043,,,,,,,0.042,0.,0.042,0.082,0.,0.082,0.05,0.,0.05
112,2,16,239,15,112,0.019,0.,0.019,0.019,0.,0.019,,,,0.031,0.,0.031,0.057,0.,0.057,0.018,0.,0.018
113,0,113,229,3,113,,,,,,,,,,0.043,0.,0.043,,,,,,
114,0,114,231,3,114,,,,,,,,,,0.045,0.,0.045,,,,,,
114,1,38,235,7,114,,,,,,,,,,0.037,0.,0.037,0.07,0.,0.07,,,
115,0,115,233,3,115,0.049,0.,0.049,0.046,0.,0.046,,,,0.045,0.,0.045,0.086,0.,0.085,0.039,0.,0.039
116,0,116,235,3,116,,,,,,,,,,0.054,0.,0.054,,,,,,
117,0,117,237,3,117,,,,,,,,,,0.05,0.,0.05,,,,,,
117,1,39,241,7,117,0.032,0.,0.032,0.032,0.,0.032,,,,0.038,0.,0.038,0.073,0.,0.073,0.029,0.,0.029
118,0,118,239,3,118,0.053,0.,0.053,,,,,,,0.046,0.,0.046,0.09,0.,0.09,0.04,0.,0.04
119,0,119,241,3,119,,,,,,,,,,0.05,0.,0.05,,,,,,
119,2,17,253,15,119,0.02,0.,0.02,0.02,0.,0.02,,,,0.036,0.,0.036,0.065,0.,0.065,0.021,0.,0.021
120,0,120,243,3,120,,,,,,,,,,0.05,0.,0.05,,,,,,
120,1,40,247,7,120,,,,,,,,,,0.041,0.,0.041,0.079,0.,0.079,,,
120,3,8,271,31,120,0.013,0.,0.013,0.013,0.,0.013,0.134,0.,0.134,0.027,0.,0.027,0.053,0.,0.053,0.012,0.,0.012
121,0,121,245,3,121,0.048,0.,0.048,0.113,0.,0.113,,,,0.057,0.003,0.053,0.093,0.,0.093,0.048,0.,0.048
122,0,122,247,3,122,,,,,,,,,,0.059,0.,0.059,,,,,,
123,0,123,249,3,123,,,,,,,,,,0.054,0.,0.054,,,,,,
123,1,41,253,7,123,0.035,0.,0.035,0.035,0.,0.035,,,,0.043,0.,0.043,0.079,0.,0.079,0.032,0.,0.032
124,0,124,251,3,124,0.111,0.,0.111,,,,,,,0.05,0.,0.05,0.102,0.,0.102,0.046,0.,0.046
124,4,4,311,63,124,0.01,0.,0.01,0.009,0.,0.009,0.14,0.,0.14,0.037,0.,0.037,0.046,0.,0.046,0.009,0.,0.009
125,0,125,253,3,125,,,,,,,,,,0.052,0.,0.052,,,,,,
126,0,126,255,3,126,,,,,,,,,,0.056,0.,0.056,,,,,,
126,1,42,259,7,126,,,,,,,,,,0.047,0.,0.047,0.082,0.,0.082,,,
126,2,18,267,15,126,0.023,0.,0.023,0.023,0.,0.023,,,,0.037,0.,0.037,0.069,0.,0.069,0.022,0.,0.022
126,5,2,379,127,126,0.007,0.,0.007,0.006,0.,0.006,,,,0.024,0.,0.024,0.043,0.,0.043,0.006,0.,0.006
127,0,127,257,3,127,0.085,0.,0.085,0.085,0.,0.085,,,,0.062,0.,0.062,0.102,0.,0.102,0.052,0.,0.052
127,6,1,509,255,127,0.008,0.,0.008,0.005,0.,0.005,0.098,0.,0.098,0.03,0.,0.03,0.047,0.,0.047,0.005,0.,0.005
128,0,128,259,3,128,,,,,,,,,,0.056,0.,0.056,,,,,,
129,0,129,261,3,129,,,,,,,,,,0.063,0.,0.063,0.107,0.,0.107,,,
129,1,43,265,7,129,0.037,0.,0.037,0.038,0.,0.038,,,,0.047,0.,0.047,0.089,0.,0.089,0.035,0.,0.035
130,0,130,263,3,130,0.056,0.,0.056,,,,,,,0.065,0.,0.065,,,,0.051,0.,0.051
131,0,131,265,3,131,,,,,,,,,,0.065,0.,0.065,,,,,,
132,0,132,267,3,132,,,,,,,,,,0.066,0.,0.066,,,,,,
132,1,44,271,7,132,,,,,,,0.191,0.,0.191,0.05,0.,0.05,,,,,,
133,0,133,269,3,133,0.073,0.,0.073,0.074,0.,0.074,,,,0.066,0.,0.066,,,,0.114,0.,0.114
133,2,19,281,15,133,0.026,0.,0.026,0.026,0.,0.026,,,,0.042,0.,0.042,0.076,0.,0.076,0.025,0.,0.025
134,0,134,271,3,134,,,,,,,,,,0.067,0.,0.067,,,,,,
135,0,135,273,3,135,,,,,,,,,,0.068,0.,0.068,,,,,,
135,1,45,277,7,135,0.042,0.003,0.038,0.042,0.,0.042,,,,0.051,0.,0.051,,,,0.038,0.,0.038
135,3,9,301,31,135,0.017,0.,0.017,0.031,0.,0.03,0.184,0.,0.184,0.033,0.,0.033,0.067,0.,0.067,0.029,0.,0.029
136,0,136,275,3,136,0.062,0.,0.062,,,,,,,0.069,0.,0.069,,,,0.082,0.,0.082
137,0,137,277,3,137,,,,,,,,,,0.072,0.,0.072,,,,,,
138,0,138,279,3,138,,,,,,,,,,0.065,0.,0.065,,,,,,
138,1,46,283,7,138,,,,,,,,,,0.054,0.,0.054,,,,0.043,0.,0.043
139,0,139,281,3,139,0.066,0.,0.066,0.064,0.,0.064,,,,0.065,0.,0.065,,,,,,
140,0,140,283,3,140,,,,,,,,,,0.067,0.,0.067,,,,,,
140,2,20,295,15,140,0.029,0.003,0.025,0.028,0.,0.028,,,,0.046,0.,0.046,,,,0.027,0.,0.027
141,0,141,285,3,141,,,,,,,,,,0.067,0.,0.067,,,,,,
141,1,47,289,7,141,0.044,0.,0.044,0.046,0.,0.046,,,,0.055,0.,0.055,,,,,,
142,0,142,287,3,142,0.069,0.,0.069,,,,,,,0.077,0.,0.077,,,,,,
143,0,143,289,3,143,,,,,,,,,,0.069,0.,0.069,,,,,,
144,0,144,291,3,144,,,,,,,,,,0.069,0.,0.069,,,,,,
144,1,48,295,7,144,,,,,,,,,,0.057,0.,0.057,,,,,,
145,0,145,293,3,145,0.071,0.,0.071,0.074,0.,0.074,,,,0.076,0.,0.076,,,,,,
146,0,146,295,3,146,,,,,,,,,,0.072,0.,0.072,,,,,,
147,0,147,297,3,147,,,,,,,,,,0.08,0.,0.08,,,,,,
147,1,49,301,7,147,0.047,0.,0.047,0.049,0.,0.049,,,,0.087,0.,0.087,,,,,,
147,2,21,309,15,147,0.03,0.,0.03,0.031,0.,0.031,,,,0.047,0.,0.047,,,,,,
148,0,148,299,3,148,0.073,0.,0.073,,,,,,,0.074,0.,0.074,,,,,,
149,0,149,301,3,149,,,,,,,,,,0.074,0.,0.074,,,,,,
150,0,150,303,3,150,,,,,,,,,,0.077,0.,0.077,,,,,,
150,1,50,307,7,150,,,,,,,,,,0.078,0.,0.078,,,,,,
150,3,10,331,31,150,0.019,0.,0.019,0.02,0.,0.02,0.223,0.,0.223,0.039,0.,0.039,0.131,0.,0.131,0.019,0.,0.019
151,0,151,305,3,151,0.075,0.,0.075,0.082,0.,0.082,,,,0.075,0.,0.075,,,,,,
152,0,152,307,3,152,,,,,,,,,,0.092,0.,0.092,,,,,,
153,0,153,309,3,153,,,,,,,,,,0.095,0.,0.095,,,,,,
153,1,51,313,7,153,0.052,0.,0.052,0.053,0.,0.053,,,,0.07,0.,0.07,,,,,,
154,0,154,311,3,154,0.079,0.,0.079,,,,,,,0.083,0.,0.083,,,,,,
154,2,22,323,15,154,0.035,0.,0.035,0.033,0.,0.033,,,,0.056,0.,0.056,,,,,,
155,0,155,313,3,155,,,,,,,,,,0.094,0.,0.094,,,,,,
155,4,5,373,63,155,0.013,0.,0.013,0.013,0.,0.013,0.22,0.,0.22,0.037,0.,0.037,0.065,0.,0.065,0.013,0.,0.013
156,0,156,315,3,156,,,,,,,,,,0.092,0.,0.092,,,,,,
156,1,52,319,7,156,,,,,,,,,,0.081,0.,0.081,,,,,,
157,0,157,317,3,157,0.08,0.003,0.076,0.142,0.,0.142,,,,0.083,0.,0.083,,,,,,
158,0,158,319,3,158,,,,,,,,,,0.096,0.,0.096,,,,,,
159,0,159,321,3,159,,,,,,,,,,0.09,0.,0.09,,,,,,
159,1,53,325,7,159,0.056,0.,0.056,0.058,0.,0.058,,,,0.07,0.,0.07,,,,,,
160,0,160,323,3,160,0.082,0.,0.082,,,,,,,0.1,0.,0.1,,,,,,
161,0,161,325,3,161,,,,,,,,,,0.093,0.,0.093,0.157,0.,0.157,,,
161,2,23,337,15,161,0.035,0.,0.035,0.037,0.,0.037,,,,0.062,0.,0.062,,,,,,
162,0,162,327,3,162,,,,,,,,,,0.088,0.003,0.084,,,,,,
162,1,54,331,7,162,,,,,,,,,,0.078,0.,0.078,,,,,,
163,0,163,329,3,163,0.087,0.,0.087,0.12,0.,0.12,,,,0.093,0.,0.093,,,,,,
164,0,164,331,3,164,,,,,,,,,,0.09,0.,0.089,,,,,,
165,0,165,333,3,165,,,,,,,,,,0.089,0.,0.089,,,,,,
165,1,55,337,7,165,0.061,0.,0.061,0.063,0.,0.063,,,,0.081,0.003,0.077,,,,,,
165,3,11,361,31,165,0.024,0.,0.024,0.024,0.,0.024,0.255,0.,0.255,0.047,0.,0.047,0.114,0.003,0.11,0.022,0.,0.022
166,0,166,335,3,166,0.09,0.003,0.086,,,,,,,0.093,0.,0.093,,,,,,
167,0,167,337,3,167,,,,,,,,,,0.092,0.,0.092,,,,,,
168,0,168,339,3,168,,,,,,,,,,0.109,0.,0.109,,,,,,
168,1,56,343,7,168,,,,,,,,,,0.09,0.,0.09,,,,,,
168,2,24,351,15,168,0.04,0.002,0.037,0.038,0.,0.038,,,,0.067,0.,0.067,,,,,,
169,0,169,341,3,169,0.091,0.,0.091,0.107,0.,0.107,,,,0.097,0.,0.097,,,,,,
170,0,170,343,3,170,0.096,0.,0.096,,,,,,,,,,,,,0.09,0.003,0.087
171,0,171,345,3,171,,,,0.094,0.,0.094,,,,,,,,,,,,
171,1,57,349,7,171,0.066,0.,0.066,0.067,0.,0.067,,,,0.078,0.,0.078,0.149,0.,0.149,0.062,0.,0.062
175,2,25,365,15,175,0.042,0.,0.042,0.046,0.,0.046,,,,0.068,0.,0.068,0.125,0.003,0.121,,,
180,3,12,391,31,180,0.027,0.,0.027,0.027,0.,0.027,0.3,0.,0.3,0.058,0.,0.058,0.114,0.,0.114,0.025,0.,0.025
182,2,26,379,15,182,,,,,,,,,,,,,,,,0.045,0.,0.045
186,4,6,435,63,186,0.018,0.,0.018,0.017,0.,0.017,,,,0.054,0.,0.054,,,,0.018,0.,0.018
189,5,3,505,127,189,0.013,0.,0.013,0.013,0.,0.013,,,,0.049,0.,0.049,0.081,0.,0.081,0.012,0.,0.012
193,0,193,389,3,193,,,,,,,,,,,,,0.221,0.,0.221,,,
195,3,13,421,31,195,,,,0.032,0.,0.032,0.359,0.,0.359,,,,0.124,0.,0.124,0.029,0.,0.029
197,0,197,397,3,197,,,,,,,,,,0.125,0.,0.125,,,,,,
199,0,199,401,3,199,0.131,0.,0.131,,,,,,,,,,,,,,,
200,0,200,403,3,200,,,,0.128,0.,0.128,,,,,,,,,,,,
204,0,204,411,3,204,,,,,,,,,,,,,,,,0.122,0.,0.122
204,1,68,415,7,204,,,,,,,,,,0.115,0.,0.115,,,,0.086,0.,0.086
207,1,69,421,7,207,0.091,0.,0.091,,,,,,,,,,,,,,,
210,2,30,435,15,210,,,,,,,,,,0.092,0.,0.092,,,,,,
210,3,14,451,31,210,,,,0.04,0.,0.04,0.393,0.,0.393,,,,0.219,0.,0.219,0.033,0.,0.033
213,1,71,433,7,213,,,,,,,,,,,,,0.221,0.007,0.213,,,
216,1,72,439,7,216,,,,0.102,0.,0.102,,,,,,,,,,,,
217,2,31,449,15,217,0.062,0.,0.062,,,,,,,,,,0.18,0.,0.18,,,
217,4,7,497,63,217,,,,,,,0.41,0.003,0.406,0.063,0.,0.063,0.11,0.,0.11,0.023,0.,0.023
224,2,32,463,15,224,,,,,,,,,,,,,,,,0.072,0.,0.072
225,0,225,453,3,225,,,,,,,,,,0.163,0.,0.163,0.292,0.,0.292,,,
225,3,15,481,31,225,,,,0.041,0.,0.041,0.511,0.,0.511,0.083,0.,0.083,0.162,0.,0.162,0.045,0.,0.045
228,0,228,459,3,228,0.168,0.,0.168,,,,,,,,,,,,,,,
229,0,229,461,3,229,,,,0.169,0.003,0.165,,,,,,,,,,,,
231,2,33,477,15,231,,,,0.07,0.,0.07,,,,,,,,,,,,
237,1,79,481,7,237,,,,,,,,,,0.149,0.,0.149,,,,0.117,0.,0.117
238,0,238,479,3,238,,,,,,,,,,,,,,,,0.165,0.,0.165
240,3,16,511,31,240,0.045,0.,0.045,0.051,0.,0.051,0.572,0.003,0.568,,,,0.17,0.,0.17,0.049,0.,0.049
243,1,81,493,7,243,0.13,0.,0.13,,,,,,,,,,,,,,,
245,2,35,505,15,245,,,,,,,,,,0.139,0.,0.139,,,,,,
248,4,8,559,63,248,0.03,0.,0.03,,,,,,,0.08,0.,0.08,,,,0.028,0.,0.028
252,5,4,631,127,252,0.02,0.,0.02,0.018,0.,0.018,,,,0.075,0.,0.075,0.12,0.,0.12,0.019,0.,0.019
253,0,253,509,3,253,,,,,,,,,,0.206,0.,0.206,,,,,,
254,6,2,763,255,254,0.015,0.,0.015,0.013,0.,0.013,,,,0.072,0.,0.072,0.113,0.,0.113,0.015,0.,0.015
255,1,85,517,7,255,,,,,,,,,,,,,0.303,0.,0.303,,,
255,3,17,541,31,255,,,,0.051,0.,0.051,0.604,0.003,0.599,,,,0.187,0.,0.187,0.047,0.,0.047
255,7,1,1021,511,255,0.015,0.,0.015,0.011,0.,0.011,0.322,0.,0.322,0.08,0.,0.08,0.108,0.,0.108,0.011,0.,0.011
257,0,257,517,3,257,0.218,0.,0.218,,,,,,,,,,0.373,0.,0.372,,,
258,0,258,519,3,258,,,,0.212,0.,0.212,,,,,,,,,,,,
259,2,37,533,15,259,0.09,0.,0.09,,,,,,,,,,0.257,0.,0.257,,,
261,1,87,529,7,261,,,,0.151,0.,0.151,,,,,,,,,,,,
266,2,38,547,15,266,,,,,,,,,,,,,,,,0.102,0.003,0.098
270,1,90,547,7,270,,,,,,,,,,0.204,0.,0.204,,,,0.15,0.,0.15
270,3,18,571,31,270,,,,0.117,0.,0.117,,,,0.126,0.,0.126,0.208,0.,0.208,0.113,0.,0.113
279,1,93,565,7,279,0.166,0.,0.166,,,,,,,,,,,,,,,
279,4,9,621,63,279,,,,0.036,0.,0.036,,,,0.105,0.,0.105,0.175,0.,0.175,,,
280,2,40,575,15,280,,,,,,,,,,0.172,0.,0.172,,,,,,
281,0,281,565,3,281,,,,,,,,,,0.252,0.003,0.248,,,,,,
283,0,283,569,3,283,0.313,0.011,0.302,,,,,,,,,,,,,,,
285,3,19,601,31,285,,,,0.095,0.,0.095,,,,,,,0.229,0.,0.229,0.091,0.,0.091
286,0,286,575,3,286,0.268,0.,0.268,,,,,,,,,,,,,,,
287,0,287,577,3,287,,,,0.271,0.,0.271,,,,,,,,,,,,
287,2,41,589,15,287,,,,0.111,0.,0.111,,,,,,,,,,,,
288,0,288,579,3,288,,,,,,,,,,0.323,0.016,0.307,,,,,,
300,3,20,631,31,300,0.069,0.,0.069,0.084,0.,0.084,,,,,,,0.251,0.,0.251,0.08,0.,0.08
301,2,43,617,15,301,0.115,0.003,0.112,,,,,,,,,,,,,,,
303,1,101,613,7,303,,,,,,,,,,0.233,0.,0.233,,,,,,
306,1,102,619,7,306,,,,0.213,0.,0.213,,,,,,,,,,,,
309,0,309,621,3,309,,,,,,,,,,0.385,0.,0.385,,,,,,
310,4,10,683,63,310,0.043,0.,0.043,0.045,0.,0.045,,,,0.119,0.,0.119,,,,,,
315,0,315,633,3,315,0.325,0.,0.325,,,,,,,,,,,,,,,
315,1,105,637,7,315,0.209,0.,0.209,,,,,,,,,,,,,,,
315,2,45,645,15,315,,,,,,,,,,0.21,0.,0.21,,,,,,
315,3,21,661,31,315,,,,0.076,0.,0.076,,,,0.163,0.,0.163,0.289,0.,0.289,0.072,0.,0.072
315,5,5,757,127,315,0.03,0.,0.03,0.027,0.,0.027,,,,0.104,0.,0.104,,,,0.03,0.,0.03
316,0,316,635,3,316,,,,0.332,0.,0.332,,,,,,,,,,,,
330,3,22,691,31,330,,,,0.094,0.,0.094,,,,,,,0.312,0.,0.312,0.084,0.,0.084
336,1,112,679,7,336,,,,,,,,,,0.287,0.,0.287,,,,,,
337,0,337,677,3,337,,,,,,,,,,0.424,0.,0.424,,,,,,
341,4,11,745,63,341,0.054,0.,0.054,,,,,,,0.143,0.,0.143,,,,,,
342,0,342,687,3,342,,,,0.38,0.003,0.376,,,,,,,,,,,,
343,2,49,701,15,343,0.152,0.,0.152,0.148,0.,0.148,,,,0.232,0.,0.232,,,,,,
345,3,23,721,31,345,,,,0.16,0.,0.16,,,,,,,0.339,0.,0.338,0.092,0.,0.092
350,2,50,715,15,350,,,,,,,,,,0.243,0.,0.243,,,,,,
357,2,51,729,15,357,,,,,,,,,,0.268,0.,0.268,,,,,,
360,3,24,751,31,360,,,,0.131,0.,0.131,,,,,,,0.369,0.007,0.361,0.157,0.,0.157
364,2,52,743,15,364,,,,,,,,,,0.277,0.,0.277,,,,,,
371,2,53,757,15,371,,,,,,,,,,0.339,0.,0.339,,,,,,
372,4,12,807,63,372,0.062,0.,0.062,0.062,0.,0.061,,,,,,,,,,,,
375,3,25,781,31,375,,,,0.112,0.,0.112,,,,,,,0.399,0.,0.399,0.146,0.,0.146
378,2,54,771,15,378,,,,,,,,,,0.285,0.,0.285,,,,,,
378,5,6,883,127,378,0.039,0.,0.039,,,,,,,0.152,0.,0.152,,,,0.038,0.,0.038
381,6,3,1017,255,381,,,,0.024,0.,0.024,,,,,,,0.208,0.,0.208,0.025,0.,0.025
385,0,385,773,3,385,,,,,,,,,,,,,0.76,0.,0.76,,,
385,2,55,785,15,385,,,,,,,,,,0.287,0.,0.287,0.521,0.,0.521,,,
390,3,26,811,31,390,,,,0.117,0.,0.117,,,,,,,0.413,0.,0.413,0.11,0.003,0.107
392,2,56,799,15,392,,,,,,,,,,0.316,0.,0.316,,,,,,
399,2,57,813,15,399,,,,,,,,,,0.316,0.,0.316,,,,,,
403,4,13,869,63,403,0.072,0.,0.072,,,,,,,,,,0.329,0.,0.329,,,
405,3,27,841,31,405,,,,0.128,0.,0.128,,,,,,,,,,0.121,0.,0.121
406,2,58,827,15,406,,,,,,,,,,0.342,0.,0.342,,,,,,
413,2,59,841,15,413,,,,,,,,,,0.348,0.,0.348,,,,,,
420,2,60,855,15,420,,,,,,,,,,0.407,0.,0.407,,,,,,
420,3,28,871,31,420,,,,0.136,0.,0.136,,,,,,,,,,0.128,0.,0.128
427,0,427,857,3,427,,,,0.569,0.,0.569,,,,,,,,,,,,
427,2,61,869,15,427,0.222,0.,0.222,0.225,0.,0.225,,,,0.371,0.,0.371,,,,,,
434,2,62,883,15,434,,,,,,,,,,0.369,0.,0.369,,,,,,
434,4,14,931,63,434,0.081,0.,0.081,0.081,0.,0.081,,,,0.226,0.,0.226,,,,0.085,0.,0.085
435,3,29,901,31,435,,,,0.142,0.,0.142,,,,,,,,,,0.14,0.,0.14
441,2,63,897,15,441,,,,,,,,,,0.463,0.,0.463,,,,,,
441,5,7,1009,127,441,0.05,0.,0.05,,,,,,,0.199,0.,0.199,,,,,,
448,2,64,911,15,448,,,,,,,,,,0.413,0.,0.413,,,,,,
450,3,30,931,31,450,,,,0.155,0.,0.155,,,,,,,,,,0.173,0.003,0.169
455,2,65,925,15,455,,,,,,,,,,0.436,0.,0.436,,,,,,
462,2,66,939,15,462,,,,,,,,,,0.439,0.,0.439,,,,,,
465,3,31,961,31,465,,,,0.161,0.,0.161,,,,,,,,,,0.17,0.,0.17
465,4,15,993,63,465,0.092,0.,0.092,,,,,,,,,,,,,,,
469,2,67,953,15,469,,,,,,,,,,0.472,0.,0.472,,,,,,
476,2,68,967,15,476,,,,,,,,,,0.55,0.003,0.546,,,,,,
480,3,32,991,31,480,,,,0.17,0.,0.17,,,,,,,,,,0.18,0.003,0.176
483,2,69,981,15,483,,,,,,,,,,0.488,0.003,0.484,,,,,,
490,2,70,995,15,490,,,,,,,,,,0.521,0.,0.521,,,,,,
495,3,33,1021,31,495,,,,0.192,0.,0.192,,,,,,,,,,0.194,0.003,0.19
496,4,16,1055,63,496,0.104,0.,0.104,0.11,0.,0.11,,,,,,,,,,0.106,0.,0.106
497,2,71,1009,15,497,,,,,,,,,,0.601,0.,0.601,,,,,,
504,2,72,1023,15,504,,,,,,,,,,0.498,0.,0.498,,,,,,
504,5,8,1135,127,504,0.062,0.,0.062,,,,,,,0.231,0.,0.231,,,,,,
505,0,505,1013,3,505,,,,,,,,,,0.878,0.,0.878,,,,,,
508,0,508,1019,3,508,0.781,0.003,0.776,,,,,,,,,,,,,,,
508,6,4,1271,255,508,,,,0.04,0.,0.04,,,,,,,0.351,0.,0.351,,,
510,3,34,1051,31,510,,,,0.201,0.,0.201,,,,,,,,,,0.218,0.003,0.214
511,2,73,1037,15,511,,,,0.33,0.,0.33,,,,,,,0.876,0.,0.876,,,
511,8,1,2045,1023,511,0.031,0.,0.031,0.025,0.,0.025,,,,0.243,0.,0.243,0.325,0.,0.325,0.024,0.,0.024
512,0,512,1027,3,512,,,,0.793,0.,0.793,,,,,,,,,,,,
513,0,513,1029,3,513,,,,,,,,,,,,,1.379,0.003,1.375,,,
525,3,35,1081,31,525,,,,0.219,0.,0.219,,,,,,,,,,0.23,0.,0.23
527,4,17,1117,63,527,0.123,0.,0.123,0.122,0.,0.122,,,,0.352,0.,0.352,,,,,,
540,3,36,1111,31,540,,,,0.234,0.003,0.231,,,,,,,,,,0.229,0.,0.229
541,0,541,1085,3,541,,,,,,,,,,,,,,,,0.795,0.003,0.791
555,3,37,1141,31,555,,,,0.237,0.,0.237,,,,,,,,,,,,
558,4,18,1179,63,558,,,,0.14,0.,0.14,,,,,,,,,,,,
565,0,565,1133,3,565,1.194,0.004,1.189,,,,,,,,,,,,,,,
567,5,9,1261,127,567,,,,,,,,,,,,,0.496,0.,0.496,0.082,0.,0.082
570,3,38,1171,31,570,,,,0.247,0.,0.247,,,,,,,,,,,,
575,0,575,1153,3,575,,,,,,,,,,1.483,0.016,1.467,,,,,,
589,4,19,1241,63,589,0.145,0.,0.145,0.159,0.,0.159,,,,0.38,0.,0.38,,,,,,
590,0,590,1183,3,590,,,,,,,,,,1.202,0.003,1.198,,,,,,
593,0,593,1189,3,593,1.096,0.003,1.092,,,,,,,,,,,,,,,
620,4,20,1303,63,620,,,,0.167,0.,0.167,,,,,,,,,,,,
651,4,21,1365,63,651,0.177,0.007,0.169,0.188,0.,0.188,,,,0.571,0.,0.571,,,,,,
674,0,674,1351,3,674,,,,,,,,,,1.493,0.02,1.473,,,,,,
677,0,677,1357,3,677,1.372,0.004,1.368,,,,,,,,,,,,,,,
682,4,22,1427,63,682,,,,0.209,0.,0.209,,,,,,,,,,,,
683,0,683,1369,3,683,,,,1.453,0.007,1.445,,,,,,,,,,,,
693,5,11,1513,127,693,0.113,0.,0.113,0.123,0.,0.123,,,,0.433,0.,0.433,,,,,,
769,0,769,1541,3,769,,,,,,,,,,,,,2.915,0.,2.915,,,
811,0,811,1625,3,811,,,,,,,,,,,,,,,,1.817,0.012,1.805
819,5,13,1765,127,819,,,,,,,,,,,,,0.984,0.004,0.98,0.164,0.,0.164
1008,5,16,2143,127,1008,0.227,0.,0.227,0.253,0.,0.253,,,,0.974,0.,0.974,,,,,,
1011,0,1011,2025,3,1011,,,,,,,,,,3.486,0.031,3.453,,,,,,
1016,0,1016,2035,3,1016,3.084,0.003,3.08,,,,,,,,,,,,,,,
1023,9,1,4093,2047,1023,0.066,0.,0.066,0.05,0.,0.05,,,,0.842,0.,0.842,0.895,0.,0.895,0.05,0.,0.05
1024,0,1024,2051,3,1024,,,,3.239,0.,3.238,,,,,,,,,,,,
1025,0,1025,2053,3,1025,,,,,,,,,,,,,5.149,0.003,5.144,,,
1071,5,17,2269,127,1071,,,,,,,,,,,,,,,,0.282,0.,0.282
1081,0,1081,2165,3,1081,,,,,,,,,,,,,,,,3.14,0.003,3.136
1323,5,21,2773,127,1323,0.379,0.,0.379,0.425,0.,0.425,,,,1.621,0.,1.62,,,,,,
1365,0,1365,2733,3,1365,,,,5.662,0.011,5.65,,,,,,,,,,,,