param-n,autorewrite-noop-regression-quadratic-real,autorewrite-noop-regression-quadratic-sys,autorewrite-noop-regression-quadratic-user,try-rewrite!-evar-noop-regression-quadratic-real,try-rewrite!-evar-noop-regression-quadratic-sys,try-rewrite!-evar-noop-regression-quadratic-user,try-rewrite!-noop-regression-quadratic-real,try-rewrite!-noop-regression-quadratic-sys,try-rewrite!-noop-regression-quadratic-user,try-rewrite-evar-noop-regression-quadratic-real,try-rewrite-evar-noop-regression-quadratic-sys,try-rewrite-evar-noop-regression-quadratic-user,try-rewrite-noop-regression-quadratic-real,try-rewrite-noop-regression-quadratic-sys,try-rewrite-noop-regression-quadratic-user,try-rewrite?-evar-noop-regression-quadratic-real,try-rewrite?-evar-noop-regression-quadratic-sys,try-rewrite?-evar-noop-regression-quadratic-user,try-rewrite?-noop-regression-quadratic-real,try-rewrite?-noop-regression-quadratic-sys,try-rewrite?-noop-regression-quadratic-user,try-ssr-rewrite!-evar-noop-regression-linear-real,try-ssr-rewrite!-evar-noop-regression-linear-sys,try-ssr-rewrite!-evar-noop-regression-linear-user,try-ssr-rewrite!-noop-regression-linear-real,try-ssr-rewrite!-noop-regression-linear-sys,try-ssr-rewrite!-noop-regression-linear-user,try-ssr-rewrite-evar-noop-regression-linear-real,try-ssr-rewrite-evar-noop-regression-linear-sys,try-ssr-rewrite-evar-noop-regression-linear-user,try-ssr-rewrite-noop-regression-linear-real,try-ssr-rewrite-noop-regression-linear-sys,try-ssr-rewrite-noop-regression-linear-user,try-ssr-rewrite?-evar-noop-regression-linear-real,try-ssr-rewrite?-evar-noop-regression-linear-sys,try-ssr-rewrite?-evar-noop-regression-linear-user,try-ssr-rewrite?-noop-regression-linear-real,try-ssr-rewrite?-noop-regression-linear-sys,try-ssr-rewrite?-noop-regression-linear-user
1,0.,0.,0.,0.,0.,0.,0.,0.,0.,0.,0.,0.,0.,0.,0.,0.,0.,0.,0.,0.,0.,0.,0.,0.,0.,0.,0.,0.,0.,0.,0.,0.,0.,0.,0.,0.,0.,0.,0.
2,0.,0.,0.,0.,0.,0.,0.,0.,0.,0.,0.,0.,0.,0.,0.,0.,0.,0.,0.,0.,0.,0.,0.,0.,0.,0.,0.,0.,0.,0.,0.,0.,0.,0.,0.,0.,0.,0.,0.
3,0.,0.,0.,0.,0.,0.,0.,0.,0.,0.,0.,0.,0.,0.,0.,0.,0.,0.,0.,0.,0.,0.,0.,0.,0.,0.,0.,0.,0.,0.,0.,0.,0.,0.,0.,0.,0.,0.,0.
4,0.,0.,0.,0.,0.,0.,0.,0.,0.,0.,0.,0.,0.,0.,0.,0.,0.,0.,0.,0.,0.,0.,0.,0.,0.,0.,0.,0.,0.,0.,0.,0.,0.,0.,0.,0.,0.,0.,0.
8,0.,0.,0.,0.,0.,0.,0.,0.,0.,0.,0.,0.,0.,0.,0.,0.,0.,0.,0.,0.,0.,0.,0.,0.,0.,0.,0.,0.,0.,0.,0.,0.,0.,0.,0.,0.,0.,0.,0.
12,0.,0.,0.,0.,0.,0.,0.,0.,0.,0.,0.,0.,0.,0.,0.,0.,0.,0.,0.,0.,0.,0.,0.,0.,0.,0.,0.,0.,0.,0.,0.,0.,0.,0.,0.,0.,0.,0.,0.
16,0.,0.,0.,0.,0.,0.,0.,0.,0.,0.,0.,0.,0.,0.,0.,0.,0.,0.,0.,0.,0.,0.,0.,0.,0.,0.,0.,0.,0.,0.,0.,0.,0.,0.,0.,0.,0.,0.,0.
20,0.,0.,0.,0.,0.,0.,0.,0.,0.,0.,0.,0.,0.,0.,0.,0.,0.,0.,0.,0.,0.,0.,0.,0.,0.,0.,0.,0.,0.,0.,0.,0.,0.,0.,0.,0.,0.,0.,0.
24,0.,0.,0.,0.,0.,0.,0.,0.,0.,0.,0.,0.,0.,0.,0.,0.,0.,0.,0.,0.,0.,0.,0.,0.,0.,0.,0.,0.,0.,0.,0.,0.,0.,0.,0.,0.,0.,0.,0.
28,0.,0.,0.,0.,0.,0.,0.,0.,0.,0.,0.,0.,0.,0.,0.,0.,0.,0.,0.,0.,0.,0.,0.,0.,0.,0.,0.,0.,0.,0.,0.,0.,0.,0.,0.,0.,0.,0.,0.
32,0.,0.,0.,0.,0.,0.,0.,0.,0.,0.,0.,0.,0.,0.,0.,0.,0.,0.,0.,0.,0.,0.,0.,0.,0.,0.,0.,0.,0.,0.,0.,0.,0.,0.,0.,0.,0.,0.,0.
36,0.,0.,0.,0.,0.,0.,0.,0.,0.,0.,0.,0.,0.,0.,0.,0.,0.,0.,0.,0.,0.,0.,0.,0.,0.,0.,0.,0.,0.,0.,0.,0.,0.,0.,0.,0.,0.,0.,0.
40,0.,0.,0.,0.,0.,0.,0.,0.,0.,0.,0.,0.,0.,0.,0.,0.,0.,0.,0.,0.,0.,0.,0.,0.,0.,0.,0.,0.,0.,0.,0.,0.,0.,0.,0.,0.,0.,0.,0.
44,0.,0.,0.,0.,0.,0.,0.,0.,0.,0.,0.,0.,0.,0.,0.,0.,0.,0.,0.,0.,0.,0.,0.,0.,0.,0.,0.,0.,0.,0.,0.,0.,0.,0.,0.,0.,0.,0.,0.
48,0.,0.,0.,0.,0.,0.,0.,0.,0.,0.,0.,0.,0.,0.,0.,0.,0.,0.,0.,0.,0.,0.,0.,0.,0.,0.,0.,0.,0.,0.,0.,0.,0.,0.,0.,0.,0.,0.,0.
50,0.,0.,0.,0.,0.,0.,0.,0.,0.,0.,0.,0.,0.,0.,0.,0.,0.,0.,0.,0.,0.,0.,0.,0.,0.,0.,0.,0.,0.,0.,0.,0.,0.,0.,0.,0.,0.,0.,0.
52,0.,0.,0.,0.,0.,0.,0.,0.,0.,0.,0.,0.,0.,0.,0.,0.,0.,0.,0.,0.,0.,0.,0.,0.,0.,0.,0.,0.,0.,0.,0.,0.,0.,0.,0.,0.,0.,0.,0.
56,0.,0.,0.,0.,0.,0.,0.,0.,0.,0.,0.,0.,0.,0.,0.,0.,0.,0.,0.,0.,0.,0.,0.,0.,0.,0.,0.,0.,0.,0.,0.,0.,0.,0.,0.,0.,0.,0.,0.
60,0.,0.,0.,0.,0.,0.,0.,0.,0.,0.,0.,0.,0.,0.,0.,0.,0.,0.,0.,0.,0.,0.,0.,0.,0.,0.,0.,0.,0.,0.,0.,0.,0.,0.,0.,0.,0.,0.,0.
64,0.,0.,0.,0.,0.,0.,0.,0.,0.,0.,0.,0.,0.,0.,0.,0.,0.,0.,0.,0.,0.,0.,0.,0.,0.,0.,0.,0.,0.,0.,0.,0.,0.,0.,0.,0.,0.,0.,0.
68,0.,0.,0.,0.,0.,0.,0.,0.,0.,0.,0.,0.,0.,0.,0.,0.,0.,0.,0.,0.,0.,0.,0.,0.,0.,0.,0.,0.,0.,0.,0.,0.,0.,0.,0.,0.,0.,0.,0.
72,0.,0.,0.,0.009,0.,0.009,0.,0.,0.,0.,0.,0.,0.,0.,0.,0.,0.,0.,0.,0.,0.,0.,0.,0.,0.,0.,0.,0.,0.,0.,0.,0.,0.,0.,0.,0.,0.,0.,0.
76,0.,0.,0.,0.,0.,0.,0.,0.,0.,0.,0.,0.,0.,0.,0.,0.,0.,0.,0.,0.,0.,0.,0.,0.,0.,0.,0.,0.,0.,0.,0.,0.,0.,0.,0.,0.,0.,0.,0.
80,0.,0.,0.,0.,0.,0.,0.,0.,0.,0.,0.,0.,0.,0.,0.,0.,0.,0.,0.,0.,0.,0.,0.,0.,0.,0.,0.,0.,0.,0.,0.,0.,0.,0.,0.,0.,0.,0.,0.
84,0.,0.,0.,0.001,0.,0.001,0.,0.,0.,0.,0.,0.,0.,0.,0.,0.,0.,0.,0.,0.,0.,0.,0.,0.,0.,0.,0.,0.,0.,0.,0.,0.,0.,0.,0.,0.,0.,0.,0.
88,0.,0.,0.,0.001,0.,0.001,0.,0.,0.,0.001,0.,0.001,0.,0.,0.,0.001,0.,0.001,0.,0.,0.,0.,0.,0.,0.,0.,0.,0.,0.,0.,0.,0.,0.,0.,0.,0.,0.,0.,0.
92,0.,0.,0.,0.001,0.,0.001,0.,0.,0.,0.001,0.,0.001,0.,0.,0.,0.001,0.,0.001,0.,0.,0.,0.,0.,0.,0.,0.,0.,0.,0.,0.,0.,0.,0.,0.,0.,0.,0.,0.,0.
96,0.,0.,0.,0.001,0.,0.001,0.007,0.,0.007,0.001,0.,0.001,0.,0.,0.,0.001,0.,0.001,0.,0.,0.,0.,0.,0.,0.,0.,0.,0.,0.,0.,0.,0.,0.,0.,0.,0.,0.,0.,0.
100,0.001,0.,0.001,0.001,0.,0.001,0.,0.,0.,0.001,0.,0.001,0.,0.,0.,0.001,0.,0.001,0.,0.,0.,0.,0.,0.,0.,0.,0.,0.,0.,0.,0.,0.,0.,0.,0.,0.,0.,0.,0.
104,0.,0.,0.,0.001,0.,0.001,0.,0.,0.,0.001,0.,0.001,0.,0.,0.,0.001,0.,0.001,0.,0.,0.,0.,0.,0.,0.,0.,0.,0.,0.,0.,0.,0.,0.,0.,0.,0.,0.,0.,0.
108,0.,0.,0.,0.001,0.,0.001,0.,0.,0.,0.001,0.,0.001,0.,0.,0.,0.001,0.,0.001,0.,0.,0.,0.,0.,0.,0.,0.,0.,0.,0.,0.,0.,0.,0.,0.,0.,0.,0.,0.,0.
112,0.,0.,0.,0.001,0.,0.001,0.,0.,0.,0.001,0.,0.001,0.,0.,0.,0.001,0.,0.001,0.,0.,0.,0.,0.,0.,0.,0.,0.,0.,0.,0.,0.,0.,0.,0.,0.,0.,0.,0.,0.
116,0.,0.,0.,0.001,0.,0.001,0.,0.,0.,0.001,0.,0.001,0.,0.,0.,0.001,0.,0.001,0.,0.,0.,0.,0.,0.,0.,0.,0.,0.,0.,0.,0.,0.,0.,0.,0.,0.,0.,0.,0.
120,0.,0.,0.,0.001,0.001,0.,0.,0.,0.,0.001,0.001,0.,0.,0.,0.,0.001,0.,0.001,0.,0.,0.,0.,0.,0.,0.,0.,0.,0.,0.,0.,0.,0.,0.,0.,0.,0.,0.,0.,0.
124,0.,0.,0.,0.001,0.,0.001,0.,0.,0.,0.001,0.,0.001,0.,0.,0.,0.001,0.,0.001,0.,0.,0.,0.,0.,0.,0.,0.,0.,0.,0.,0.,0.,0.,0.,0.,0.,0.,0.,0.,0.
128,0.,0.,0.,0.001,0.,0.001,0.,0.,0.,0.001,0.,0.001,0.,0.,0.,0.001,0.,0.001,0.,0.,0.,0.,0.,0.,0.,0.,0.,0.,0.,0.,0.,0.,0.,0.,0.,0.,0.,0.,0.
132,0.,0.,0.,0.001,0.,0.001,0.,0.,0.,0.009,0.,0.009,0.,0.,0.,0.001,0.,0.001,0.,0.,0.,0.,0.,0.,0.,0.,0.,0.,0.,0.,0.,0.,0.,0.,0.,0.,0.,0.,0.
136,0.,0.,0.,0.001,0.,0.001,0.,0.,0.,0.001,0.,0.001,0.,0.,0.,0.001,0.,0.001,0.,0.,0.,0.,0.,0.,0.,0.,0.,0.,0.,0.,0.,0.,0.,0.,0.,0.,0.,0.,0.
140,0.,0.,0.,0.001,0.,0.001,0.,0.,0.,0.001,0.,0.001,0.,0.,0.,0.001,0.,0.001,0.,0.,0.,0.,0.,0.,0.,0.,0.,0.,0.,0.,0.,0.,0.,0.,0.,0.,0.,0.,0.
144,0.,0.,0.,0.001,0.,0.001,0.,0.,0.,0.001,0.,0.001,0.,0.,0.,0.001,0.,0.001,0.,0.,0.,0.,0.,0.,0.,0.,0.,0.,0.,0.,0.,0.,0.,0.,0.,0.,0.,0.,0.
148,0.,0.,0.,0.001,0.,0.001,0.,0.,0.,0.001,0.,0.001,0.,0.,0.,0.001,0.,0.001,0.001,0.,0.001,0.,0.,0.,0.,0.,0.,0.,0.,0.,0.,0.,0.,0.,0.,0.,0.,0.,0.
150,0.001,0.,0.001,0.002,0.,0.002,0.001,0.,0.001,0.002,0.,0.002,0.001,0.,0.001,0.002,0.,0.002,0.001,0.,0.001,0.,0.,0.,0.,0.,0.,0.,0.,0.,0.,0.,0.,0.,0.,0.,0.,0.,0.
152,0.001,0.,0.001,0.001,0.,0.001,0.001,0.,0.001,0.001,0.,0.001,0.001,0.,0.001,0.001,0.,0.001,0.001,0.,0.001,0.,0.,0.,0.,0.,0.,0.,0.,0.,0.,0.,0.,0.,0.,0.,0.,0.,0.
156,0.001,0.,0.001,0.002,0.,0.002,0.001,0.,0.001,0.001,0.,0.001,0.001,0.,0.001,0.001,0.,0.002,0.001,0.,0.001,0.,0.,0.,0.,0.,0.,0.,0.,0.,0.,0.,0.,0.,0.,0.,0.,0.,0.
160,0.001,0.,0.001,0.002,0.,0.002,0.001,0.,0.001,0.002,0.,0.002,0.001,0.,0.001,0.002,0.,0.002,0.001,0.,0.001,0.,0.,0.,0.,0.,0.,0.,0.,0.,0.,0.,0.,0.,0.,0.,0.,0.,0.
164,0.001,0.,0.001,0.002,0.,0.002,0.001,0.,0.001,0.002,0.,0.002,0.001,0.,0.001,0.002,0.,0.002,0.001,0.,0.001,0.,0.,0.,0.,0.,0.,0.,0.,0.,0.,0.,0.,0.,0.,0.,0.,0.,0.
168,0.001,0.,0.001,0.002,0.,0.002,0.001,0.,0.001,0.002,0.,0.002,0.001,0.,0.001,0.002,0.,0.002,0.001,0.,0.001,0.,0.,0.,0.,0.,0.,0.,0.,0.,0.,0.,0.,0.,0.,0.,0.,0.,0.
172,0.001,0.,0.001,0.08,0.,0.08,0.001,0.,0.001,0.002,0.,0.002,0.001,0.,0.001,0.002,0.,0.002,0.001,0.,0.001,0.,0.,0.,0.,0.,0.,0.,0.,0.,0.,0.,0.,0.,0.,0.,0.,0.,0.
176,0.001,0.,0.001,0.002,0.,0.002,0.001,0.,0.001,0.002,0.,0.002,0.001,0.,0.001,0.002,0.,0.002,0.001,0.,0.001,0.,0.,0.,0.,0.,0.,0.,0.,0.,0.,0.,0.,0.,0.,0.,0.,0.,0.
180,0.001,0.,0.001,0.002,0.,0.002,0.001,0.,0.001,0.002,0.,0.002,0.001,0.,0.001,0.002,0.,0.002,0.001,0.,0.001,0.,0.,0.,0.,0.,0.,0.,0.,0.,0.,0.,0.,0.,0.,0.,0.,0.,0.
184,0.001,0.,0.001,0.002,0.,0.002,0.001,0.,0.001,0.002,0.,0.002,0.001,0.,0.001,0.002,0.,0.002,0.001,0.,0.001,0.,0.,0.,0.,0.,0.,0.,0.,0.,0.,0.,0.,0.,0.,0.,0.,0.,0.
188,0.001,0.,0.001,0.002,0.,0.002,0.001,0.,0.001,0.002,0.,0.002,0.001,0.,0.001,0.002,0.,0.002,0.001,0.,0.001,0.,0.,0.,0.,0.,0.,0.,0.,0.,0.,0.,0.,0.,0.,0.,0.,0.,0.
192,0.001,0.,0.001,0.002,0.,0.002,0.001,0.,0.001,0.002,0.,0.002,0.001,0.,0.001,0.002,0.,0.002,0.001,0.,0.001,0.,0.,0.,0.,0.,0.,0.,0.,0.,0.,0.,0.,0.,0.,0.,0.,0.,0.
196,0.03,0.,0.03,0.002,0.,0.002,0.001,0.,0.001,0.002,0.,0.002,0.001,0.,0.001,0.002,0.,0.002,0.001,0.,0.001,0.,0.,0.,0.,0.,0.,0.,0.,0.,0.,0.,0.,0.,0.,0.,0.,0.,0.
200,0.001,0.001,0.,0.036,0.008,0.028,0.001,0.001,0.,0.002,0.,0.002,0.001,0.,0.001,0.002,0.,0.002,0.001,0.,0.001,0.,0.,0.,0.,0.,0.,0.,0.,0.,0.,0.,0.,0.,0.,0.,0.,0.,0.
204,0.001,0.,0.001,0.002,0.,0.002,0.001,0.,0.001,0.002,0.,0.002,0.001,0.,0.001,0.002,0.,0.002,0.001,0.,0.001,0.,0.,0.,0.,0.,0.,0.,0.,0.,0.,0.,0.,0.,0.,0.,0.,0.,0.
208,0.001,0.,0.001,0.003,0.,0.003,0.001,0.,0.001,0.002,0.,0.002,0.001,0.,0.001,0.002,0.,0.002,0.001,0.,0.001,0.,0.,0.,0.,0.,0.,0.,0.,0.,0.,0.,0.,0.,0.,0.,0.,0.,0.
212,0.001,0.,0.001,0.002,0.,0.002,0.001,0.,0.001,0.002,0.,0.002,0.001,0.,0.001,0.002,0.,0.002,0.001,0.,0.001,0.,0.,0.,0.,0.,0.,0.,0.,0.,0.,0.,0.,0.,0.,0.,0.,0.,0.
216,0.001,0.,0.001,0.002,0.,0.002,0.001,0.,0.001,0.002,0.,0.002,0.001,0.,0.001,0.002,0.,0.002,0.001,0.,0.001,0.,0.,0.,0.,0.,0.,0.,0.,0.,0.,0.,0.,0.,0.,0.,0.,0.,0.
220,0.001,0.,0.001,0.002,0.,0.002,0.001,0.,0.001,0.002,0.,0.002,0.001,0.,0.001,0.002,0.,0.002,0.001,0.,0.001,0.,0.,0.,0.,0.,0.,0.,0.,0.,0.,0.,0.,0.,0.,0.,0.,0.,0.
224,0.001,0.,0.001,0.002,0.,0.002,0.001,0.,0.001,0.003,0.,0.003,0.001,0.,0.001,0.003,0.,0.003,0.001,0.,0.001,0.,0.,0.,0.,0.,0.,0.,0.,0.,0.,0.,0.,0.,0.,0.,0.,0.,0.
228,0.001,0.,0.001,0.003,0.,0.003,0.001,0.,0.001,0.003,0.,0.003,0.001,0.,0.001,0.003,0.,0.003,0.001,0.,0.001,0.,0.,0.,0.,0.,0.,0.,0.,0.,0.,0.,0.,0.,0.,0.,0.,0.,0.
232,0.001,0.,0.001,0.003,0.,0.003,0.001,0.,0.001,0.003,0.,0.003,0.001,0.,0.001,0.003,0.,0.003,0.001,0.,0.001,0.,0.,0.,0.,0.,0.,0.,0.,0.,0.,0.,0.,0.,0.,0.,0.,0.,0.
236,0.001,0.,0.001,0.003,0.,0.003,0.001,0.,0.001,0.003,0.,0.003,0.001,0.,0.001,0.003,0.,0.003,0.001,0.,0.001,0.,0.,0.,0.,0.,0.,0.,0.,0.,0.,0.,0.,0.,0.,0.,0.,0.,0.
240,0.001,0.,0.001,0.003,0.,0.003,0.001,0.,0.001,0.003,0.003,0.,0.001,0.,0.001,0.003,0.,0.002,0.001,0.,0.001,0.,0.,0.,0.,0.,0.,0.,0.,0.,0.,0.,0.,0.,0.,0.,0.,0.,0.
244,0.001,0.,0.001,0.004,0.,0.004,0.001,0.,0.001,0.003,0.,0.003,0.001,0.,0.001,0.004,0.,0.004,0.001,0.,0.001,0.,0.,0.,0.,0.,0.,0.,0.,0.,0.,0.,0.,0.,0.,0.,0.,0.,0.
248,0.001,0.,0.001,0.003,0.,0.003,0.001,0.,0.001,0.003,0.,0.003,0.001,0.,0.001,0.003,0.,0.003,0.001,0.,0.001,0.,0.,0.,0.,0.,0.,0.,0.,0.,0.,0.,0.,0.,0.,0.,0.,0.,0.
250,0.001,0.,0.001,0.003,0.,0.003,0.001,0.,0.001,0.003,0.,0.003,0.001,0.,0.001,0.003,0.,0.003,0.001,0.,0.001,0.,0.,0.,0.,0.,0.,0.,0.,0.,0.,0.,0.,0.,0.,0.,0.,0.,0.
252,0.001,0.,0.001,0.003,0.,0.003,0.001,0.,0.001,0.01,0.,0.01,0.001,0.,0.001,0.003,0.,0.003,0.001,0.,0.001,0.,0.,0.,0.,0.,0.,0.,0.,0.,0.,0.,0.,0.,0.,0.,0.,0.,0.
256,0.001,0.,0.001,0.003,0.,0.003,0.001,0.,0.001,0.003,0.,0.003,0.001,0.,0.001,0.003,0.,0.003,0.001,0.,0.001,0.,0.,0.,0.,0.,0.,0.,0.,0.,0.,0.,0.,0.,0.,0.,0.,0.,0.
260,0.001,0.,0.001,0.003,0.,0.003,0.001,0.,0.001,0.004,0.,0.004,0.001,0.,0.001,0.003,0.,0.003,0.001,0.,0.001,0.,0.,0.,0.,0.,0.,0.,0.,0.,0.,0.,0.,0.,0.,0.,0.,0.,0.
264,0.001,0.,0.001,0.003,0.,0.003,0.001,0.,0.001,0.003,0.,0.003,0.001,0.,0.001,0.003,0.,0.003,0.001,0.,0.001,0.,0.,0.,0.,0.,0.,0.,0.,0.,0.,0.,0.,0.,0.,0.,0.,0.,0.
268,0.001,0.,0.001,0.003,0.,0.003,0.001,0.,0.001,0.011,0.,0.011,0.001,0.,0.001,0.003,0.,0.003,0.001,0.,0.001,0.,0.,0.,0.,0.,0.,0.,0.,0.,0.,0.,0.,0.,0.,0.,0.,0.,0.
272,0.001,0.,0.001,0.003,0.,0.003,0.001,0.,0.001,0.003,0.,0.003,0.001,0.,0.001,0.004,0.,0.004,0.001,0.,0.001,0.,0.,0.,0.,0.,0.,0.,0.,0.,0.,0.,0.,0.,0.,0.,0.,0.,0.
276,0.001,0.,0.001,0.003,0.,0.003,0.001,0.,0.001,0.003,0.,0.003,0.001,0.,0.001,0.003,0.,0.003,0.001,0.,0.001,0.,0.,0.,0.,0.,0.,0.,0.,0.,0.,0.,0.,0.,0.,0.,0.,0.,0.
280,0.001,0.,0.001,0.004,0.,0.004,0.001,0.,0.001,0.004,0.,0.004,0.001,0.,0.001,0.004,0.,0.004,0.001,0.,0.001,0.,0.,0.,0.,0.,0.,0.,0.,0.,0.,0.,0.,0.,0.,0.,0.,0.,0.
284,0.001,0.,0.001,0.004,0.,0.004,0.001,0.,0.001,0.004,0.,0.004,0.001,0.,0.001,0.004,0.,0.004,0.002,0.,0.002,0.,0.,0.,0.,0.,0.,0.,0.,0.,0.,0.,0.,0.,0.,0.,0.,0.,0.
288,0.001,0.,0.001,0.004,0.,0.004,0.001,0.,0.001,0.004,0.,0.004,0.001,0.,0.001,0.004,0.,0.004,0.001,0.,0.001,0.,0.,0.,0.,0.,0.,0.,0.,0.,0.,0.,0.,0.,0.,0.,0.,0.,0.
292,0.08,0.,0.08,0.004,0.,0.004,0.001,0.,0.001,0.004,0.,0.004,0.001,0.,0.001,0.004,0.,0.004,0.001,0.,0.001,0.,0.,0.,0.,0.,0.,0.,0.,0.,0.,0.,0.,0.,0.,0.,0.,0.,0.
296,0.001,0.,0.001,0.004,0.,0.004,0.001,0.,0.001,0.004,0.,0.004,0.001,0.,0.001,0.004,0.,0.004,0.001,0.,0.001,0.,0.,0.,0.,0.,0.,0.,0.,0.,0.,0.,0.,0.,0.,0.,0.,0.,0.
300,0.001,0.,0.001,0.018,0.,0.018,0.001,0.,0.001,0.004,0.,0.004,0.001,0.,0.001,0.004,0.,0.004,0.001,0.,0.001,0.,0.,0.,0.,0.,0.,0.,0.,0.,0.,0.,0.,0.,0.,0.,0.,0.,0.
304,0.001,0.,0.001,0.004,0.,0.004,0.001,0.,0.001,0.004,0.,0.004,0.001,0.,0.001,0.004,0.,0.004,0.001,0.,0.001,0.,0.,0.,0.,0.,0.,0.,0.,0.,0.,0.,0.,0.,0.,0.,0.,0.,0.
308,0.001,0.,0.001,0.033,0.,0.033,0.002,0.,0.001,0.004,0.,0.004,0.002,0.,0.002,0.004,0.,0.004,0.001,0.,0.001,0.,0.,0.,0.,0.,0.,0.,0.,0.,0.,0.,0.,0.,0.,0.,0.,0.,0.
312,0.001,0.,0.001,0.004,0.,0.004,0.002,0.,0.002,0.004,0.,0.004,0.002,0.,0.002,0.004,0.,0.004,0.002,0.,0.002,0.,0.,0.,0.,0.,0.,0.,0.,0.,0.,0.,0.,0.,0.,0.,0.,0.,0.
316,0.002,0.,0.002,0.004,0.,0.004,0.002,0.,0.002,0.004,0.,0.004,0.002,0.,0.002,0.004,0.,0.004,0.002,0.,0.002,0.,0.,0.,0.,0.,0.,0.,0.,0.,0.,0.,0.,0.,0.,0.,0.,0.,0.
320,0.002,0.,0.002,0.004,0.,0.004,0.002,0.,0.002,0.004,0.,0.004,0.002,0.,0.002,0.014,0.,0.014,0.002,0.,0.002,0.,0.,0.,0.,0.,0.,0.,0.,0.,0.,0.,0.,0.,0.,0.,0.,0.,0.
324,0.002,0.,0.002,0.004,0.,0.004,0.002,0.,0.002,0.004,0.,0.004,0.002,0.,0.002,0.004,0.,0.004,0.002,0.,0.002,0.,0.,0.,0.,0.,0.,0.,0.,0.,0.,0.,0.,0.,0.,0.,0.,0.,0.
328,0.002,0.,0.002,0.004,0.,0.004,0.002,0.,0.002,0.004,0.,0.004,0.002,0.,0.002,0.004,0.,0.004,0.002,0.,0.002,0.,0.,0.,0.,0.,0.,0.,0.,0.,0.,0.,0.,0.,0.,0.,0.,0.,0.
332,0.002,0.,0.002,0.005,0.,0.005,0.002,0.,0.002,0.005,0.,0.005,0.002,0.,0.002,0.005,0.,0.005,0.002,0.,0.002,0.,0.,0.,0.,0.,0.,0.,0.,0.,0.,0.,0.,0.,0.,0.,0.,0.,0.
336,0.002,0.,0.002,0.005,0.,0.005,0.002,0.,0.002,0.005,0.,0.005,0.002,0.,0.002,0.005,0.,0.005,0.002,0.,0.002,0.,0.,0.,0.,0.,0.,0.,0.,0.,0.,0.,0.,0.,0.,0.,0.,0.,0.
340,0.002,0.,0.002,0.005,0.,0.005,0.002,0.,0.002,0.005,0.,0.005,0.002,0.,0.002,0.005,0.,0.005,0.002,0.,0.002,0.,0.,0.,0.,0.,0.,0.,0.,0.,0.,0.,0.,0.,0.,0.,0.,0.,0.
344,0.002,0.,0.002,0.005,0.,0.005,0.002,0.,0.002,0.005,0.,0.005,0.002,0.,0.002,0.005,0.,0.005,0.002,0.,0.002,0.,0.,0.,0.,0.,0.,0.,0.,0.,0.,0.,0.,0.,0.,0.,0.,0.,0.
348,0.005,0.,0.005,0.005,0.,0.005,0.002,0.,0.002,0.005,0.,0.005,0.002,0.,0.002,0.005,0.,0.005,0.002,0.,0.002,0.,0.,0.,0.,0.,0.,0.,0.,0.,0.,0.,0.,0.,0.,0.,0.,0.,0.
350,0.002,0.,0.002,0.005,0.,0.005,0.002,0.,0.002,0.005,0.,0.005,0.002,0.,0.002,0.005,0.,0.005,0.002,0.,0.002,0.,0.,0.,0.,0.,0.,0.,0.,0.,0.,0.,0.,0.,0.,0.,0.,0.,0.
352,0.002,0.,0.002,0.005,0.,0.005,0.002,0.,0.002,0.005,0.,0.005,0.002,0.,0.002,0.005,0.,0.005,0.002,0.,0.002,0.,0.,0.,0.,0.,0.,0.,0.,0.,0.,0.,0.,0.,0.,0.,0.,0.,0.
356,0.002,0.,0.002,0.005,0.,0.005,0.002,0.,0.002,0.005,0.,0.005,0.002,0.,0.002,0.005,0.,0.005,0.002,0.,0.002,0.,0.,0.,0.,0.,0.,0.,0.,0.,0.,0.,0.,0.,0.,0.,0.,0.,0.
360,0.002,0.,0.002,0.005,0.,0.005,0.002,0.,0.002,0.005,0.,0.005,0.002,0.,0.002,0.005,0.,0.005,0.002,0.,0.002,0.,0.,0.,0.,0.,0.,0.,0.,0.,0.,0.,0.,0.,0.,0.,0.,0.,0.
364,0.002,0.,0.002,0.005,0.,0.005,0.002,0.,0.002,0.005,0.,0.005,0.002,0.,0.002,0.005,0.,0.005,0.002,0.,0.002,0.,0.,0.,0.,0.,0.,0.,0.,0.,0.,0.,0.,0.,0.,0.,0.,0.,0.
368,0.002,0.,0.002,0.005,0.,0.005,0.002,0.,0.002,0.005,0.,0.005,0.002,0.,0.002,0.006,0.,0.006,0.002,0.,0.002,0.,0.,0.,0.,0.,0.,0.,0.,0.,0.,0.,0.,0.,0.,0.,0.,0.,0.
372,0.002,0.,0.002,0.005,0.,0.005,0.002,0.,0.002,0.006,0.,0.006,0.002,0.,0.002,0.005,0.,0.005,0.002,0.,0.002,0.,0.,0.,0.,0.,0.,0.,0.,0.,0.,0.,0.,0.,0.,0.,0.,0.,0.
376,0.002,0.,0.002,0.006,0.,0.006,0.002,0.,0.002,0.006,0.,0.006,0.002,0.,0.002,0.006,0.,0.006,0.002,0.,0.002,0.,0.,0.,0.,0.,0.,0.,0.,0.,0.,0.,0.,0.,0.,0.,0.,0.,0.
380,0.002,0.,0.002,0.006,0.,0.006,0.002,0.,0.002,0.006,0.,0.006,0.002,0.,0.002,0.006,0.,0.006,0.002,0.,0.002,0.,0.,0.,0.,0.,0.,0.,0.,0.,0.,0.,0.,0.,0.,0.,0.,0.,0.
384,0.002,0.,0.002,0.006,0.,0.006,0.002,0.,0.002,0.006,0.,0.006,0.002,0.,0.002,0.006,0.,0.006,0.002,0.,0.002,0.,0.,0.,0.,0.,0.,0.,0.,0.,0.,0.,0.,0.,0.,0.,0.,0.,0.
388,0.002,0.,0.002,0.006,0.,0.006,0.002,0.,0.002,0.006,0.,0.006,0.002,0.,0.002,0.006,0.,0.006,0.002,0.,0.002,0.,0.,0.,0.,0.,0.,0.,0.,0.,0.,0.,0.,0.,0.,0.,0.,0.,0.
392,0.002,0.,0.002,0.006,0.,0.006,0.002,0.,0.002,0.006,0.,0.006,0.002,0.,0.002,0.006,0.,0.006,0.002,0.,0.002,0.,0.,0.,0.,0.,0.,0.,0.,0.,0.,0.,0.,0.,0.,0.,0.,0.,0.
396,0.002,0.,0.002,0.006,0.,0.006,0.002,0.,0.002,0.007,0.,0.007,0.002,0.,0.002,0.006,0.,0.006,0.002,0.,0.002,0.,0.,0.,0.,0.,0.,0.,0.,0.,0.,0.,0.,0.,0.,0.,0.,0.,0.
400,0.003,0.,0.003,0.006,0.,0.006,0.002,0.,0.002,0.007,0.,0.007,0.002,0.,0.002,0.006,0.,0.006,0.002,0.,0.002,0.,0.,0.,0.,0.,0.,0.,0.,0.,0.,0.,0.,0.,0.,0.,0.,0.,0.
404,0.002,0.,0.002,0.006,0.,0.006,0.002,0.,0.002,0.006,0.,0.006,0.002,0.,0.002,0.006,0.,0.006,0.002,0.,0.002,0.,0.,0.,0.,0.,0.,0.,0.,0.,0.,0.,0.,0.,0.,0.,0.,0.,0.
408,0.002,0.,0.002,0.006,0.,0.006,0.002,0.,0.002,0.006,0.,0.006,0.002,0.,0.002,0.006,0.,0.006,0.002,0.,0.002,0.,0.,0.,0.,0.,0.,0.,0.,0.,0.,0.,0.,0.,0.,0.,0.,0.,0.
412,0.002,0.,0.002,0.007,0.,0.007,0.003,0.,0.003,0.006,0.,0.006,0.002,0.,0.002,0.006,0.,0.006,0.002,0.,0.002,0.,0.,0.,0.,0.,0.,0.,0.,0.,0.,0.,0.,0.,0.,0.,0.,0.,0.
416,0.002,0.,0.002,0.007,0.,0.007,0.002,0.,0.002,0.007,0.,0.007,0.002,0.,0.002,0.007,0.,0.007,0.002,0.,0.002,0.,0.,0.,0.,0.,0.,0.,0.,0.,0.,0.,0.,0.,0.,0.,0.,0.,0.
420,0.002,0.,0.002,0.006,0.,0.006,0.002,0.,0.002,0.007,0.,0.007,0.002,0.,0.002,0.006,0.,0.006,0.002,0.,0.002,0.,0.,0.,0.,0.,0.,0.,0.,0.,0.,0.,0.,0.,0.,0.,0.,0.,0.
424,0.002,0.,0.002,0.007,0.,0.007,0.002,0.,0.002,0.006,0.,0.006,0.002,0.,0.002,0.007,0.,0.007,0.002,0.,0.002,0.,0.,0.,0.,0.,0.,0.,0.,0.,0.,0.,0.,0.,0.,0.,0.,0.,0.
428,0.002,0.,0.002,0.007,0.,0.007,0.002,0.,0.002,0.007,0.,0.007,0.002,0.,0.002,0.006,0.,0.006,0.002,0.,0.002,0.,0.,0.,0.,0.,0.,0.,0.,0.,0.,0.,0.,0.,0.,0.,0.,0.,0.
432,0.002,0.,0.002,0.007,0.,0.007,0.003,0.,0.003,0.006,0.,0.006,0.002,0.,0.002,0.008,0.,0.008,0.002,0.,0.002,0.,0.,0.,0.,0.,0.,0.,0.,0.,0.,0.,0.,0.,0.,0.,0.,0.,0.
436,0.002,0.,0.002,0.008,0.,0.008,0.002,0.,0.002,0.008,0.,0.008,0.002,0.,0.002,0.007,0.,0.007,0.002,0.,0.002,0.,0.,0.,0.,0.,0.,0.,0.,0.,0.,0.,0.,0.,0.,0.,0.,0.,0.
440,0.002,0.,0.002,0.007,0.,0.007,0.002,0.,0.002,0.007,0.,0.007,0.002,0.,0.002,0.007,0.,0.007,0.002,0.,0.002,0.,0.,0.,0.,0.,0.,0.,0.,0.,0.,0.,0.,0.,0.,0.,0.,0.,0.
444,0.002,0.,0.002,0.007,0.,0.007,0.002,0.,0.002,0.007,0.,0.007,0.002,0.,0.002,0.007,0.,0.007,0.002,0.,0.002,0.,0.,0.,0.,0.,0.,0.,0.,0.,0.,0.,0.,0.,0.,0.,0.,0.,0.
448,0.002,0.,0.002,0.007,0.,0.007,0.002,0.,0.002,0.008,0.,0.008,0.002,0.,0.002,0.007,0.,0.007,0.002,0.,0.002,0.,0.,0.,0.,0.,0.,0.,0.,0.,0.,0.,0.,0.,0.,0.,0.,0.,0.
452,0.002,0.,0.002,0.007,0.,0.007,0.002,0.,0.002,0.007,0.,0.007,0.002,0.,0.002,0.008,0.,0.008,0.002,0.,0.002,0.,0.,0.,0.,0.,0.,0.,0.,0.,0.,0.,0.,0.,0.,0.,0.,0.,0.
456,0.002,0.,0.002,0.007,0.,0.007,0.002,0.,0.002,0.007,0.,0.007,0.002,0.,0.002,0.007,0.,0.007,0.002,0.,0.002,0.,0.,0.,0.,0.,0.,0.,0.,0.,0.,0.,0.,0.,0.,0.,0.,0.,0.
460,0.002,0.,0.002,0.008,0.,0.008,0.003,0.,0.003,0.007,0.,0.007,0.002,0.,0.002,0.007,0.,0.007,0.002,0.,0.002,0.,0.,0.,0.,0.,0.,0.,0.,0.,0.,0.,0.,0.,0.,0.,0.,0.,0.
464,0.002,0.,0.002,0.008,0.,0.008,0.002,0.,0.002,0.008,0.,0.008,0.003,0.,0.003,0.008,0.,0.008,0.003,0.,0.003,0.,0.,0.,0.,0.,0.,0.,0.,0.,0.,0.,0.,0.,0.,0.,0.,0.,0.
468,0.002,0.,0.002,0.008,0.,0.008,0.003,0.,0.003,0.008,0.,0.008,0.003,0.,0.002,0.008,0.,0.008,0.003,0.,0.003,0.,0.,0.,0.,0.,0.,0.,0.,0.,0.,0.,0.,0.,0.,0.,0.,0.,0.
472,0.002,0.,0.002,0.008,0.,0.008,0.003,0.,0.003,0.008,0.,0.008,0.003,0.,0.003,0.008,0.,0.008,0.003,0.,0.003,0.,0.,0.,0.,0.,0.,0.,0.,0.,0.,0.,0.,0.,0.,0.,0.,0.,0.
476,0.003,0.,0.003,0.008,0.,0.008,0.003,0.,0.003,0.008,0.,0.008,0.003,0.,0.003,0.008,0.,0.008,0.003,0.,0.003,0.,0.,0.,0.,0.,0.,0.,0.,0.,0.,0.,0.,0.,0.,0.,0.,0.,0.
480,0.003,0.,0.003,0.008,0.,0.008,0.003,0.,0.003,0.008,0.,0.008,0.003,0.,0.003,0.008,0.,0.008,0.003,0.,0.003,0.,0.,0.,0.,0.,0.,0.,0.,0.,0.,0.,0.,0.,0.,0.,0.,0.,0.
484,0.003,0.,0.003,0.008,0.,0.008,0.003,0.,0.003,0.008,0.,0.008,0.003,0.,0.003,0.008,0.,0.008,0.003,0.,0.003,0.,0.,0.,0.,0.,0.,0.,0.,0.,0.,0.,0.,0.,0.,0.,0.,0.,0.
488,0.003,0.,0.003,0.008,0.,0.008,0.003,0.,0.003,0.008,0.,0.008,0.003,0.,0.003,0.008,0.,0.008,0.003,0.,0.003,0.,0.,0.,0.,0.,0.,0.,0.,0.,0.,0.,0.,0.,0.,0.,0.,0.,0.
492,0.003,0.,0.003,0.008,0.,0.008,0.003,0.,0.003,0.008,0.,0.008,0.003,0.,0.003,0.008,0.,0.008,0.003,0.,0.003,0.,0.,0.,0.,0.,0.,0.,0.,0.,0.,0.,0.,0.,0.,0.,0.,0.,0.
496,0.003,0.,0.003,0.008,0.,0.008,0.003,0.,0.003,0.008,0.,0.008,0.003,0.,0.003,0.008,0.,0.008,0.003,0.,0.003,0.,0.,0.,0.,0.,0.,0.,0.,0.,0.,0.,0.,0.,0.,0.,0.,0.,0.
500,0.003,0.,0.003,0.009,0.,0.009,0.003,0.,0.003,0.008,0.,0.008,0.003,0.,0.003,0.008,0.,0.008,0.003,0.,0.003,0.,0.,0.,0.,0.,0.,0.,0.,0.,0.,0.,0.,0.,0.,0.,0.,0.,0.
504,0.003,0.,0.003,0.009,0.,0.009,0.003,0.,0.003,0.009,0.,0.009,0.003,0.,0.003,0.009,0.,0.009,0.003,0.,0.003,0.,0.,0.,0.,0.,0.,0.,0.,0.,0.,0.,0.,0.,0.,0.,0.,0.,0.
508,0.003,0.,0.003,0.009,0.,0.009,0.003,0.,0.003,0.008,0.,0.008,0.003,0.,0.003,0.009,0.,0.009,0.003,0.,0.003,0.,0.,0.,0.,0.,0.,0.,0.,0.,0.,0.,0.,0.,0.,0.,0.,0.,0.
512,0.003,0.,0.003,0.009,0.,0.009,0.003,0.,0.003,0.009,0.,0.009,0.003,0.,0.003,0.008,0.,0.008,0.003,0.,0.003,0.,0.,0.,0.,0.,0.,0.,0.,0.,0.,0.,0.,0.,0.,0.,0.,0.,0.
516,0.003,0.,0.003,0.009,0.,0.009,0.003,0.,0.003,0.009,0.,0.009,0.003,0.,0.003,0.009,0.,0.009,0.003,0.,0.003,0.,0.,0.,0.,0.,0.,0.,0.,0.,0.,0.,0.,0.,0.,0.,0.,0.,0.
520,0.003,0.,0.003,0.009,0.,0.009,0.003,0.,0.003,0.009,0.,0.009,0.003,0.,0.003,0.009,0.,0.009,0.003,0.,0.003,0.,0.,0.,0.,0.,0.,0.,0.,0.,0.,0.,0.,0.,0.,0.,0.,0.,0.
524,0.003,0.,0.003,0.009,0.,0.009,0.003,0.,0.003,0.009,0.,0.009,0.003,0.,0.003,0.009,0.,0.009,0.003,0.,0.003,0.,0.,0.,0.,0.,0.,0.,0.,0.,0.,0.,0.,0.,0.,0.,0.,0.,0.
528,0.003,0.,0.003,0.01,0.,0.01,0.003,0.,0.003,0.01,0.,0.01,0.003,0.,0.003,0.01,0.,0.01,0.003,0.,0.003,0.,0.,0.,0.,0.,0.,0.,0.,0.,0.,0.,0.,0.,0.,0.,0.,0.,0.
532,0.003,0.,0.003,0.01,0.,0.01,0.003,0.,0.003,0.009,0.,0.009,0.003,0.,0.003,0.009,0.,0.009,0.003,0.,0.003,0.,0.,0.,0.,0.,0.,0.,0.,0.,0.,0.,0.,0.,0.,0.,0.,0.,0.
536,0.003,0.,0.003,0.01,0.,0.01,0.003,0.,0.003,0.01,0.,0.01,0.003,0.,0.003,0.01,0.,0.01,0.003,0.,0.003,0.,0.,0.,0.,0.,0.,0.,0.,0.,0.,0.,0.,0.,0.,0.,0.,0.,0.
540,0.003,0.,0.003,0.01,0.,0.01,0.003,0.,0.003,0.01,0.,0.01,0.003,0.,0.003,0.009,0.,0.009,0.003,0.,0.003,0.,0.,0.,0.,0.,0.,0.,0.,0.,0.,0.,0.,0.,0.,0.,0.,0.,0.
544,0.003,0.,0.003,0.01,0.,0.01,0.003,0.,0.003,0.009,0.,0.009,0.003,0.,0.003,0.01,0.,0.01,0.003,0.,0.003,0.,0.,0.,0.,0.,0.,0.,0.,0.,0.,0.,0.,0.,0.,0.,0.,0.,0.
548,0.003,0.,0.003,0.01,0.,0.01,0.003,0.,0.003,0.01,0.,0.01,0.003,0.,0.003,0.01,0.,0.01,0.003,0.,0.003,0.,0.,0.,0.,0.,0.,0.,0.,0.,0.,0.,0.,0.,0.,0.,0.,0.,0.
552,0.003,0.,0.003,0.01,0.003,0.006,0.003,0.,0.003,0.01,0.,0.01,0.003,0.,0.003,0.01,0.,0.01,0.003,0.,0.003,0.,0.,0.,0.,0.,0.,0.,0.,0.,0.,0.,0.,0.,0.,0.,0.,0.,0.
556,0.003,0.,0.003,0.01,0.,0.01,0.003,0.,0.003,0.01,0.,0.01,0.003,0.,0.003,0.01,0.,0.01,0.003,0.,0.003,0.,0.,0.,0.,0.,0.,0.,0.,0.,0.,0.,0.,0.,0.,0.,0.,0.,0.
560,0.003,0.,0.003,0.01,0.,0.01,0.003,0.,0.003,0.01,0.,0.01,0.003,0.,0.003,0.01,0.,0.01,0.003,0.,0.003,0.,0.,0.,0.,0.,0.,0.,0.,0.,0.,0.,0.,0.,0.,0.,0.,0.,0.
564,0.003,0.,0.003,0.011,0.,0.011,0.003,0.,0.003,0.01,0.,0.01,0.003,0.,0.003,0.011,0.,0.011,0.003,0.,0.003,0.,0.,0.,0.,0.,0.,0.,0.,0.,0.,0.,0.,0.,0.,0.,0.,0.,0.
568,0.003,0.,0.003,0.01,0.,0.01,0.003,0.,0.003,0.01,0.,0.01,0.003,0.,0.003,0.01,0.,0.01,0.003,0.,0.003,0.,0.,0.,0.,0.,0.,0.,0.,0.,0.,0.,0.,0.,0.,0.,0.,0.,0.
572,0.003,0.,0.003,0.011,0.,0.011,0.003,0.,0.003,0.011,0.,0.011,0.003,0.,0.003,0.011,0.,0.011,0.003,0.,0.003,0.,0.,0.,0.,0.,0.,0.,0.,0.,0.,0.,0.,0.,0.,0.,0.,0.,0.
576,0.003,0.,0.003,0.011,0.,0.011,0.003,0.,0.003,0.011,0.,0.011,0.003,0.,0.003,0.012,0.,0.012,0.003,0.,0.003,0.,0.,0.,0.,0.,0.,0.,0.,0.,0.,0.,0.,0.,0.,0.,0.,0.,0.
580,0.003,0.,0.003,0.011,0.,0.011,0.003,0.,0.003,0.011,0.,0.011,0.003,0.,0.003,0.011,0.,0.011,0.003,0.,0.003,0.,0.,0.,0.,0.,0.,0.,0.,0.,0.,0.,0.,0.,0.,0.,0.,0.,0.
584,0.003,0.,0.003,0.011,0.,0.011,0.003,0.,0.003,0.011,0.,0.011,0.003,0.,0.003,0.011,0.,0.011,0.003,0.,0.003,0.,0.,0.,0.,0.,0.,0.,0.,0.,0.,0.,0.,0.,0.,0.,0.,0.,0.
588,0.003,0.,0.003,0.011,0.,0.011,0.003,0.,0.003,0.011,0.,0.011,0.004,0.,0.004,0.011,0.,0.011,0.003,0.,0.003,0.,0.,0.,0.,0.,0.,0.,0.,0.,0.,0.,0.,0.,0.,0.,0.,0.,0.
592,0.003,0.,0.003,0.011,0.,0.011,0.003,0.,0.003,0.011,0.,0.011,0.003,0.,0.003,0.013,0.,0.013,0.003,0.,0.003,0.,0.,0.,0.,0.,0.,0.,0.,0.,0.,0.,0.,0.,0.,0.,0.,0.,0.
596,0.003,0.,0.003,0.011,0.,0.011,0.003,0.,0.003,0.011,0.,0.011,0.003,0.,0.003,0.011,0.,0.011,0.003,0.,0.003,0.,0.,0.,0.,0.,0.,0.,0.,0.,0.,0.,0.,0.,0.,0.,0.,0.,0.
600,0.003,0.,0.003,0.011,0.,0.011,0.003,0.,0.003,0.011,0.,0.011,0.003,0.,0.003,0.011,0.,0.011,0.003,0.,0.003,0.,0.,0.,0.,0.,0.,0.,0.,0.,0.,0.,0.,0.,0.,0.,0.,0.,0.
604,0.003,0.,0.003,0.012,0.,0.012,0.003,0.,0.003,0.012,0.,0.012,0.003,0.,0.003,0.011,0.,0.011,0.003,0.,0.003,0.,0.,0.,0.,0.,0.,0.,0.,0.,0.,0.,0.,0.,0.,0.,0.,0.,0.
608,0.003,0.,0.003,0.012,0.,0.012,0.003,0.,0.003,0.011,0.,0.011,0.003,0.,0.003,0.011,0.,0.011,0.003,0.,0.003,0.,0.,0.,0.,0.,0.,0.,0.,0.,0.,0.,0.,0.,0.,0.,0.,0.,0.
612,0.003,0.,0.003,0.011,0.,0.011,0.003,0.,0.003,0.012,0.,0.012,0.003,0.,0.003,0.011,0.,0.011,0.004,0.,0.004,0.,0.,0.,0.,0.,0.,0.,0.,0.,0.,0.,0.,0.,0.,0.,0.,0.,0.
616,0.003,0.,0.003,0.012,0.,0.012,0.004,0.003,0.,0.011,0.,0.011,0.003,0.,0.003,0.012,0.,0.012,0.003,0.,0.003,0.,0.,0.,0.,0.,0.,0.,0.,0.,0.,0.,0.,0.,0.,0.,0.,0.,0.
620,0.003,0.,0.003,0.012,0.,0.012,0.003,0.,0.003,0.012,0.,0.012,0.003,0.,0.003,0.012,0.,0.012,0.003,0.,0.003,0.,0.,0.,0.,0.,0.,0.,0.,0.,0.,0.,0.,0.,0.,0.,0.,0.,0.
624,0.003,0.,0.003,0.012,0.,0.012,0.003,0.,0.003,0.012,0.,0.012,0.004,0.,0.004,0.012,0.,0.012,0.004,0.,0.004,0.,0.,0.,0.,0.,0.,0.,0.,0.,0.,0.,0.,0.,0.,0.,0.,0.,0.
628,0.003,0.,0.003,0.012,0.,0.012,0.004,0.,0.004,0.013,0.,0.013,0.004,0.,0.004,0.012,0.,0.012,0.004,0.,0.004,0.,0.,0.,0.,0.,0.,0.,0.,0.,0.,0.,0.,0.,0.,0.,0.,0.,0.
632,0.003,0.,0.003,0.012,0.,0.012,0.004,0.,0.004,0.012,0.,0.012,0.004,0.,0.004,0.012,0.,0.012,0.004,0.,0.004,0.,0.,0.,0.,0.,0.,0.,0.,0.,0.,0.,0.,0.,0.,0.,0.,0.,0.
636,0.003,0.,0.003,0.012,0.,0.012,0.004,0.,0.004,0.012,0.,0.012,0.004,0.,0.004,0.012,0.,0.012,0.004,0.,0.004,0.,0.,0.,0.,0.,0.,0.,0.,0.,0.,0.,0.,0.,0.,0.,0.,0.,0.
640,0.004,0.,0.004,0.012,0.,0.012,0.004,0.,0.004,0.013,0.,0.013,0.004,0.,0.004,0.012,0.,0.012,0.004,0.,0.004,0.,0.,0.,0.,0.,0.,0.,0.,0.,0.,0.,0.,0.,0.,0.,0.,0.,0.
644,0.003,0.,0.003,0.012,0.,0.012,0.004,0.,0.004,0.013,0.,0.013,0.004,0.,0.004,0.013,0.,0.013,0.004,0.,0.004,0.,0.,0.,0.,0.,0.,0.,0.,0.,0.,0.,0.,0.,0.,0.,0.,0.,0.
648,0.004,0.,0.004,0.013,0.,0.013,0.004,0.,0.004,0.013,0.,0.013,0.004,0.,0.004,0.012,0.,0.012,0.004,0.,0.004,0.,0.,0.,0.,0.,0.,0.,0.,0.,0.,0.,0.,0.,0.,0.,0.,0.,0.
652,0.004,0.,0.004,0.013,0.,0.013,0.004,0.,0.004,0.013,0.,0.013,0.004,0.,0.004,0.013,0.,0.013,0.004,0.,0.004,0.,0.,0.,0.,0.,0.,0.,0.,0.,0.,0.,0.,0.,0.,0.,0.,0.,0.
656,0.004,0.,0.004,0.013,0.,0.013,0.004,0.,0.004,0.013,0.,0.013,0.004,0.,0.004,0.013,0.,0.013,0.004,0.,0.004,0.,0.,0.,0.,0.,0.,0.,0.,0.,0.,0.,0.,0.,0.,0.,0.,0.,0.
660,0.004,0.,0.004,0.013,0.,0.013,0.004,0.,0.004,0.013,0.,0.013,0.004,0.,0.004,0.014,0.,0.014,0.004,0.,0.004,0.,0.,0.,0.,0.,0.,0.,0.,0.,0.,0.,0.,0.,0.,0.,0.,0.,0.
664,0.004,0.,0.004,0.013,0.,0.013,0.004,0.,0.004,0.014,0.,0.014,0.004,0.,0.004,0.013,0.,0.013,0.004,0.,0.004,0.,0.,0.,0.,0.,0.,0.,0.,0.,0.,0.,0.,0.,0.,0.,0.,0.,0.
668,0.004,0.,0.004,0.013,0.,0.013,0.004,0.,0.004,0.013,0.,0.013,0.004,0.,0.004,0.013,0.,0.013,0.004,0.,0.004,0.,0.,0.,0.,0.,0.,0.,0.,0.,0.,0.,0.,0.,0.,0.,0.,0.,0.
672,0.004,0.,0.004,0.014,0.,0.014,0.004,0.,0.004,0.013,0.,0.013,0.004,0.,0.004,0.014,0.,0.014,0.004,0.,0.004,0.,0.,0.,0.,0.,0.,0.,0.,0.,0.,0.,0.,0.,0.,0.,0.,0.,0.
676,0.004,0.,0.004,0.014,0.,0.014,0.004,0.,0.004,0.014,0.,0.014,0.004,0.,0.004,0.014,0.,0.014,0.004,0.,0.004,0.,0.,0.,0.,0.,0.,0.,0.,0.,0.,0.,0.,0.,0.,0.,0.,0.,0.
680,0.004,0.,0.004,0.014,0.,0.014,0.004,0.,0.004,0.014,0.,0.014,0.004,0.,0.004,0.013,0.,0.013,0.004,0.,0.004,0.,0.,0.,0.,0.,0.,0.,0.,0.,0.,0.,0.,0.,0.,0.,0.,0.,0.
684,0.004,0.,0.004,0.014,0.003,0.011,0.004,0.,0.004,0.013,0.,0.013,0.004,0.,0.004,0.014,0.,0.014,0.004,0.,0.004,0.,0.,0.,0.,0.,0.,0.,0.,0.,0.,0.,0.,0.,0.,0.,0.,0.,0.
688,0.004,0.,0.004,0.014,0.,0.014,0.004,0.,0.004,0.014,0.,0.014,0.004,0.,0.004,0.014,0.,0.014,0.004,0.,0.004,0.,0.,0.,0.,0.,0.,0.,0.,0.,0.,0.,0.,0.,0.,0.,0.,0.,0.
692,0.004,0.,0.004,0.015,0.,0.015,0.004,0.,0.004,0.015,0.,0.015,0.004,0.,0.004,0.014,0.,0.014,0.004,0.,0.004,0.,0.,0.,0.,0.,0.,0.,0.,0.,0.,0.,0.,0.,0.,0.,0.,0.,0.
696,0.004,0.,0.004,0.014,0.,0.014,0.004,0.,0.004,0.014,0.,0.014,0.004,0.,0.004,0.014,0.,0.014,0.004,0.,0.004,0.,0.,0.,0.,0.,0.,0.,0.,0.,0.,0.,0.,0.,0.,0.,0.,0.,0.
700,0.004,0.,0.004,0.014,0.,0.014,0.004,0.,0.004,0.014,0.,0.014,0.004,0.,0.004,0.015,0.,0.015,0.004,0.,0.004,0.,0.,0.,0.,0.,0.,0.,0.,0.,0.,0.,0.,0.,0.,0.,0.,0.,0.
704,0.004,0.,0.004,0.015,0.,0.015,0.004,0.,0.004,0.014,0.,0.014,0.004,0.,0.004,0.014,0.,0.014,0.004,0.,0.004,0.,0.,0.,0.,0.,0.,0.,0.,0.,0.,0.,0.,0.,0.,0.,0.,0.,0.
708,0.006,0.,0.006,0.014,0.,0.014,0.004,0.,0.004,0.015,0.,0.015,0.004,0.,0.004,0.015,0.,0.015,0.004,0.,0.004,0.,0.,0.,0.,0.,0.,0.,0.,0.,0.,0.,0.,0.,0.,0.,0.,0.,0.
712,0.004,0.,0.004,0.014,0.,0.014,0.004,0.,0.004,0.015,0.,0.015,0.004,0.,0.004,0.015,0.,0.015,0.004,0.,0.004,0.,0.,0.,0.,0.,0.,0.,0.,0.,0.,0.,0.,0.,0.,0.,0.,0.,0.
716,0.004,0.,0.004,0.015,0.,0.015,0.004,0.,0.004,0.015,0.,0.015,0.004,0.,0.004,0.015,0.,0.015,0.004,0.,0.004,0.,0.,0.,0.,0.,0.,0.,0.,0.,0.,0.,0.,0.,0.,0.,0.,0.,0.
720,0.004,0.,0.004,0.016,0.,0.016,0.004,0.,0.004,0.015,0.,0.015,0.004,0.,0.004,0.015,0.,0.015,0.004,0.,0.004,0.,0.,0.,0.,0.,0.,0.,0.,0.,0.,0.,0.,0.,0.,0.,0.,0.,0.
724,0.004,0.,0.004,0.023,0.,0.022,0.004,0.,0.004,0.018,0.,0.018,0.004,0.,0.004,0.017,0.,0.017,0.006,0.,0.006,0.,0.,0.,0.,0.,0.,0.,0.,0.,0.,0.,0.,0.,0.,0.,0.,0.,0.
728,0.004,0.,0.004,0.018,0.,0.018,0.004,0.,0.004,0.016,0.,0.016,0.004,0.,0.004,0.017,0.,0.016,0.005,0.,0.005,0.,0.,0.,0.,0.,0.,0.,0.,0.,0.,0.,0.,0.,0.,0.,0.,0.,0.
732,0.004,0.,0.004,0.017,0.,0.017,0.004,0.,0.004,0.015,0.,0.015,0.004,0.,0.004,0.017,0.,0.017,0.004,0.,0.004,0.,0.,0.,0.,0.,0.,0.,0.,0.,0.,0.,0.,0.,0.,0.,0.,0.,0.
736,0.004,0.,0.004,0.016,0.,0.016,0.004,0.,0.004,0.016,0.,0.016,0.004,0.,0.004,0.016,0.,0.016,0.004,0.,0.004,0.,0.,0.,0.,0.,0.,0.,0.,0.,0.,0.,0.,0.,0.,0.,0.,0.,0.
740,0.004,0.,0.004,0.017,0.,0.017,0.004,0.,0.004,0.017,0.,0.017,0.005,0.,0.005,0.016,0.,0.016,0.004,0.,0.004,0.,0.,0.,0.,0.,0.,0.,0.,0.,0.,0.,0.,0.,0.,0.,0.,0.,0.
744,0.004,0.,0.004,0.015,0.,0.015,0.004,0.,0.004,0.016,0.,0.016,0.004,0.,0.004,0.016,0.,0.016,0.004,0.,0.004,0.,0.,0.,0.,0.,0.,0.,0.,0.,0.,0.,0.,0.,0.,0.,0.,0.,0.
748,0.004,0.,0.004,0.017,0.,0.017,0.004,0.,0.004,0.016,0.,0.016,0.004,0.,0.004,0.018,0.,0.018,0.004,0.,0.004,0.,0.,0.,0.,0.,0.,0.,0.,0.,0.,0.,0.,0.,0.,0.,0.,0.,0.
752,0.005,0.,0.005,0.015,0.,0.015,0.004,0.,0.004,0.017,0.,0.017,0.004,0.,0.004,0.017,0.,0.017,0.004,0.,0.004,0.,0.,0.,0.,0.,0.,0.,0.,0.,0.,0.,0.,0.,0.,0.,0.,0.,0.
756,0.004,0.,0.004,0.016,0.,0.016,0.004,0.,0.004,0.015,0.,0.015,0.004,0.,0.004,0.016,0.,0.016,0.004,0.,0.004,0.,0.,0.,0.,0.,0.,0.,0.,0.,0.,0.,0.,0.,0.,0.,0.,0.,0.
760,0.004,0.,0.004,0.018,0.,0.018,0.004,0.,0.004,0.018,0.,0.018,0.004,0.,0.004,0.015,0.,0.015,0.004,0.,0.004,0.,0.,0.,0.,0.,0.,0.,0.,0.,0.,0.,0.,0.,0.,0.,0.,0.,0.
764,0.004,0.,0.004,0.018,0.,0.018,0.004,0.,0.004,0.018,0.,0.018,0.004,0.,0.004,0.018,0.,0.018,0.004,0.,0.004,0.,0.,0.,0.,0.,0.,0.,0.,0.,0.,0.,0.,0.,0.,0.,0.,0.,0.
768,0.004,0.,0.004,0.016,0.,0.016,0.004,0.,0.004,0.017,0.,0.017,0.005,0.,0.005,0.018,0.,0.018,0.004,0.,0.004,0.,0.,0.,0.,0.,0.,0.,0.,0.,0.,0.,0.,0.,0.,0.,0.,0.,0.
772,0.004,0.,0.004,0.019,0.,0.019,0.004,0.,0.004,0.018,0.,0.018,0.004,0.,0.004,0.017,0.,0.017,0.004,0.,0.004,0.,0.,0.,0.,0.,0.,0.,0.,0.,0.,0.,0.,0.,0.,0.,0.,0.,0.
776,0.004,0.,0.004,0.018,0.,0.018,0.004,0.,0.004,0.017,0.,0.017,0.005,0.,0.005,0.018,0.,0.018,0.004,0.,0.004,0.,0.,0.,0.,0.,0.,0.,0.,0.,0.,0.,0.,0.,0.,0.,0.,0.,0.
780,0.004,0.,0.004,0.017,0.,0.017,0.004,0.,0.004,0.017,0.,0.017,0.004,0.,0.004,0.017,0.,0.017,0.004,0.,0.004,0.,0.,0.,0.,0.,0.,0.,0.,0.,0.,0.,0.,0.,0.,0.,0.,0.,0.
784,0.004,0.,0.004,0.018,0.,0.018,0.005,0.,0.005,0.017,0.,0.017,0.005,0.,0.005,0.017,0.,0.017,0.005,0.,0.005,0.,0.,0.,0.,0.,0.,0.,0.,0.,0.,0.,0.,0.,0.,0.,0.,0.,0.
788,0.004,0.,0.004,0.018,0.,0.018,0.005,0.,0.005,0.018,0.,0.018,0.005,0.,0.005,0.017,0.,0.017,0.005,0.,0.005,0.,0.,0.,0.,0.,0.,0.,0.,0.,0.,0.,0.,0.,0.,0.,0.,0.,0.
792,0.004,0.,0.004,0.017,0.,0.017,0.005,0.,0.005,0.017,0.,0.017,0.005,0.,0.005,0.018,0.,0.018,0.005,0.,0.005,0.,0.,0.,0.,0.,0.,0.,0.,0.,0.,0.,0.,0.,0.,0.,0.,0.,0.
796,0.004,0.,0.004,0.018,0.,0.018,0.005,0.,0.005,0.018,0.,0.018,0.005,0.,0.005,0.017,0.,0.017,0.005,0.,0.005,0.,0.,0.,0.,0.,0.,0.,0.,0.,0.,0.,0.,0.,0.,0.,0.,0.,0.
800,0.004,0.,0.004,0.017,0.,0.017,0.005,0.,0.005,0.018,0.,0.018,0.005,0.,0.005,0.017,0.,0.017,0.005,0.,0.005,0.,0.,0.,0.,0.,0.,0.,0.,0.,0.,0.,0.,0.,0.,0.,0.,0.,0.
804,0.005,0.,0.005,0.018,0.,0.018,0.005,0.,0.005,0.019,0.,0.019,0.005,0.,0.005,0.017,0.,0.017,0.005,0.,0.005,0.,0.,0.,0.,0.,0.,0.,0.,0.,0.,0.,0.,0.,0.,0.,0.,0.,0.
808,0.005,0.,0.005,0.018,0.,0.018,0.005,0.,0.005,0.018,0.,0.018,0.005,0.,0.005,0.019,0.,0.019,0.005,0.,0.005,0.,0.,0.,0.,0.,0.,0.,0.,0.,0.,0.,0.,0.,0.,0.,0.,0.,0.
812,0.005,0.,0.005,0.019,0.,0.019,0.005,0.,0.005,0.019,0.,0.019,0.005,0.,0.005,0.018,0.,0.018,0.005,0.,0.005,0.,0.,0.,0.,0.,0.,0.,0.,0.,0.,0.,0.,0.,0.,0.,0.,0.,0.
816,0.005,0.,0.005,0.018,0.,0.018,0.005,0.,0.005,0.018,0.,0.018,0.005,0.,0.005,0.018,0.,0.018,0.005,0.,0.005,0.,0.,0.,0.,0.,0.,0.,0.,0.,0.,0.,0.,0.,0.,0.,0.,0.,0.
820,0.005,0.,0.005,0.02,0.,0.02,0.005,0.,0.005,0.019,0.,0.019,0.005,0.,0.005,0.019,0.,0.019,0.005,0.,0.005,0.,0.,0.,0.,0.,0.,0.,0.,0.,0.,0.,0.,0.,0.,0.,0.,0.,0.
824,0.005,0.,0.005,0.019,0.,0.019,0.005,0.,0.005,0.019,0.,0.019,0.005,0.,0.005,0.02,0.,0.02,0.005,0.,0.005,0.,0.,0.,0.,0.,0.,0.,0.,0.,0.,0.,0.,0.,0.,0.,0.,0.,0.
828,0.005,0.,0.005,0.02,0.,0.02,0.005,0.,0.005,0.019,0.,0.019,0.005,0.,0.005,0.019,0.,0.019,0.005,0.,0.005,0.,0.,0.,0.,0.,0.,0.,0.,0.,0.,0.,0.,0.,0.,0.,0.,0.,0.
832,0.005,0.,0.005,0.019,0.,0.019,0.005,0.,0.005,0.019,0.,0.019,0.005,0.,0.005,0.019,0.,0.019,0.005,0.,0.005,0.,0.,0.,0.,0.,0.,0.,0.,0.,0.,0.,0.,0.,0.,0.,0.,0.,0.
836,0.005,0.,0.005,0.019,0.,0.019,0.005,0.,0.005,0.019,0.,0.019,0.005,0.,0.005,0.019,0.,0.019,0.005,0.,0.005,0.,0.,0.,0.,0.,0.,0.,0.,0.,0.,0.,0.,0.,0.,0.,0.,0.,0.
840,0.005,0.,0.005,0.019,0.,0.019,0.005,0.,0.005,0.021,0.,0.021,0.005,0.,0.005,0.02,0.,0.02,0.005,0.,0.005,0.,0.,0.,0.,0.,0.,0.,0.,0.,0.,0.,0.,0.,0.,0.,0.,0.,0.
844,0.005,0.,0.005,0.02,0.,0.02,0.005,0.,0.005,0.021,0.,0.021,0.005,0.,0.005,0.02,0.,0.02,0.005,0.,0.005,0.,0.,0.,0.,0.,0.,0.,0.,0.,0.,0.,0.,0.,0.,0.,0.,0.,0.
848,0.005,0.,0.005,0.019,0.,0.019,0.005,0.,0.005,0.02,0.,0.02,0.005,0.,0.005,0.02,0.,0.02,0.005,0.,0.005,0.,0.,0.,0.,0.,0.,0.,0.,0.,0.,0.,0.,0.,0.,0.,0.,0.,0.
852,0.005,0.,0.005,0.02,0.,0.02,0.005,0.,0.005,0.02,0.,0.02,0.005,0.,0.005,0.021,0.,0.021,0.005,0.,0.005,0.,0.,0.,0.,0.,0.,0.,0.,0.,0.,0.,0.,0.,0.,0.,0.,0.,0.
856,0.005,0.,0.005,0.02,0.,0.02,0.005,0.,0.005,0.02,0.,0.02,0.005,0.,0.005,0.02,0.,0.02,0.006,0.,0.006,0.,0.,0.,0.,0.,0.,0.,0.,0.,0.,0.,0.,0.,0.,0.,0.,0.,0.
860,0.005,0.,0.005,0.021,0.,0.021,0.005,0.,0.005,0.02,0.,0.02,0.005,0.,0.005,0.021,0.,0.021,0.005,0.,0.005,0.,0.,0.,0.,0.,0.,0.,0.,0.,0.,0.,0.,0.,0.,0.,0.,0.,0.
864,0.005,0.,0.005,0.021,0.,0.021,0.005,0.,0.005,0.02,0.,0.02,0.005,0.,0.005,0.022,0.,0.022,0.005,0.,0.005,0.,0.,0.,0.,0.,0.,0.,0.,0.,0.,0.,0.,0.,0.,0.,0.,0.,0.
868,0.005,0.,0.005,0.02,0.,0.02,0.005,0.,0.005,0.021,0.,0.021,0.005,0.,0.005,0.021,0.,0.021,0.005,0.,0.005,0.,0.,0.,0.,0.,0.,0.,0.,0.,0.,0.,0.,0.,0.,0.,0.,0.,0.
872,0.005,0.,0.005,0.021,0.,0.021,0.005,0.,0.005,0.021,0.,0.021,0.005,0.,0.005,0.021,0.,0.021,0.005,0.,0.005,0.,0.,0.,0.,0.,0.,0.,0.,0.,0.,0.,0.,0.,0.,0.,0.,0.,0.
876,0.005,0.,0.005,0.02,0.,0.02,0.005,0.,0.005,0.021,0.,0.021,0.005,0.,0.005,0.021,0.,0.021,0.005,0.,0.005,0.,0.,0.,0.,0.,0.,0.,0.,0.,0.,0.,0.,0.,0.,0.,0.,0.,0.
880,0.005,0.,0.005,0.02,0.,0.02,0.005,0.,0.005,0.021,0.,0.021,0.005,0.,0.005,0.021,0.,0.021,0.005,0.,0.005,0.,0.,0.,0.,0.,0.,0.,0.,0.,0.,0.,0.,0.,0.,0.,0.,0.,0.
884,0.005,0.,0.005,0.022,0.,0.022,0.005,0.,0.005,0.021,0.,0.021,0.005,0.,0.005,0.021,0.,0.021,0.005,0.,0.005,0.,0.,0.,0.,0.,0.,0.,0.,0.,0.,0.,0.,0.,0.,0.,0.,0.,0.
888,0.005,0.,0.005,0.021,0.,0.021,0.005,0.,0.005,0.021,0.,0.021,0.005,0.,0.005,0.021,0.,0.021,0.005,0.,0.005,0.,0.,0.,0.,0.,0.,0.,0.,0.,0.,0.,0.,0.,0.,0.,0.,0.,0.
892,0.005,0.,0.005,0.021,0.,0.021,0.005,0.,0.005,0.022,0.,0.022,0.005,0.,0.005,0.022,0.,0.022,0.005,0.,0.005,0.,0.,0.,0.,0.,0.,0.,0.,0.,0.,0.,0.,0.,0.,0.,0.,0.,0.
896,0.005,0.,0.005,0.022,0.,0.022,0.005,0.,0.005,0.022,0.,0.022,0.005,0.,0.005,0.022,0.,0.022,0.005,0.,0.005,0.,0.,0.,0.,0.,0.,0.,0.,0.,0.,0.,0.,0.,0.,0.,0.,0.,0.
900,0.005,0.,0.005,0.022,0.,0.022,0.006,0.,0.006,0.021,0.,0.021,0.005,0.,0.005,0.022,0.,0.022,0.005,0.,0.005,0.,0.,0.,0.,0.,0.,0.,0.,0.,0.,0.,0.,0.,0.,0.,0.,0.,0.
904,0.005,0.,0.005,0.022,0.,0.022,0.005,0.,0.005,0.022,0.,0.022,0.005,0.,0.005,0.022,0.,0.022,0.006,0.,0.006,0.,0.,0.,0.,0.,0.,0.,0.,0.,0.,0.,0.,0.,0.,0.,0.,0.,0.
908,0.005,0.,0.005,0.022,0.,0.022,0.005,0.,0.005,0.023,0.,0.023,0.005,0.,0.005,0.023,0.,0.023,0.005,0.,0.005,0.,0.,0.,0.,0.,0.,0.,0.,0.,0.,0.,0.,0.,0.,0.,0.,0.,0.
912,0.005,0.,0.005,0.023,0.,0.023,0.005,0.,0.005,0.024,0.,0.024,0.005,0.,0.005,0.024,0.,0.024,0.005,0.,0.005,0.,0.,0.,0.,0.,0.,0.,0.,0.,0.,0.,0.,0.,0.,0.,0.,0.,0.
916,0.005,0.,0.005,0.023,0.003,0.02,0.005,0.,0.005,0.022,0.,0.022,0.005,0.,0.005,0.025,0.,0.024,0.005,0.,0.005,0.,0.,0.,0.,0.,0.,0.,0.,0.,0.,0.,0.,0.,0.,0.,0.,0.,0.
920,0.005,0.,0.005,0.023,0.,0.023,0.005,0.,0.005,0.022,0.,0.022,0.005,0.,0.005,0.023,0.,0.023,0.005,0.,0.005,0.,0.,0.,0.,0.,0.,0.,0.,0.,0.,0.,0.,0.,0.,0.,0.,0.,0.
924,0.005,0.,0.005,0.023,0.,0.023,0.005,0.,0.005,0.023,0.,0.023,0.005,0.,0.005,0.023,0.,0.023,0.005,0.,0.005,0.,0.,0.,0.,0.,0.,0.,0.,0.,0.,0.,0.,0.,0.,0.,0.,0.,0.
928,0.006,0.,0.006,0.022,0.,0.022,0.005,0.,0.005,0.023,0.,0.023,0.005,0.,0.005,0.023,0.,0.023,0.005,0.,0.005,0.,0.,0.,0.,0.,0.,0.,0.,0.,0.,0.,0.,0.,0.,0.,0.,0.,0.
932,0.005,0.,0.005,0.023,0.,0.023,0.005,0.,0.005,0.022,0.,0.022,0.006,0.,0.006,0.023,0.,0.023,0.005,0.,0.005,0.,0.,0.,0.,0.,0.,0.,0.,0.,0.,0.,0.,0.,0.,0.,0.,0.,0.
936,0.005,0.,0.005,0.023,0.,0.023,0.005,0.,0.005,0.023,0.,0.023,0.005,0.,0.005,0.022,0.,0.022,0.006,0.,0.006,0.,0.,0.,0.,0.,0.,0.,0.,0.,0.,0.,0.,0.,0.,0.,0.,0.,0.
940,0.005,0.,0.005,0.023,0.,0.023,0.005,0.,0.005,0.023,0.,0.023,0.005,0.,0.005,0.023,0.,0.023,0.005,0.,0.005,0.,0.,0.,0.,0.,0.,0.,0.,0.,0.,0.,0.,0.,0.,0.,0.,0.,0.
944,0.006,0.,0.006,0.023,0.,0.023,0.005,0.,0.005,0.024,0.,0.024,0.005,0.,0.005,0.023,0.,0.023,0.005,0.,0.005,0.,0.,0.,0.,0.,0.,0.,0.,0.,0.,0.,0.,0.,0.,0.,0.,0.,0.
948,0.007,0.,0.007,0.024,0.,0.024,0.006,0.,0.006,0.024,0.,0.024,0.006,0.,0.006,0.023,0.,0.023,0.006,0.,0.006,0.,0.,0.,0.,0.,0.,0.,0.,0.,0.,0.,0.,0.,0.,0.,0.,0.,0.
952,0.005,0.,0.005,0.024,0.,0.024,0.006,0.,0.006,0.024,0.,0.024,0.006,0.,0.006,0.024,0.,0.024,0.006,0.,0.006,0.,0.,0.,0.,0.,0.,0.,0.,0.,0.,0.,0.,0.,0.,0.,0.,0.,0.
956,0.005,0.,0.005,0.023,0.,0.023,0.006,0.,0.006,0.024,0.,0.024,0.006,0.,0.006,0.024,0.,0.024,0.006,0.,0.006,0.,0.,0.,0.,0.,0.,0.,0.,0.,0.,0.,0.,0.,0.,0.,0.,0.,0.
960,0.005,0.,0.005,0.024,0.,0.024,0.006,0.,0.006,0.028,0.,0.028,0.006,0.,0.006,0.026,0.,0.026,0.006,0.,0.006,0.,0.,0.,0.,0.,0.,0.,0.,0.,0.,0.,0.,0.,0.,0.,0.,0.,0.
964,0.006,0.,0.006,0.025,0.,0.025,0.006,0.,0.006,0.024,0.,0.024,0.006,0.,0.006,0.024,0.,0.024,0.006,0.,0.006,0.,0.,0.,0.,0.,0.,0.,0.,0.,0.,0.,0.,0.,0.,0.,0.,0.,0.
968,0.006,0.,0.006,0.025,0.,0.025,0.007,0.,0.007,0.025,0.,0.025,0.006,0.,0.006,0.024,0.,0.024,0.006,0.,0.006,0.,0.,0.,0.,0.,0.,0.,0.,0.,0.,0.,0.,0.,0.,0.,0.,0.,0.
972,0.006,0.,0.006,0.025,0.,0.025,0.006,0.,0.006,0.025,0.,0.025,0.006,0.,0.006,0.025,0.,0.025,0.006,0.,0.006,0.,0.,0.,0.,0.,0.,0.,0.,0.,0.,0.,0.,0.,0.,0.,0.,0.,0.
976,0.006,0.,0.006,0.026,0.,0.026,0.006,0.,0.006,0.026,0.,0.026,0.006,0.,0.006,0.028,0.,0.028,0.007,0.,0.007,0.,0.,0.,0.,0.,0.,0.,0.,0.,0.,0.,0.,0.,0.,0.,0.,0.,0.
980,0.006,0.,0.006,0.029,0.,0.029,0.006,0.,0.006,0.028,0.,0.028,0.006,0.,0.006,0.028,0.,0.028,0.006,0.,0.006,0.,0.,0.,0.,0.,0.,0.,0.,0.,0.,0.,0.,0.,0.,0.,0.,0.,0.
984,0.006,0.,0.006,0.029,0.,0.029,0.007,0.,0.007,0.028,0.,0.028,0.006,0.,0.006,0.026,0.,0.026,0.006,0.,0.006,0.,0.,0.,0.,0.,0.,0.,0.,0.,0.,0.,0.,0.,0.,0.,0.,0.,0.
988,0.006,0.,0.006,0.028,0.,0.028,0.006,0.,0.006,0.026,0.,0.026,0.006,0.,0.006,0.027,0.,0.027,0.006,0.,0.006,0.,0.,0.,0.,0.,0.,0.,0.,0.,0.,0.,0.,0.,0.,0.,0.,0.,0.
992,0.006,0.,0.006,0.024,0.,0.024,0.006,0.,0.006,0.027,0.,0.027,0.006,0.,0.006,0.028,0.,0.028,0.006,0.003,0.002,0.,0.,0.,0.,0.,0.,0.,0.,0.,0.,0.,0.,0.,0.,0.,0.,0.,0.
996,0.006,0.,0.006,0.025,0.,0.025,0.006,0.,0.006,0.028,0.,0.028,0.006,0.,0.006,0.027,0.,0.027,0.006,0.,0.006,0.,0.,0.,0.,0.,0.,0.,0.,0.,0.,0.,0.,0.,0.,0.,0.,0.,0.
1000,0.006,0.,0.006,0.028,0.,0.028,0.006,0.,0.006,0.026,0.,0.026,0.006,0.,0.006,0.029,0.,0.029,0.006,0.,0.006,0.,0.,0.,0.,0.,0.,0.,0.,0.,0.,0.,0.,0.,0.,0.,0.,0.,0.
1100,0.006,0.,0.006,0.033,0.,0.033,0.006,0.,0.006,0.037,0.,0.037,0.007,0.,0.007,0.03,0.,0.03,0.006,0.,0.006,0.,0.,0.,0.,0.,0.,0.,0.,0.,0.,0.,0.,0.,0.,0.,0.,0.,0.
1200,0.007,0.,0.007,0.038,0.,0.038,0.008,0.,0.008,0.037,0.,0.037,0.007,0.,0.007,0.039,0.,0.039,0.007,0.,0.007,0.,0.,0.,0.,0.,0.,0.,0.,0.,0.,0.,0.,0.,0.,0.,0.,0.,0.
1300,0.008,0.,0.008,0.04,0.,0.04,0.008,0.,0.008,0.043,0.,0.043,0.008,0.,0.008,0.045,0.,0.045,0.008,0.,0.008,0.,0.,0.,0.,0.,0.,0.,0.,0.,0.,0.,0.,0.,0.,0.,0.,0.,0.
1400,0.008,0.,0.008,0.046,0.,0.046,0.008,0.,0.008,0.052,0.,0.052,0.008,0.,0.008,0.051,0.,0.051,0.008,0.,0.008,0.,0.,0.,0.,0.,0.,0.,0.,0.,0.,0.,0.,0.,0.,0.,0.,0.,0.
1500,0.009,0.,0.009,0.059,0.,0.059,0.009,0.,0.009,0.057,0.,0.057,0.009,0.,0.009,0.059,0.,0.059,0.01,0.,0.01,0.,0.,0.,0.,0.,0.,0.,0.,0.,0.,0.,0.,0.,0.,0.,0.,0.,0.
1600,0.01,0.,0.01,0.067,0.,0.067,0.01,0.,0.01,0.062,0.,0.062,0.01,0.,0.01,0.063,0.,0.063,0.011,0.,0.011,0.,0.,0.,0.,0.,0.,0.,0.,0.,0.,0.,0.,0.,0.,0.,0.,0.,0.
1700,0.01,0.,0.01,0.073,0.,0.073,0.01,0.,0.01,0.075,0.,0.075,0.01,0.,0.01,0.074,0.,0.074,0.011,0.,0.011,0.,0.,0.,0.,0.,0.,0.,0.,0.,0.,0.,0.,0.,0.,0.,0.,0.,0.
1800,0.011,0.,0.011,0.081,0.,0.081,0.011,0.,0.011,0.083,0.,0.083,0.012,0.,0.012,0.079,0.,0.079,0.011,0.,0.011,0.,0.,0.,0.,0.,0.,0.,0.,0.,0.,0.,0.,0.,0.,0.,0.,0.,0.
1900,0.011,0.,0.011,0.089,0.,0.089,0.012,0.,0.012,0.094,0.,0.094,0.011,0.,0.011,0.093,0.,0.093,0.011,0.,0.011,0.,0.,0.,0.002,0.,0.002,0.,0.,0.,0.,0.,0.,0.,0.,0.,0.,0.,0.
2000,0.012,0.,0.012,0.096,0.,0.096,0.012,0.,0.012,0.097,0.,0.097,0.013,0.,0.013,0.095,0.,0.095,0.012,0.,0.012,0.,0.,0.,0.,0.,0.,0.,0.,0.,0.,0.,0.,0.,0.,0.,0.,0.,0.
2100,0.013,0.,0.013,0.113,0.,0.113,0.013,0.,0.013,0.112,0.,0.112,0.013,0.,0.013,0.111,0.,0.111,0.013,0.,0.013,0.,0.,0.,0.,0.,0.,0.,0.,0.,0.,0.,0.,0.,0.,0.,0.,0.,0.
2200,0.014,0.,0.014,0.119,0.,0.119,0.014,0.,0.014,0.119,0.,0.119,0.014,0.,0.014,0.113,0.,0.113,0.013,0.,0.013,0.,0.,0.,0.,0.,0.,0.,0.,0.,0.,0.,0.,0.,0.,0.,0.,0.,0.
2300,0.014,0.,0.014,0.13,0.,0.13,0.014,0.,0.014,0.121,0.,0.121,0.015,0.,0.015,0.121,0.,0.121,0.014,0.,0.014,0.001,0.,0.001,0.,0.,0.,0.,0.,0.,0.,0.,0.,0.,0.,0.,0.,0.,0.
2400,0.014,0.,0.014,0.122,0.,0.122,0.016,0.,0.016,0.123,0.,0.123,0.015,0.,0.015,0.124,0.,0.124,0.017,0.,0.017,0.,0.,0.,0.001,0.,0.001,0.,0.,0.,0.,0.,0.,0.,0.,0.,0.,0.,0.
2500,0.016,0.,0.016,0.149,0.,0.149,0.015,0.,0.015,0.146,0.,0.146,0.018,0.,0.018,0.153,0.,0.153,0.015,0.,0.015,0.001,0.,0.001,0.001,0.,0.001,0.001,0.,0.001,0.001,0.,0.001,0.001,0.,0.001,0.001,0.,0.001
2600,0.016,0.,0.016,0.156,0.,0.156,0.016,0.,0.016,0.154,0.,0.154,0.017,0.,0.017,0.151,0.,0.151,0.016,0.,0.016,0.001,0.,0.001,0.001,0.,0.001,0.001,0.,0.001,0.001,0.,0.001,0.001,0.,0.001,0.001,0.,0.001
2700,0.017,0.,0.017,0.165,0.,0.165,0.017,0.,0.017,0.169,0.,0.169,0.018,0.,0.018,0.173,0.,0.173,0.017,0.,0.017,0.001,0.,0.001,0.001,0.,0.001,0.001,0.,0.001,0.001,0.,0.001,0.001,0.,0.001,0.001,0.,0.001
2800,0.017,0.,0.017,0.179,0.,0.179,0.017,0.,0.017,0.181,0.,0.181,0.019,0.,0.019,0.18,0.,0.18,0.017,0.,0.017,0.001,0.,0.001,0.001,0.,0.001,0.001,0.,0.001,0.001,0.,0.001,0.001,0.,0.001,0.001,0.,0.001
2900,0.017,0.,0.017,0.202,0.,0.202,0.019,0.,0.019,0.2,0.,0.2,0.018,0.,0.018,0.203,0.,0.203,0.018,0.,0.018,0.001,0.,0.001,0.001,0.,0.001,0.001,0.,0.001,0.001,0.,0.001,0.001,0.,0.001,0.001,0.,0.001
3000,0.019,0.,0.019,0.2,0.,0.2,0.019,0.,0.019,0.213,0.,0.213,0.02,0.,0.02,0.204,0.,0.204,0.019,0.,0.019,0.001,0.,0.001,0.001,0.,0.001,0.001,0.,0.001,0.001,0.,0.001,0.001,0.,0.001,0.001,0.,0.001
3100,0.019,0.,0.019,0.214,0.,0.214,0.02,0.,0.02,0.21,0.,0.21,0.019,0.,0.019,0.21,0.,0.21,0.022,0.,0.022,0.001,0.,0.001,0.001,0.,0.001,0.001,0.,0.001,0.001,0.,0.001,0.001,0.,0.001,0.001,0.,0.001
3200,0.019,0.,0.019,0.242,0.,0.242,0.02,0.,0.02,0.234,0.,0.234,0.02,0.,0.02,0.238,0.,0.238,0.022,0.,0.022,0.001,0.,0.001,0.001,0.,0.001,0.001,0.,0.001,0.001,0.,0.001,0.001,0.,0.001,0.001,0.,0.001
3300,0.02,0.,0.02,0.246,0.,0.246,0.021,0.,0.021,0.239,0.,0.239,0.02,0.,0.02,0.236,0.,0.236,0.022,0.,0.022,0.001,0.001,0.,0.001,0.,0.001,0.001,0.001,0.,0.001,0.,0.001,0.001,0.001,0.,0.001,0.,0.001
3400,0.021,0.,0.021,0.262,0.,0.262,0.022,0.,0.022,0.279,0.,0.279,0.024,0.,0.024,0.255,0.,0.255,0.021,0.,0.021,0.001,0.,0.001,0.001,0.,0.001,0.001,0.,0.001,0.001,0.,0.001,0.001,0.,0.001,0.001,0.,0.001
3500,0.022,0.,0.022,0.297,0.,0.297,0.022,0.,0.022,0.28,0.,0.28,0.024,0.,0.024,0.276,0.,0.276,0.022,0.,0.022,0.001,0.,0.001,0.001,0.,0.001,0.001,0.,0.001,0.001,0.,0.001,0.001,0.,0.001,0.001,0.,0.001
3600,0.022,0.,0.022,0.284,0.,0.284,0.024,0.,0.024,0.283,0.,0.283,0.023,0.,0.023,0.266,0.,0.266,0.022,0.,0.022,0.001,0.,0.001,0.001,0.,0.001,0.001,0.,0.001,0.003,0.,0.003,0.001,0.,0.001,0.001,0.,0.001
3700,0.023,0.,0.023,0.298,0.,0.298,0.024,0.,0.024,0.297,0.,0.297,0.026,0.,0.026,0.298,0.,0.298,0.023,0.,0.023,0.001,0.,0.001,0.001,0.,0.001,0.001,0.,0.001,0.001,0.,0.001,0.001,0.,0.001,0.001,0.,0.001
3800,0.024,0.,0.024,0.33,0.,0.33,0.026,0.,0.026,0.321,0.,0.321,0.024,0.,0.024,0.296,0.,0.296,0.024,0.,0.024,0.001,0.,0.001,0.001,0.,0.001,0.001,0.,0.001,0.001,0.,0.001,0.001,0.,0.001,0.001,0.,0.001
3900,0.024,0.,0.024,0.326,0.,0.326,0.025,0.,0.025,0.348,0.,0.348,0.028,0.,0.028,0.352,0.,0.352,0.025,0.,0.025,0.001,0.,0.001,0.001,0.,0.001,0.001,0.,0.001,0.001,0.,0.001,0.001,0.,0.001,0.001,0.,0.001
4000,0.026,0.,0.026,0.346,0.,0.346,0.025,0.,0.025,0.346,0.,0.346,0.026,0.,0.026,0.341,0.,0.341,0.028,0.,0.028,0.001,0.,0.001,0.001,0.,0.001,0.003,0.,0.003,0.001,0.,0.001,0.001,0.,0.001,0.001,0.,0.001
4100,0.025,0.,0.025,0.357,0.,0.357,0.03,0.,0.03,0.355,0.,0.355,0.027,0.,0.027,0.349,0.,0.349,0.026,0.,0.026,0.001,0.,0.001,0.001,0.,0.001,0.001,0.,0.001,0.001,0.,0.001,0.001,0.,0.001,0.001,0.,0.001
4200,0.027,0.,0.027,0.379,0.,0.379,0.029,0.,0.029,0.391,0.,0.391,0.027,0.,0.027,0.381,0.,0.381,0.026,0.,0.026,0.001,0.,0.001,0.001,0.,0.001,0.001,0.,0.001,0.001,0.,0.001,0.001,0.,0.001,0.001,0.,0.001
4300,0.028,0.,0.028,0.412,0.,0.412,0.029,0.,0.029,0.4,0.,0.4,0.027,0.,0.027,0.407,0.,0.407,0.027,0.,0.027,0.002,0.,0.002,0.001,0.,0.001,0.002,0.,0.002,0.001,0.,0.001,0.001,0.,0.001,0.001,0.,0.001
4400,0.028,0.,0.028,0.428,0.,0.428,0.03,0.,0.03,0.431,0.,0.431,0.028,0.,0.028,0.423,0.,0.423,0.028,0.,0.028,0.001,0.,0.001,0.001,0.,0.001,0.001,0.,0.001,0.001,0.,0.001,0.002,0.,0.002,0.001,0.,0.001
4500,0.027,0.,0.027,0.423,0.,0.423,0.031,0.,0.031,0.437,0.,0.437,0.029,0.,0.029,0.43,0.,0.43,0.03,0.,0.03,0.001,0.,0.001,0.001,0.,0.001,0.001,0.001,0.,0.001,0.,0.001,0.001,0.001,0.,0.001,0.,0.001
4600,0.03,0.,0.03,0.467,0.,0.467,0.03,0.,0.03,0.471,0.,0.471,0.03,0.,0.03,0.444,0.,0.444,0.029,0.,0.029,0.001,0.,0.001,0.001,0.,0.001,0.001,0.,0.001,0.002,0.,0.002,0.001,0.,0.001,0.001,0.,0.001
4700,0.029,0.,0.029,0.498,0.,0.498,0.031,0.,0.031,0.494,0.,0.494,0.031,0.,0.031,0.488,0.,0.488,0.03,0.,0.03,0.001,0.,0.001,0.001,0.,0.001,0.001,0.,0.001,0.001,0.,0.001,0.001,0.,0.001,0.001,0.,0.001
4800,0.029,0.,0.029,0.49,0.,0.49,0.032,0.,0.032,0.477,0.,0.476,0.031,0.,0.031,0.526,0.,0.526,0.032,0.,0.032,0.001,0.,0.001,0.001,0.,0.001,0.001,0.,0.001,0.001,0.,0.001,0.001,0.,0.001,0.001,0.,0.001
4900,0.03,0.,0.03,0.526,0.,0.526,0.032,0.,0.032,0.525,0.,0.525,0.031,0.,0.031,0.539,0.,0.539,0.031,0.,0.031,0.002,0.,0.002,0.001,0.,0.001,0.002,0.,0.002,0.001,0.,0.001,0.001,0.,0.001,0.001,0.,0.001
5000,0.031,0.,0.031,0.551,0.,0.551,0.033,0.,0.033,0.551,0.,0.551,0.032,0.,0.032,0.538,0.,0.538,0.031,0.,0.031,0.001,0.,0.001,0.002,0.,0.002,0.001,0.,0.001,0.001,0.,0.001,0.001,0.,0.001,0.001,0.,0.001
5500,0.036,0.,0.036,0.654,0.,0.654,0.035,0.,0.035,0.653,0.,0.653,0.035,0.,0.035,0.656,0.,0.656,0.034,0.,0.034,0.002,0.,0.002,0.002,0.,0.002,0.002,0.,0.002,0.002,0.,0.002,0.002,0.,0.002,0.002,0.,0.002
6000,0.038,0.,0.038,0.788,0.,0.788,0.038,0.,0.038,0.755,0.,0.755,0.038,0.,0.038,0.738,0.,0.738,0.038,0.,0.038,0.002,0.,0.002,0.002,0.,0.002,0.002,0.,0.002,0.002,0.,0.002,0.002,0.,0.002,0.002,0.,0.002
6500,0.041,0.,0.041,0.893,0.,0.893,0.043,0.,0.043,0.878,0.,0.878,0.042,0.,0.042,0.869,0.,0.869,0.041,0.,0.041,0.002,0.,0.002,0.002,0.,0.002,0.002,0.,0.002,0.002,0.,0.002,0.002,0.,0.002,0.002,0.,0.002
7000,0.046,0.,0.046,1.078,0.,1.078,0.044,0.,0.044,0.994,0.,0.994,0.044,0.,0.044,0.991,0.,0.991,0.045,0.,0.045,0.002,0.,0.002,0.003,0.,0.003,0.002,0.,0.002,0.002,0.,0.002,0.002,0.,0.002,0.002,0.,0.002
7500,0.047,0.,0.047,1.174,0.,1.174,0.048,0.,0.048,1.136,0.,1.136,0.049,0.,0.049,1.144,0.,1.144,0.047,0.,0.047,0.003,0.,0.003,0.003,0.,0.003,0.002,0.,0.002,0.003,0.,0.003,0.002,0.,0.002,0.003,0.,0.003
8000,0.051,0.,0.051,1.276,0.,1.276,0.051,0.,0.051,1.278,0.,1.278,0.05,0.,0.05,1.282,0.,1.282,0.051,0.,0.051,0.003,0.,0.003,0.003,0.,0.003,0.003,0.,0.003,0.003,0.,0.003,0.003,0.,0.003,0.003,0.,0.003
8500,0.053,0.,0.053,1.46,0.,1.46,0.056,0.,0.056,1.451,0.,1.451,0.055,0.,0.055,1.453,0.,1.453,0.054,0.,0.054,0.003,0.,0.003,0.003,0.,0.003,0.003,0.,0.003,0.003,0.,0.003,0.003,0.,0.003,0.003,0.,0.003
9000,0.056,0.,0.056,1.647,0.,1.647,0.058,0.,0.058,1.609,0.,1.609,0.058,0.,0.058,1.617,0.,1.617,0.057,0.,0.057,0.003,0.,0.003,0.003,0.,0.003,0.003,0.,0.003,0.003,0.,0.003,0.003,0.,0.003,0.003,0.,0.003
9500,0.065,0.,0.065,1.801,0.,1.801,0.064,0.,0.064,1.806,0.,1.806,0.064,0.,0.064,1.789,0.,1.789,0.064,0.,0.064,0.003,0.,0.003,0.003,0.,0.003,0.003,0.,0.003,0.003,0.,0.003,0.004,0.,0.004,0.003,0.,0.003
10000,0.065,0.,0.065,2.028,0.,2.028,0.067,0.,0.067,2.037,0.,2.037,0.068,0.,0.068,2.027,0.,2.027,0.067,0.,0.067,0.004,0.,0.004,0.004,0.,0.004,0.004,0.,0.004,0.003,0.,0.003,0.004,0.,0.004,0.004,0.,0.004