param-n,abstract-regression-cubic-real,abstract-regression-cubic-sys,abstract-regression-cubic-user,close-abstract-regression-cubic-real,close-abstract-regression-cubic-sys,close-abstract-regression-cubic-user,fast-rewrite-regression-cubic-real,fast-rewrite-regression-cubic-sys,fast-rewrite-regression-cubic-user,pose-build-and-refine-regression-cubic-real,pose-build-and-refine-regression-cubic-sys,pose-build-and-refine-regression-cubic-user,refine-regression-quadratic-regression-linear-real,refine-regression-quadratic-regression-linear-sys,refine-regression-quadratic-regression-linear-user
1,0.,0.,0.,0.,0.,0.,0.,0.,0.,0.,0.,0.,0.,0.,0.
2,0.,0.,0.,0.,0.,0.,0.,0.,0.,0.,0.,0.,0.,0.,0.
3,0.,0.,0.,0.,0.,0.,0.,0.,0.,0.,0.,0.,0.,0.,0.
4,0.,0.,0.,0.,0.,0.,0.,0.,0.,0.,0.,0.,0.,0.,0.
5,0.001,0.,0.,0.,0.,0.,0.,0.,0.,0.,0.,0.,0.,0.,0.
6,0.001,0.,0.001,0.,0.,0.,0.,0.,0.,0.,0.,0.,0.,0.,0.
7,0.001,0.,0.001,0.,0.,0.,0.,0.,0.,0.,0.,0.,0.,0.,0.
8,0.001,0.,0.001,0.,0.,0.,0.,0.,0.,0.,0.,0.,0.,0.,0.
9,0.001,0.,0.001,0.,0.,0.,0.,0.,0.,0.,0.,0.,0.,0.,0.
10,0.001,0.,0.001,0.,0.,0.,0.001,0.,0.001,0.001,0.,0.001,0.,0.,0.
11,0.001,0.,0.001,0.,0.,0.,0.001,0.,0.001,0.001,0.,0.001,0.,0.,0.
12,0.002,0.,0.002,0.,0.,0.,0.001,0.,0.001,0.001,0.,0.001,0.,0.,0.
13,0.044,0.007,0.037,0.,0.,0.,0.044,0.007,0.036,0.044,0.007,0.036,0.,0.,0.
14,0.001,0.,0.001,0.,0.,0.,0.001,0.,0.,0.001,0.,0.,0.,0.,0.
15,0.001,0.,0.001,0.,0.,0.,0.001,0.,0.001,0.001,0.,0.001,0.,0.,0.
16,0.001,0.,0.001,0.,0.,0.,0.001,0.,0.001,0.001,0.,0.001,0.,0.,0.
17,0.002,0.,0.002,0.,0.,0.,0.001,0.,0.001,0.001,0.,0.001,0.,0.,0.
18,0.002,0.,0.002,0.,0.,0.,0.001,0.,0.001,0.001,0.,0.001,0.,0.,0.
19,0.002,0.,0.002,0.,0.,0.,0.001,0.,0.001,0.001,0.,0.001,0.,0.,0.
20,0.002,0.,0.002,0.,0.,0.,0.001,0.,0.001,0.001,0.,0.001,0.,0.,0.
21,0.002,0.,0.002,0.,0.,0.,0.001,0.,0.001,0.001,0.,0.001,0.,0.,0.
22,0.002,0.,0.002,0.,0.,0.,0.001,0.,0.001,0.001,0.,0.001,0.,0.,0.
23,0.002,0.,0.002,0.,0.,0.,0.001,0.,0.001,0.001,0.,0.001,0.,0.,0.
24,0.002,0.,0.002,0.,0.,0.,0.001,0.,0.001,0.001,0.,0.001,0.,0.,0.
25,0.003,0.,0.003,0.,0.,0.,0.001,0.,0.001,0.001,0.,0.001,0.,0.,0.
26,0.003,0.,0.003,0.,0.,0.,0.002,0.,0.002,0.002,0.,0.002,0.,0.,0.
27,0.003,0.,0.003,0.001,0.,0.001,0.002,0.,0.002,0.002,0.,0.002,0.,0.,0.
28,0.005,0.,0.005,0.002,0.,0.002,0.002,0.,0.002,0.002,0.,0.002,0.,0.,0.
29,0.003,0.,0.003,0.001,0.,0.001,0.002,0.,0.002,0.002,0.,0.002,0.,0.,0.
30,0.003,0.,0.003,0.001,0.,0.001,0.002,0.,0.002,0.002,0.,0.002,0.,0.,0.
31,0.003,0.,0.003,0.001,0.,0.001,0.002,0.,0.002,0.002,0.,0.002,0.,0.,0.
32,0.004,0.,0.004,0.001,0.,0.001,0.002,0.,0.002,0.002,0.,0.002,0.,0.,0.
33,0.004,0.,0.004,0.001,0.,0.001,0.002,0.,0.002,0.002,0.,0.002,0.,0.,0.
34,0.004,0.,0.004,0.001,0.,0.001,0.002,0.,0.002,0.002,0.,0.002,0.,0.,0.
35,0.004,0.,0.004,0.001,0.,0.001,0.002,0.,0.002,0.002,0.,0.002,0.,0.,0.
36,0.005,0.,0.005,0.002,0.,0.002,0.003,0.,0.003,0.003,0.,0.003,0.,0.,0.
37,0.004,0.,0.004,0.001,0.,0.001,0.003,0.,0.003,0.003,0.,0.003,0.,0.,0.
38,0.008,0.,0.008,0.001,0.,0.001,0.006,0.,0.006,0.006,0.,0.006,0.,0.,0.
39,0.005,0.,0.005,0.001,0.,0.001,0.003,0.,0.003,0.003,0.,0.003,0.,0.,0.
40,0.005,0.,0.005,0.001,0.,0.001,0.003,0.,0.003,0.003,0.,0.003,0.,0.,0.
41,0.005,0.,0.005,0.001,0.,0.001,0.003,0.,0.003,0.003,0.,0.003,0.,0.,0.
42,0.005,0.,0.005,0.001,0.,0.001,0.003,0.,0.003,0.003,0.,0.003,0.,0.,0.
43,0.005,0.,0.005,0.002,0.,0.002,0.003,0.,0.003,0.003,0.,0.003,0.,0.,0.
44,0.006,0.,0.006,0.002,0.,0.002,0.003,0.,0.003,0.003,0.,0.003,0.,0.,0.
45,0.006,0.,0.006,0.002,0.,0.002,0.003,0.,0.003,0.003,0.,0.003,0.,0.,0.
46,0.007,0.,0.007,0.002,0.,0.002,0.005,0.,0.005,0.005,0.,0.005,0.,0.,0.
47,0.006,0.,0.006,0.002,0.,0.002,0.003,0.,0.003,0.003,0.,0.003,0.,0.,0.
48,0.006,0.,0.006,0.002,0.,0.002,0.004,0.,0.004,0.003,0.,0.003,0.,0.,0.
49,0.006,0.,0.006,0.002,0.,0.002,0.004,0.,0.004,0.004,0.,0.004,0.,0.,0.
50,0.008,0.,0.008,0.003,0.,0.003,0.005,0.,0.004,0.005,0.,0.004,0.,0.,0.
51,0.007,0.,0.007,0.002,0.,0.002,0.004,0.,0.004,0.004,0.,0.004,0.,0.,0.
52,0.007,0.,0.007,0.003,0.,0.003,0.004,0.,0.004,0.004,0.,0.004,0.,0.,0.
53,0.011,0.,0.011,0.003,0.,0.003,0.008,0.,0.008,0.008,0.,0.008,0.,0.,0.
54,0.007,0.,0.007,0.003,0.,0.003,0.004,0.,0.004,0.004,0.,0.004,0.,0.,0.
55,0.008,0.,0.008,0.003,0.,0.003,0.004,0.,0.004,0.004,0.,0.004,0.,0.,0.
56,0.008,0.,0.008,0.003,0.,0.003,0.004,0.,0.004,0.004,0.,0.004,0.,0.,0.
57,0.008,0.,0.008,0.003,0.,0.003,0.004,0.,0.004,0.004,0.,0.004,0.,0.,0.
58,0.008,0.,0.008,0.003,0.,0.003,0.004,0.,0.004,0.004,0.,0.004,0.,0.,0.
59,0.01,0.,0.01,0.003,0.,0.003,0.006,0.,0.006,0.006,0.,0.006,0.,0.,0.
60,0.009,0.,0.009,0.003,0.,0.003,0.005,0.,0.005,0.005,0.,0.005,0.,0.,0.
61,0.009,0.,0.009,0.003,0.,0.003,0.005,0.,0.005,0.005,0.,0.005,0.,0.,0.
62,0.009,0.,0.009,0.004,0.,0.004,0.005,0.,0.005,0.005,0.,0.005,0.,0.,0.
63,0.01,0.,0.01,0.004,0.,0.004,0.005,0.,0.005,0.005,0.,0.005,0.,0.,0.
64,0.013,0.,0.013,0.004,0.,0.004,0.009,0.,0.009,0.009,0.,0.009,0.,0.,0.
65,0.01,0.,0.01,0.004,0.,0.004,0.005,0.,0.005,0.005,0.,0.005,0.,0.,0.
66,0.01,0.,0.01,0.004,0.,0.004,0.005,0.,0.005,0.005,0.,0.005,0.,0.,0.
67,0.011,0.,0.011,0.004,0.,0.004,0.006,0.,0.006,0.006,0.,0.006,0.,0.,0.
68,0.011,0.,0.011,0.004,0.,0.004,0.006,0.,0.006,0.006,0.,0.006,0.,0.,0.
69,0.012,0.,0.012,0.004,0.,0.004,0.006,0.,0.006,0.006,0.,0.006,0.,0.,0.
70,0.012,0.,0.012,0.005,0.,0.005,0.006,0.,0.006,0.006,0.,0.006,0.,0.,0.
71,0.012,0.,0.012,0.005,0.,0.005,0.006,0.,0.006,0.006,0.,0.006,0.,0.,0.
72,0.011,0.,0.011,0.005,0.,0.005,0.006,0.,0.006,0.006,0.,0.006,0.,0.,0.
73,0.013,0.,0.013,0.005,0.,0.005,0.008,0.,0.008,0.008,0.,0.008,0.,0.,0.
74,0.012,0.,0.012,0.005,0.,0.005,0.006,0.,0.006,0.006,0.,0.006,0.,0.,0.
75,0.012,0.,0.012,0.005,0.,0.005,0.006,0.,0.006,0.006,0.,0.006,0.,0.,0.
76,0.013,0.,0.013,0.005,0.,0.005,0.006,0.,0.006,0.006,0.,0.006,0.,0.,0.
77,0.015,0.,0.015,0.005,0.,0.005,0.008,0.,0.008,0.008,0.,0.008,0.,0.,0.
78,0.013,0.,0.013,0.006,0.,0.006,0.006,0.,0.006,0.006,0.,0.006,0.,0.,0.
79,0.013,0.,0.013,0.006,0.,0.006,0.007,0.,0.007,0.007,0.,0.007,0.,0.,0.
80,0.014,0.,0.014,0.006,0.,0.006,0.007,0.,0.007,0.007,0.,0.007,0.,0.,0.
81,0.019,0.,0.019,0.007,0.,0.007,0.011,0.,0.011,0.011,0.,0.011,0.,0.,0.
82,0.015,0.,0.015,0.007,0.,0.007,0.007,0.,0.007,0.007,0.,0.007,0.,0.,0.
83,0.015,0.,0.015,0.007,0.,0.007,0.007,0.,0.007,0.007,0.,0.007,0.,0.,0.
84,0.017,0.,0.017,0.008,0.,0.008,0.007,0.,0.007,0.007,0.,0.007,0.,0.,0.
85,0.016,0.,0.016,0.008,0.,0.008,0.007,0.,0.007,0.007,0.,0.007,0.,0.,0.
86,0.016,0.,0.016,0.008,0.,0.008,0.007,0.,0.007,0.007,0.,0.007,0.,0.,0.
87,0.019,0.,0.019,0.008,0.,0.008,0.01,0.,0.01,0.01,0.,0.01,0.,0.,0.
88,0.018,0.,0.018,0.008,0.,0.008,0.009,0.,0.009,0.009,0.,0.009,0.,0.,0.
89,0.018,0.,0.018,0.009,0.,0.009,0.008,0.,0.008,0.008,0.,0.008,0.,0.,0.
90,0.018,0.,0.018,0.009,0.,0.009,0.008,0.,0.008,0.008,0.,0.008,0.,0.,0.
91,0.022,0.,0.022,0.009,0.,0.009,0.012,0.,0.012,0.012,0.,0.012,0.004,0.,0.004
92,0.019,0.,0.019,0.009,0.,0.009,0.009,0.,0.009,0.009,0.,0.009,0.,0.,0.
93,0.019,0.,0.019,0.01,0.,0.01,0.009,0.,0.009,0.009,0.,0.009,0.,0.,0.
94,0.025,0.,0.025,0.015,0.,0.015,0.009,0.,0.009,0.009,0.,0.009,0.,0.,0.
95,0.021,0.,0.021,0.011,0.,0.011,0.009,0.,0.009,0.009,0.,0.009,0.,0.,0.
96,0.021,0.,0.021,0.011,0.,0.011,0.009,0.,0.009,0.009,0.,0.009,0.,0.,0.
97,0.023,0.,0.023,0.012,0.,0.012,0.009,0.,0.009,0.009,0.,0.009,0.,0.,0.
98,0.021,0.,0.021,0.011,0.,0.011,0.009,0.,0.009,0.009,0.,0.009,0.,0.,0.
99,0.022,0.,0.022,0.011,0.,0.011,0.009,0.,0.009,0.009,0.,0.009,0.,0.,0.
100,0.062,0.007,0.055,0.05,0.003,0.046,0.012,0.004,0.008,0.012,0.004,0.008,0.,0.,0.
110,0.028,0.,0.028,0.015,0.,0.015,0.013,0.,0.013,0.013,0.,0.013,0.,0.,0.
120,0.031,0.,0.031,0.018,0.,0.018,0.012,0.,0.012,0.012,0.,0.012,0.,0.,0.
130,0.036,0.,0.036,0.022,0.,0.022,0.013,0.,0.013,0.013,0.,0.013,0.001,0.,0.001
140,0.043,0.,0.043,0.027,0.,0.027,0.015,0.,0.015,0.015,0.,0.015,0.001,0.,0.001
150,0.048,0.,0.048,0.032,0.,0.032,0.016,0.,0.016,0.016,0.,0.016,0.001,0.,0.001
160,0.058,0.,0.058,0.039,0.,0.039,0.018,0.,0.018,0.018,0.,0.018,0.001,0.,0.001
170,0.063,0.,0.063,0.042,0.,0.042,0.02,0.,0.02,0.02,0.,0.02,0.001,0.,0.001
180,0.076,0.,0.076,0.052,0.,0.052,0.024,0.,0.024,0.023,0.,0.023,0.001,0.,0.001
190,0.089,0.,0.088,0.059,0.,0.059,0.028,0.,0.028,0.028,0.,0.028,0.001,0.,0.001
200,0.103,0.,0.103,0.071,0.,0.071,0.031,0.,0.031,0.031,0.,0.031,0.001,0.,0.001
210,0.11,0.,0.11,0.082,0.,0.082,0.027,0.,0.027,0.027,0.,0.027,0.001,0.,0.001
220,0.129,0.,0.129,0.099,0.,0.099,0.029,0.,0.029,0.029,0.,0.029,0.001,0.,0.001
230,0.137,0.,0.137,0.106,0.,0.105,0.031,0.,0.031,0.031,0.,0.031,0.001,0.,0.001
240,0.161,0.002,0.159,0.111,0.,0.111,0.049,0.002,0.047,0.049,0.002,0.047,0.001,0.,0.001
250,0.181,0.,0.181,0.127,0.,0.127,0.053,0.,0.053,0.053,0.,0.053,0.002,0.,0.002
260,0.188,0.,0.188,0.139,0.,0.139,0.048,0.,0.048,0.047,0.,0.047,0.001,0.,0.001
270,0.221,0.,0.221,0.157,0.,0.157,0.063,0.,0.063,0.063,0.,0.063,0.002,0.,0.002
280,0.221,0.,0.221,0.176,0.,0.176,0.044,0.,0.044,0.044,0.,0.044,0.002,0.,0.002
290,0.246,0.,0.246,0.191,0.,0.191,0.054,0.,0.054,0.054,0.,0.054,0.002,0.,0.002
300,0.273,0.,0.273,0.217,0.,0.217,0.055,0.,0.055,0.055,0.,0.055,0.002,0.,0.002
310,0.308,0.003,0.304,0.243,0.003,0.239,0.064,0.,0.064,0.064,0.,0.064,0.002,0.,0.002
320,0.292,0.,0.292,0.239,0.,0.239,0.052,0.,0.052,0.052,0.,0.052,0.002,0.,0.002
330,0.329,0.,0.329,0.275,0.,0.275,0.053,0.,0.053,0.053,0.,0.053,0.002,0.,0.002
340,0.354,0.,0.354,0.294,0.,0.294,0.059,0.,0.059,0.059,0.,0.059,0.002,0.,0.002
350,0.441,0.003,0.437,0.366,0.,0.366,0.074,0.003,0.07,0.074,0.003,0.07,0.002,0.,0.002
360,0.419,0.,0.419,0.35,0.,0.35,0.068,0.,0.068,0.068,0.,0.068,0.002,0.,0.002
370,0.457,0.,0.457,0.384,0.,0.384,0.072,0.,0.072,0.072,0.,0.072,0.002,0.,0.002
380,0.486,0.,0.486,0.411,0.,0.411,0.074,0.,0.074,0.074,0.,0.074,0.004,0.,0.004
390,0.52,0.,0.52,0.445,0.,0.445,0.074,0.,0.074,0.074,0.,0.074,0.003,0.,0.003
400,0.579,0.,0.579,0.486,0.,0.486,0.092,0.,0.092,0.092,0.,0.092,0.003,0.,0.003
500,1.054,0.,1.054,0.922,0.,0.922,0.13,0.,0.13,0.13,0.,0.13,0.003,0.,0.003
600,1.866,0.004,1.862,1.592,0.,1.592,0.272,0.004,0.268,0.272,0.004,0.268,0.005,0.,0.005
700,2.715,0.016,2.698,2.47,0.,2.47,0.243,0.016,0.227,0.243,0.016,0.227,0.005,0.,0.005
800,3.991,0.008,3.983,3.683,0.008,3.675,0.307,0.,0.307,0.307,0.,0.307,0.006,0.,0.006
900,5.387,0.003,5.383,4.99,0.,4.99,0.396,0.003,0.392,0.396,0.003,0.392,0.006,0.,0.006
1000,7.595,0.016,7.579,7.093,0.,7.093,0.5,0.015,0.484,0.5,0.015,0.484,0.007,0.,0.007