param-n,cbn-regression-cubic-real,cbn-regression-cubic-sys,cbn-regression-cubic-user,cbv-regression-quadratic-real,cbv-regression-quadratic-sys,cbv-regression-quadratic-user,lazy-regression-quadratic-real,lazy-regression-quadratic-sys,lazy-regression-quadratic-user,native-compute(1)-native-compute-compilation-real,native-compute(1)-native-compute-conversion-to-native-code-real,native-compute(1)-native-compute-evaluation-real,native-compute(1)-native-compute-reification-real,native-compute(1)-regression-quadratic-real,native-compute(1)-regression-quadratic-sys,native-compute(1)-regression-quadratic-user,native-compute(2)-native-compute-compilation-real,native-compute(2)-native-compute-conversion-to-native-code-real,native-compute(2)-native-compute-evaluation-real,native-compute(2)-native-compute-reification-real,native-compute(2)-regression-quadratic-real,native-compute(2)-regression-quadratic-sys,native-compute(2)-regression-quadratic-user,simpl-regression-cubic-real,simpl-regression-cubic-sys,simpl-regression-cubic-user,vm-compute-regression-quadratic-real,vm-compute-regression-quadratic-sys,vm-compute-regression-quadratic-user
2,0.001,0.,0.001,0.,0.,0.,0.,0.,0.,0.10892,0.00021,0.00051,0.00004,0.11,0.005,0.,0.12788,0.00023,0.00052,0.00004,0.128,0.01,0.015,0.02,0.004,0.016,0.,0.,0.
3,0.022,0.008,0.014,0.,0.,0.,0.,0.,0.,0.10791,0.00020,0.00054,0.00004,0.108,0.,0.004,0.10612,0.00022,0.00049,0.00004,0.107,0.003,0.001,0.002,0.,0.001,0.,0.,0.
4,0.004,0.,0.004,0.,0.,0.,0.,0.,0.,0.10746,0.00021,0.00050,0.00004,0.108,0.005,0.,0.10664,0.00023,0.00055,0.00004,0.107,0.004,0.,0.004,0.,0.004,0.,0.,0.
5,0.008,0.,0.008,0.,0.,0.,0.,0.,0.,0.10617,0.00021,0.00054,0.00004,0.107,0.003,0.001,0.10683,0.00023,0.00054,0.00004,0.107,0.003,0.001,0.006,0.,0.006,0.02,0.,0.02
6,0.012,0.,0.012,0.,0.,0.,0.,0.,0.,0.10652,0.00020,0.00063,0.00005,0.107,0.003,0.001,0.10644,0.00023,0.00050,0.00004,0.107,0.004,0.,0.011,0.,0.011,0.,0.,0.
7,0.018,0.,0.018,0.,0.,0.,0.,0.,0.,0.10610,0.00020,0.00052,0.00005,0.107,0.003,0.001,0.10671,0.00024,0.00053,0.00005,0.107,0.004,0.,0.016,0.,0.016,0.,0.,0.
8,0.023,0.,0.023,0.,0.,0.,0.,0.,0.,0.10615,0.00021,0.00051,0.00004,0.107,0.004,0.,0.10769,0.00023,0.00058,0.00005,0.108,0.003,0.002,0.049,0.,0.049,0.,0.,0.
9,0.059,0.,0.059,0.,0.,0.,0.,0.,0.,0.10673,0.00021,0.00053,0.00005,0.107,0.004,0.,0.10725,0.00023,0.00052,0.00005,0.108,0.004,0.,0.03,0.,0.03,0.,0.,0.
10,0.042,0.,0.042,0.,0.,0.,0.,0.,0.,0.10688,0.00021,0.00052,0.00005,0.107,0.004,0.,0.10620,0.00023,0.00052,0.00005,0.107,0.004,0.,0.039,0.003,0.035,0.,0.,0.
11,0.073,0.,0.073,0.,0.,0.,,,,,,,,,,,,,,,,,,0.047,0.,0.047,,,
12,0.082,0.,0.082,,,,0.,0.,0.,,,,,,,,,,,,,,,0.061,0.,0.061,,,
13,0.106,0.,0.106,,,,,,,,,,,,,,,,,,,,,0.071,0.,0.071,,,
14,0.098,0.,0.098,,,,,,,,,,,,,,,,,,,,,0.136,0.,0.136,,,
15,0.149,0.,0.149,,,,,,,,,,,,,,,,,,,,,0.11,0.,0.11,,,
16,0.125,0.,0.125,,,,,,,,,,,,,,,,,,,,,0.125,0.,0.125,,,
17,,,,,,,,,,,,,,,,,,,,,,,,0.141,0.,0.141,,,
18,0.173,0.,0.173,,,,0.,0.,0.,,,,,,,,,,,,,,,0.171,0.,0.171,,,
19,0.204,0.,0.204,0.,0.,0.,,,,,,,,,,,,,,,,,,,,,,,
20,,,,,,,,,,,,,,,,,,,,,,,,0.218,0.,0.218,,,
22,0.305,0.,0.305,,,,,,,,,,,,,,,,,,,,,0.288,0.,0.288,,,
23,,,,,,,0.,0.,0.,,,,,,,,,,,,,,,,,,,,
24,,,,,,,,,,,,,,,,,,,,,,,,0.343,0.,0.343,,,
25,0.387,0.,0.387,,,,,,,,,,,,,,,,,,,,,,,,,,
26,,,,,,,,,,,,,,,,,,,,,,,,0.429,0.,0.429,,,
28,0.514,0.,0.514,0.,0.,0.,0.,0.,0.,,,,,,,,,,,,,,,0.51,0.,0.51,,,
30,0.645,0.,0.645,,,,,,,,,,,,,,,,,,,,,0.625,0.,0.625,,,
32,,,,,,,,,,,,,,,,,,,,,,,,0.711,0.003,0.707,,,
33,0.759,0.,0.759,,,,0.001,0.,0.001,,,,,,,,,,,,,,,,,,,,
34,,,,,,,,,,,,,,,,,,,,,,,,0.856,0.,0.856,,,
36,0.967,0.,0.967,0.001,0.,0.001,,,,,,,,,,,,,,,,,,,,,,,
39,,,,,,,0.001,0.,0.001,,,,,,,,,,,,,,,,,,,,
41,,,,,,,,,,,,,,,,,,,,,,,,1.386,0.,1.386,0.,0.,0.
43,1.56,0.003,1.556,,,,,,,,,,,,,,,,,,,,,,,,,,
44,,,,,,,0.001,0.,0.001,,,,,,,,,,,,,,,,,,,,
45,,,,0.001,0.,0.001,,,,,,,,,,,,,,,,,,,,,,,
47,,,,,,,,,,,,,,,,,,,,,,,,2.047,0.,2.047,,,
49,,,,,,,0.001,0.,0.001,,,,,,,,,,,,,,,,,,,,
50,2.284,0.,2.284,,,,,,,,,,,,,,,,,,,,,,,,,,
53,,,,0.001,0.,0.001,,,,,,,,,,,,,,,,,,,,,,,
54,,,,,,,0.002,0.,0.002,,,,,,,,,,,,,,,2.901,0.,2.901,,,
56,3.118,0.,3.118,,,,,,,,,,,,,,,,,,,,,,,,,,
59,,,,,,,0.002,0.,0.002,,,,,,,,,,,,,,,,,,,,
60,,,,,,,,,,,,,,,,,,,,,,,,3.837,0.003,3.833,,,
62,,,,0.002,0.,0.002,,,,,,,,,,,,,,,,,,,,,,,
63,4.484,0.,4.483,,,,,,,,,,,,,,,,,,,,,,,,,,
65,,,,,,,0.003,0.,0.003,,,,,,,,,,,,,,,,,,,,
67,,,,,,,,,,,,,,,,,,,,,,,,5.335,0.,5.335,,,
70,5.855,0.,5.854,,,,0.003,0.,0.003,,,,,,,,,,,,,,,,,,,,
71,,,,0.002,0.,0.002,,,,,,,,,,,,,,,,,,,,,,,
75,,,,,,,0.003,0.,0.003,,,,,,,,,,,,,,,,,,,,
79,,,,0.003,0.,0.003,,,,,,,,,,,,,,,,,,,,,,,
80,,,,,,,0.032,0.,0.032,,,,,,,,,,,,,,,,,,0.,0.,0.
86,,,,,,,0.004,0.,0.004,,,,,,,,,,,,,,,,,,,,
88,,,,0.003,0.,0.003,,,,,,,,,,,,,,,,,,,,,,,
91,,,,,,,0.004,0.,0.004,,,,,,,,,,,,,,,,,,,,
96,,,,0.003,0.,0.003,0.005,0.,0.005,,,,,,,,,,,,,,,,,,,,
101,,,,,,,0.005,0.,0.005,,,,,,,,,,,,,,,,,,,,
105,,,,0.004,0.,0.004,,,,,,,,,,,,,,,,,,,,,,,
106,,,,,,,0.007,0.,0.007,,,,,,,,,,,,,,,,,,,,
112,,,,,,,0.006,0.,0.006,,,,,,,,,,,,,,,,,,,,
113,,,,0.032,0.,0.032,,,,,,,,,,,,,,,,,,,,,,,
116,,,,,,,,,,0.10784,0.00021,0.00058,0.00014,0.109,0.004,0.001,0.10666,0.00028,0.00058,0.00014,0.107,0.004,0.,,,,,,
117,,,,,,,0.007,0.,0.007,,,,,,,,,,,,,,,,,,,,
120,,,,,,,,,,,,,,,,,,,,,,,,,,,0.,0.,0.
122,,,,0.005,0.,0.005,0.007,0.,0.007,,,,,,,,,,,,,,,,,,,,
127,,,,,,,0.009,0.,0.009,,,,,,,,,,,,,,,,,,,,
130,,,,0.006,0.,0.006,,,,,,,,,,,,,,,,,,,,,,,
133,,,,,,,0.009,0.,0.009,,,,,,,,,,,,,,,,,,,,
138,,,,,,,0.009,0.,0.009,,,,,,,,,,,,,,,,,,,,
139,,,,0.006,0.,0.006,,,,,,,,,,,,,,,,,,,,,,,
143,,,,,,,0.011,0.,0.011,,,,,,,,,,,,,,,,,,,,
148,,,,0.008,0.,0.008,0.01,0.,0.01,,,,,,,,,,,,,,,,,,,,
153,,,,,,,0.012,0.,0.012,,,,,,,,,,,,,,,,,,,,
156,,,,0.008,0.,0.008,,,,,,,,,,,,,,,,,,,,,,,
159,,,,,,,0.012,0.,0.012,,,,,,,,,,,,,,,,,,0.,0.,0.
164,,,,,,,0.014,0.,0.014,,,,,,,,,,,,,,,,,,,,
165,,,,0.009,0.,0.009,,,,,,,,,,,,,,,,,,,,,,,
169,,,,,,,0.013,0.,0.013,,,,,,,,,,,,,,,,,,,,
173,,,,0.01,0.,0.01,,,,,,,,,,,,,,,,,,,,,,,
174,,,,,,,0.015,0.,0.015,,,,,,,,,,,,,,,,,,,,
180,,,,,,,0.015,0.,0.015,,,,,,,,,,,,,,,,,,,,
182,,,,0.01,0.,0.01,,,,,,,,,,,,,,,,,,,,,,,
185,,,,,,,0.018,0.,0.018,,,,,,,,,,,,,,,,,,,,
190,,,,0.011,0.,0.011,0.016,0.,0.016,,,,,,,,,,,,,,,,,,,,
195,,,,,,,0.02,0.,0.02,,,,,,,,,,,,,,,,,,,,
198,,,,,,,,,,,,,,,,,,,,,,,,,,,0.001,0.,0.001
199,,,,0.012,0.,0.012,,,,,,,,,,,,,,,,,,,,,,,
200,,,,,,,0.021,0.,0.021,,,,,,,,,,,,,,,,,,,,
206,,,,,,,0.024,0.,0.024,,,,,,,,,,,,,,,,,,,,
208,,,,0.012,0.,0.012,,,,,,,,,,,,,,,,,,,,,,,
211,,,,,,,0.02,0.,0.02,,,,,,,,,,,,,,,,,,,,
216,,,,0.014,0.,0.014,0.024,0.,0.024,,,,,,,,,,,,,,,,,,,,
221,,,,,,,0.026,0.,0.026,,,,,,,,,,,,,,,,,,,,
225,,,,0.014,0.,0.014,,,,,,,,,,,,,,,,,,,,,,,
227,,,,,,,0.026,0.,0.026,,,,,,,,,,,,,,,,,,,,
229,,,,,,,,,,0.10683,0.00026,0.00072,0.00023,0.108,0.004,0.,0.10664,0.00027,0.00069,0.00023,0.107,0.004,0.001,,,,,,
232,,,,,,,0.027,0.,0.027,,,,,,,,,,,,,,,,,,,,
233,,,,0.015,0.,0.015,,,,,,,,,,,,,,,,,,,,,,,
237,,,,,,,0.025,0.,0.025,,,,,,,,,,,,,,,,,,0.001,0.,0.001
242,,,,0.016,0.,0.016,0.027,0.,0.027,,,,,,,,,,,,,,,,,,,,
247,,,,,,,0.028,0.,0.028,,,,,,,,,,,,,,,,,,,,
250,,,,0.017,0.,0.017,,,,,,,,,,,,,,,,,,,,,,,
253,,,,,,,0.03,0.,0.03,,,,,,,,,,,,,,,,,,,,
258,,,,,,,0.032,0.,0.032,,,,,,,,,,,,,,,,,,,,
259,,,,0.018,0.,0.018,,,,,,,,,,,,,,,,,,,,,,,
263,,,,,,,0.036,0.,0.036,,,,,,,,,,,,,,,,,,,,
268,,,,0.019,0.,0.019,0.035,0.,0.035,,,,,,,,,,,,,,,,,,,,
273,,,,,,,0.035,0.,0.035,,,,,,,,,,,,,,,,,,,,
276,,,,0.021,0.,0.021,,,,,,,,,,,,,,,,,,,,,0.002,0.,0.002
279,,,,,,,0.036,0.,0.036,,,,,,,,,,,,,,,,,,,,
284,,,,,,,0.039,0.,0.039,,,,,,,,,,,,,,,,,,,,
285,,,,0.022,0.,0.022,,,,,,,,,,,,,,,,,,,,,,,
289,,,,,,,0.045,0.,0.045,,,,,,,,,,,,,,,,,,,,
292,,,,,,,0.085,0.,0.085,,,,,,,,,,,,,,,,,,,,
293,,,,0.022,0.,0.022,,,,,,,,,,,,,,,,,,,,,,,
294,,,,,,,0.042,0.003,0.038,,,,,,,,,,,,,,,,,,,,
300,,,,,,,0.044,0.,0.044,,,,,,,,,,,,,,,,,,,,
302,,,,0.023,0.,0.023,,,,,,,,,,,,,,,,,,,,,,,
305,,,,,,,0.048,0.,0.048,,,,,,,,,,,,,,,,,,,,
310,,,,0.025,0.,0.025,0.046,0.003,0.042,,,,,,,,,,,,,,,,,,,,
315,,,,,,,0.055,0.,0.055,,,,,,,,,,,,,,,,,,,,
316,,,,,,,,,,,,,,,,,,,,,,,,,,,0.002,0.,0.002
319,,,,0.027,0.,0.027,,,,,,,,,,,,,,,,,,,,,,,
320,,,,,,,0.049,0.,0.049,,,,,,,,,,,,,,,,,,,,
326,,,,,,,0.052,0.,0.052,,,,,,,,,,,,,,,,,,,,
328,,,,0.028,0.,0.028,,,,,,,,,,,,,,,,,,,,,,,
331,,,,,,,0.061,0.,0.061,,,,,,,,,,,,,,,,,,,,
336,,,,0.03,0.,0.03,0.057,0.,0.057,,,,,,,,,,,,,,,,,,,,
341,,,,,,,0.056,0.,0.056,,,,,,,,,,,,,,,,,,,,
343,,,,,,,,,,0.10626,0.00026,0.00091,0.00031,0.107,0.004,0.001,0.10609,0.00028,0.00090,0.00031,0.107,0.004,0.001,,,,,,
345,,,,0.031,0.,0.031,,,,,,,,,,,,,,,,,,,,,,,
347,,,,,,,0.054,0.,0.054,,,,,,,,,,,,,,,,,,,,
352,,,,,,,0.055,0.,0.055,,,,,,,,,,,,,,,,,,,,
353,,,,0.033,0.,0.033,,,,,,,,,,,,,,,,,,,,,,,
355,,,,,,,,,,,,,,,,,,,,,,,,,,,0.003,0.,0.003
357,,,,,,,0.054,0.,0.054,,,,,,,,,,,,,,,,,,,,
362,,,,0.034,0.,0.034,0.057,0.,0.057,,,,,,,,,,,,,,,,,,,,
367,,,,,,,0.06,0.,0.06,,,,,,,,,,,,,,,,,,,,
370,,,,0.035,0.,0.035,,,,,,,,,,,,,,,,,,,,,,,
373,,,,,,,0.063,0.,0.063,,,,,,,,,,,,,,,,,,,,
378,,,,,,,0.066,0.,0.066,,,,,,,,,,,,,,,,,,,,
379,,,,0.035,0.,0.035,,,,,,,,,,,,,,,,,,,,,,,
383,,,,,,,0.068,0.,0.068,,,,,,,,,,,,,,,,,,,,
387,,,,0.036,0.,0.036,,,,,,,,,,,,,,,,,,,,,,,
388,,,,,,,0.065,0.,0.065,,,,,,,,,,,,,,,,,,,,
394,,,,,,,0.067,0.,0.067,,,,,,,,,,,,,,,,,,0.003,0.,0.003
396,,,,0.037,0.,0.037,,,,,,,,,,,,,,,,,,,,,,,
399,,,,,,,0.071,0.,0.071,,,,,,,,,,,,,,,,,,,,
404,,,,,,,0.078,0.,0.078,,,,,,,,,,,,,,,,,,,,
405,,,,0.038,0.,0.038,,,,,,,,,,,,,,,,,,,,,,,
409,,,,,,,0.085,0.,0.085,,,,,,,,,,,,,,,,,,,,
413,,,,0.041,0.,0.041,,,,,,,,,,,,,,,,,,,,,,,
414,,,,,,,0.088,0.,0.088,,,,,,,,,,,,,,,,,,,,
420,,,,,,,0.084,0.,0.084,,,,,,,,,,,,,,,,,,,,
422,,,,0.043,0.,0.043,,,,,,,,,,,,,,,,,,,,,,,
425,,,,,,,0.1,0.,0.1,,,,,,,,,,,,,,,,,,,,
430,,,,0.044,0.,0.044,0.096,0.,0.096,,,,,,,,,,,,,,,,,,,,
433,,,,,,,,,,,,,,,,,,,,,,,,,,,0.004,0.,0.004
435,,,,,,,0.103,0.,0.103,,,,,,,,,,,,,,,,,,,,
439,,,,0.046,0.,0.046,,,,,,,,,,,,,,,,,,,,,,,
441,,,,,,,0.116,0.,0.116,,,,,,,,,,,,,,,,,,,,
446,,,,,,,0.093,0.,0.093,,,,,,,,,,,,,,,,,,,,
447,,,,0.047,0.,0.047,,,,,,,,,,,,,,,,,,,,,,,
451,,,,,,,0.118,0.,0.118,,,,,,,,,,,,,,,,,,,,
456,,,,0.047,0.,0.047,,,,0.10678,0.00026,0.00116,0.00048,0.108,0.,0.006,0.10702,0.00028,0.00116,0.00040,0.108,0.003,0.002,,,,,,
458,,,,0.097,0.004,0.092,,,,,,,,,,,,,,,,,,,,,,,
465,,,,0.05,0.,0.05,,,,,,,,,,,,,,,,,,,,,,,
469,,,,,,,0.121,0.,0.121,,,,,,,,,,,,,,,,,,,,
472,,,,,,,,,,,,,,,,,,,,,,,,,,,0.004,0.,0.004
473,,,,0.05,0.,0.05,,,,,,,,,,,,,,,,,,,,,,,
482,,,,0.052,0.,0.052,,,,,,,,,,,,,,,,,,,,,,,
487,,,,,,,0.138,0.003,0.134,,,,,,,,,,,,,,,,,,,,
490,,,,0.054,0.,0.054,,,,,,,,,,,,,,,,,,,,,,,
499,,,,0.057,0.,0.057,,,,,,,,,,,,,,,,,,,,,,,
505,,,,,,,0.109,0.003,0.105,,,,,,,,,,,,,,,,,,,,
507,,,,0.06,0.,0.06,,,,,,,,,,,,,,,,,,,,,,,
511,,,,,,,,,,,,,,,,,,,,,,,,,,,0.005,0.,0.005
516,,,,0.064,0.,0.064,,,,,,,,,,,,,,,,,,,,,,,
523,,,,,,,0.134,0.003,0.13,,,,,,,,,,,,,,,,,,,,
525,,,,0.065,0.,0.065,,,,,,,,,,,,,,,,,,,,,,,
533,,,,0.065,0.,0.065,,,,,,,,,,,,,,,,,,,,,,,
541,,,,,,,0.145,0.004,0.141,,,,,,,,,,,,,,,,,,,,
542,,,,0.07,0.,0.07,,,,,,,,,,,,,,,,,,,,,,,
550,,,,0.07,0.,0.07,,,,,,,,,,,,,,,,,,,,,,,
551,,,,,,,,,,,,,,,,,,,,,,,,,,,0.036,0.,0.036
559,,,,0.07,0.,0.07,0.152,0.,0.152,,,,,,,,,,,,,,,,,,,,
567,,,,0.071,0.,0.071,,,,,,,,,,,,,,,,,,,,,,,
570,,,,,,,,,,0.10723,0.00026,0.00150,0.00048,0.109,0.004,0.001,0.10746,0.00028,0.00149,0.00049,0.109,0.003,0.002,,,,,,
576,,,,0.075,0.,0.075,,,,,,,,,,,,,,,,,,,,,,,
577,,,,,,,0.169,0.,0.169,,,,,,,,,,,,,,,,,,,,
583,,,,,,,0.169,0.,0.168,,,,,,,,,,,,,,,,,,,,
585,,,,0.078,0.,0.078,,,,,,,,,,,,,,,,,,,,,,,
590,,,,,,,,,,,,,,,,,,,,,,,,,,,0.006,0.,0.006
593,,,,0.077,0.,0.077,,,,,,,,,,,,,,,,,,,,,,,
595,,,,,,,0.185,0.,0.185,,,,,,,,,,,,,,,,,,,,
602,,,,0.078,0.,0.078,,,,,,,,,,,,,,,,,,,,,,,
610,,,,0.08,0.,0.08,,,,,,,,,,,,,,,,,,,,,,,
613,,,,,,,0.225,0.,0.225,,,,,,,,,,,,,,,,,,,,
619,,,,0.082,0.,0.082,,,,,,,,,,,,,,,,,,,,,,,
627,,,,0.084,0.,0.084,,,,,,,,,,,,,,,,,,,,,,,
629,,,,,,,,,,,,,,,,,,,,,,,,,,,0.007,0.,0.007
631,,,,,,,0.238,0.,0.237,,,,,,,,,,,,,,,,,,,,
636,,,,0.086,0.,0.086,,,,,,,,,,,,,,,,,,,,,,,
644,,,,0.088,0.,0.088,,,,,,,,,,,,,,,,,,,,,,,
649,,,,,,,0.194,0.,0.194,,,,,,,,,,,,,,,,,,,,
653,,,,0.092,0.,0.092,,,,,,,,,,,,,,,,,,,,,,,
662,,,,0.093,0.,0.093,,,,,,,,,,,,,,,,,,,,,,,
667,,,,,,,0.236,0.,0.236,,,,,,,,,,,,,,,,,,,,
668,,,,,,,,,,,,,,,,,,,,,,,,,,,0.008,0.,0.008
670,,,,0.096,0.,0.096,,,,,,,,,,,,,,,,,,,,,,,
679,,,,0.1,0.,0.1,,,,,,,,,,,,,,,,,,,,,,,
684,,,,,,,,,,0.10665,0.00026,0.00185,0.00059,0.109,0.004,0.002,0.10722,0.00031,0.00192,0.00059,0.11,0.006,0.,,,,,,
685,,,,,,,0.239,0.,0.237,,,,,,,,,,,,,,,,,,,,
687,,,,0.1,0.,0.1,,,,,,,,,,,,,,,,,,,,,,,
696,,,,0.101,0.,0.101,,,,,,,,,,,,,,,,,,,,,,,
703,,,,,,,0.261,0.,0.261,,,,,,,,,,,,,,,,,,,,
704,,,,0.108,0.,0.108,,,,,,,,,,,,,,,,,,,,,,,
707,,,,,,,,,,,,,,,,,,,,,,,,,,,0.009,0.,0.009
713,,,,0.111,0.,0.111,,,,,,,,,,,,,,,,,,,,,,,
721,,,,,,,0.321,0.,0.321,,,,,,,,,,,,,,,,,,,,
739,,,,,,,0.282,0.,0.282,,,,,,,,,,,,,,,,,,,,
744,,,,0.121,0.,0.121,,,,,,,,,,,,,,,,,,,,,,,
747,,,,,,,,,,,,,,,,,,,,,,,,,,,0.01,0.,0.01
757,,,,,,,0.295,0.,0.295,,,,,,,,,,,,,,,,,,,,
775,,,,0.127,0.,0.127,0.311,0.,0.311,,,,,,,,,,,,,,,,,,,,
786,,,,,,,,,,,,,,,,,,,,,,,,,,,0.011,0.,0.011
793,,,,,,,0.349,0.,0.349,,,,,,,,,,,,,,,,,,,,
797,,,,,,,,,,0.10782,0.00026,0.00242,0.00068,0.111,0.003,0.003,0.10681,0.00028,0.00229,0.00071,0.11,0.003,0.003,,,,,,
806,,,,0.133,0.,0.133,,,,,,,,,,,,,,,,,,,,,,,
811,,,,,,,0.352,0.,0.352,,,,,,,,,,,,,,,,,,,,
825,,,,,,,,,,,,,,,,,,,,,,,,,,,0.012,0.,0.012
829,,,,,,,0.372,0.,0.372,,,,,,,,,,,,,,,,,,,,
837,,,,0.143,0.,0.143,,,,,,,,,,,,,,,,,,,,,,,
847,,,,,,,0.365,0.,0.365,,,,,,,,,,,,,,,,,,,,
864,,,,,,,,,,,,,,,,,,,,,,,,,,,0.013,0.,0.013
865,,,,,,,0.446,0.,0.446,,,,,,,,,,,,,,,,,,,,
868,,,,0.152,0.,0.152,,,,,,,,,,,,,,,,,,,,,,,
873,,,,,,,0.412,0.007,0.404,,,,,,,,,,,,,,,,,,,,
883,,,,,,,0.4,0.,0.4,,,,,,,,,,,,,,,,,,,,
898,,,,0.17,0.,0.17,,,,,,,,,,,,,,,,,,,,,,,
901,,,,,,,0.428,0.,0.428,,,,,,,,,,,,,,,,,,,,
903,,,,,,,,,,,,,,,,,,,,,,,,,,,0.014,0.,0.014
911,,,,,,,,,,0.10795,0.00026,0.00278,0.00076,0.111,0.004,0.004,0.10658,0.00028,0.00276,0.00075,0.11,0.007,0.,,,,,,
914,,,,0.164,0.,0.164,,,,,,,,,,,,,,,,,,,,,,,
929,,,,0.179,0.,0.179,,,,,,,,,,,,,,,,,,,,,,,
943,,,,,,,,,,,,,,,,,,,,,,,,,,,0.015,0.,0.015
960,,,,0.187,0.,0.187,,,,,,,,,,,,,,,,,,,,,,,
982,,,,,,,,,,,,,,,,,,,,,,,,,,,0.017,0.,0.017
991,,,,0.199,0.,0.199,0.551,0.,0.551,,,,,,,,,,,,,,,,,,,,
1021,,,,,,,,,,,,,,,,,,,,,,,,,,,0.017,0.,0.017
1022,,,,0.204,0.,0.204,,,,,,,,,,,,,,,,,,,,,,,
1025,,,,,,,,,,0.10806,0.00026,0.00344,0.00085,0.112,0.003,0.005,0.10851,0.00028,0.00343,0.00086,0.113,0.004,0.004,,,,,,
1053,,,,0.216,0.003,0.213,,,,,,,,,,,,,,,,,,,,,,,
1060,,,,,,,,,,,,,,,,,,,,,,,,,,,0.02,0.,0.02
1081,,,,,,,0.633,0.,0.633,,,,,,,,,,,,,,,,,,,,
1084,,,,0.23,0.,0.23,,,,,,,,,,,,,,,,,,,,,,,
1099,,,,,,,,,,,,,,,,,,,,,,,,,,,0.02,0.,0.02
1115,,,,0.24,0.003,0.236,,,,,,,,,,,,,,,,,,,,,,,
1138,,,,,,,,,,0.10684,0.00026,0.03592,0.00097,0.144,0.008,0.033,0.10736,0.00027,0.00394,0.00098,0.112,0.,0.009,,,,0.021,0.,0.021
1146,,,,0.25,0.,0.25,,,,,,,,,,,,,,,,,,,,,,,
1164,,,,,,,0.78,0.004,0.776,,,,,,,,,,,,,,,,,,,,
1171,,,,,,,0.745,0.,0.745,,,,,,,,,,,,,,,,,,,,
1177,,,,0.264,0.,0.264,,,,,,,,,,,,,,,,,,,,,,,
1178,,,,,,,,,,,,,,,,,,,,,,,,,,,0.023,0.,0.023
1208,,,,0.276,0.,0.276,,,,,,,,,,,,,,,,,,,,,,,
1217,,,,,,,,,,,,,,,,,,,,,,,,,,,0.024,0.,0.024
1239,,,,0.293,0.,0.293,,,,,,,,,,,,,,,,,,,,,,,
1252,,,,,,,,,,0.10738,0.00028,0.00456,0.00102,0.113,0.004,0.006,0.10776,0.00027,0.00452,0.00106,0.113,0.003,0.006,,,,,,
1256,,,,,,,,,,,,,,,,,,,,,,,,,,,0.025,0.,0.025
1261,,,,,,,0.881,0.,0.881,,,,,,,,,,,,,,,,,,,,
1269,,,,0.306,0.,0.306,,,,,,,,,,,,,,,,,,,,,,,
1295,,,,,,,,,,,,,,,,,,,,,,,,,,,0.027,0.,0.027
1300,,,,0.321,0.,0.321,,,,,,,,,,,,,,,,,,,,,,,
1331,,,,0.335,0.,0.335,,,,,,,,,,,,,,,,,,,,,,,
1334,,,,,,,,,,,,,,,,,,,,,,,,,,,0.029,0.,0.029
1351,,,,,,,0.967,0.,0.967,,,,,,,,,,,,,,,,,,,,
1362,,,,0.354,0.,0.354,,,,,,,,,,,,,,,,,,,,,,,
1365,,,,,,,,,,0.10809,0.00026,0.00542,0.00110,0.115,0.004,0.006,0.10634,0.00028,0.00531,0.00118,0.113,0.002,0.008,,,,,,
1370,,,,0.349,0.,0.349,,,,,,,,,,,,,,,,,,,,,,,
1374,,,,,,,,,,,,,,,,,,,,,,,,,,,0.03,0.,0.03
1393,,,,0.364,0.,0.364,,,,,,,,,,,,,,,,,,,,,,,
1413,,,,,,,,,,,,,,,,,,,,,,,,,,,0.031,0.,0.031
1424,,,,0.376,0.,0.376,,,,,,,,,,,,,,,,,,,,,,,
1441,,,,,,,1.242,0.003,1.238,,,,,,,,,,,,,,,,,,,,
1452,,,,,,,,,,,,,,,,,,,,,,,,,,,0.034,0.,0.034
1454,,,,,,,1.159,0.004,1.155,,,,,,,,,,,,,,,,,,,,
1479,,,,,,,,,,0.10749,0.00026,0.00603,0.00127,0.115,0.003,0.007,0.10748,0.00028,0.01098,0.00119,0.12,0.004,0.012,,,,,,
1491,,,,,,,,,,,,,,,,,,,,,,,,,,,0.035,0.,0.035
1530,,,,,,,,,,,,,,,,,,,,,,,,,,,0.038,0.,0.038
1531,,,,,,,1.259,0.003,1.255,,,,,,,,,,,,,,,,,,,,
1566,,,,0.451,0.,0.451,,,,,,,,,,,,,,,,,,,,,,,
1570,,,,,,,,,,,,,,,,,,,,,,,,,,,0.039,0.,0.039
1593,,,,,,,,,,0.10671,0.00021,0.00702,0.00128,0.115,0.004,0.008,0.10759,0.00028,0.00684,0.00128,0.116,0.004,0.008,,,,,,
1609,,,,,,,,,,,,,,,,,,,,,,,,,,,0.042,0.,0.042
1621,,,,,,,1.446,0.,1.446,,,,,,,,,,,,,,,,,,,,
1648,,,,,,,,,,,,,,,,,,,,,,,,,,,0.042,0.,0.042
1687,,,,,,,,,,,,,,,,,,,,,,,,,,,0.046,0.,0.046
1706,,,,,,,,,,0.10913,0.00026,0.00763,0.00136,0.118,0.007,0.006,0.10741,0.00028,0.00794,0.00135,0.117,0.004,0.009,,,,,,
1709,,,,0.54,0.,0.54,,,,,,,,,,,,,,,,,,,,,,,
1711,,,,,,,1.528,0.,1.528,,,,,,,,,,,,,,,,,,,,
1726,,,,,,,,,,,,,,,,,,,,,,,,,,,0.047,0.,0.047
1765,,,,,,,,,,,,,,,,,,,,,,,,,,,0.05,0.,0.05
1801,,,,,,,1.696,0.,1.696,,,,,,,,,,,,,,,,,,,,
1805,,,,,,,,,,,,,,,,,,,,,,,,,,,0.05,0.,0.05
1820,,,,,,,,,,0.10744,0.00026,0.01298,0.00148,0.122,0.003,0.015,0.10801,0.00028,0.00868,0.00145,0.118,0.004,0.009,,,,,,
1826,,,,0.603,0.,0.603,,,,,,,,,,,,,,,,,,,,,,,
1844,,,,,,,,,,,,,,,,,,,,,,,,,,,0.054,0.,0.054
1851,,,,0.625,0.,0.625,,,,,,,,,,,,,,,,,,,,,,,
1883,,,,,,,,,,,,,,,,,,,,,,,,,,,0.055,0.,0.055
1922,,,,,,,,,,,,,,,,,,,,,,,,,,,0.059,0.,0.059
1933,,,,,,,,,,0.10759,0.00026,0.00986,0.00156,0.119,0.003,0.012,0.10893,0.00028,0.00958,0.00155,0.12,0.003,0.011,,,,,,
1961,,,,,,,,,,,,,,,,,,,,,,,,,,,0.06,0.,0.06
1993,,,,0.783,0.,0.783,,,,,,,,,,,,,,,,,,,,,,,
2001,,,,,,,,,,,,,,,,,,,,,,,,,,,0.062,0.,0.062
2013,,,,,,,,,,,,,,,,,,,,,,,,,,,0.082,0.,0.082
2040,,,,,,,,,,,,,,,,,,,,,,,,,,,0.065,0.,0.065
2047,,,,,,,,,,0.10685,0.00026,0.01411,0.00177,0.123,0.004,0.016,0.10700,0.00025,0.01068,0.00172,0.119,0.004,0.012,,,,,,
2079,,,,,,,,,,,,,,,,,,,,,,,,,,,0.067,0.,0.067
2118,,,,,,,,,,,,,,,,,,,,,,,,,,,0.07,0.,0.07
2136,,,,0.884,0.003,0.88,,,,,,,,,,,,,,,,,,,,,,,
2157,,,,,,,,,,,,,,,,,,,,,,,,,,,0.072,0.,0.072
2161,,,,,,,2.509,0.,2.509,0.10826,0.00026,0.01185,0.00172,0.122,0.004,0.013,0.10777,0.00031,0.01651,0.00170,0.126,0.006,0.016,,,,,,
2197,,,,,,,,,,,,,,,,,,,,,,,,,,,0.075,0.,0.075
2236,,,,,,,,,,,,,,,,,,,,,,,,,,,0.077,0.,0.077
2274,,,,,,,,,,0.10775,0.00026,0.01327,0.00177,0.123,0.003,0.015,0.10765,0.00028,0.01279,0.00187,0.122,0.003,0.015,,,,,,
2275,,,,,,,,,,,,,,,,,,,,,,,,,,,0.08,0.,0.08
2278,,,,1.002,0.,1.002,,,,,,,,,,,,,,,,,,,,,,,
2282,,,,0.962,0.,0.962,,,,,,,,,,,,,,,,,,,,,,,
2314,,,,,,,,,,,,,,,,,,,,,,,,,,,0.082,0.,0.082
2353,,,,,,,,,,,,,,,,,,,,,,,,,,,0.087,0.,0.087
2388,,,,,,,,,,0.10770,0.00026,0.01732,0.00226,0.127,0.004,0.02,0.10866,0.00026,0.01443,0.00188,0.125,0.004,0.016,,,,,,
2392,,,,,,,,,,,,,,,,,,,,,,,,,,,0.089,0.,0.089
2420,,,,1.116,0.,1.115,,,,,,,,,,,,,,,,,,,,,,,
2432,,,,,,,,,,,,,,,,,,,,,,,,,,,0.092,0.,0.092
2471,,,,,,,,,,,,,,,,,,,,,,,,,,,0.094,0.,0.094
2502,,,,,,,,,,0.10701,0.00031,0.01917,0.00201,0.128,0.002,0.023,0.10781,0.00028,0.01526,0.00194,0.125,0.004,0.017,,,,,,
2510,,,,,,,,,,,,,,,,,,,,,,,,,,,0.095,0.,0.095
2521,,,,,,,3.311,0.004,3.307,,,,,,,,,,,,,,,,,,,,
2549,,,,,,,,,,,,,,,,,,,,,,,,,,,0.099,0.,0.099
2562,,,,1.26,0.004,1.256,,,,,,,,,,,,,,,,,,,,,,,
2588,,,,,,,,,,,,,,,,,,,,,,,,,,,0.102,0.,0.102
2615,,,,,,,,,,0.10851,0.00026,0.01689,0.00206,0.127,0.003,0.019,0.11049,0.00028,0.02079,0.00206,0.133,0.007,0.019,,,,,,
2628,,,,,,,,,,,,,,,,,,,,,,,,,,,0.106,0.,0.106
2667,,,,,,,,,,,,,,,,,,,,,,,,,,,0.108,0.,0.108
2705,,,,1.394,0.,1.394,,,,,,,,,,,,,,,,,,,,,,,
2706,,,,,,,,,,,,,,,,,,,,,,,,,,,0.112,0.003,0.109
2729,,,,,,,,,,0.10826,0.00024,0.01833,0.00215,0.129,0.004,0.021,0.10835,0.00028,0.02262,0.00218,0.133,0.003,0.026,,,,,,
2745,,,,,,,,,,,,,,,,,,,,,,,,,,,0.114,0.,0.114
2784,,,,,,,,,,,,,,,,,,,,,,,,,,,0.119,0.,0.119
2824,,,,,,,,,,,,,,,,,,,,,,,,,,,0.118,0.,0.118
2842,,,,,,,,,,0.10799,0.00026,0.01980,0.00224,0.13,0.004,0.022,0.11028,0.00028,0.02392,0.00224,0.136,0.002,0.028,,,,,,
2847,,,,1.538,0.,1.538,,,,,,,,,,,,,,,,,,,,,,,
2863,,,,,,,,,,,,,,,,,,,,,,,,,,,0.122,0.,0.122
2881,,,,,,,4.418,0.019,4.398,,,,,,,,,,,,,,,,,,,,
2902,,,,,,,,,,,,,,,,,,,,,,,,,,,0.126,0.,0.126
2941,,,,,,,,,,,,,,,,,,,,,,,,,,,0.127,0.003,0.123
2956,,,,,,,,,,0.10699,0.00024,0.02134,0.00664,0.135,0.004,0.028,0.10670,0.00028,0.02127,0.00230,0.13,0.004,0.024,,,,,,
2980,,,,,,,,,,,,,,,,,,,,,,,,,,,0.133,0.,0.133
3019,,,,,,,,,,,,,,,,,,,,,,,,,,,0.135,0.,0.135
3059,,,,,,,,,,,,,,,,,,,,,,,,,,,0.138,0.,0.138
3070,,,,,,,,,,0.10969,0.00026,0.02525,0.00244,0.137,0.003,0.029,0.10804,0.00027,0.02261,0.00237,0.133,0.004,0.025,,,,,,
3098,,,,,,,,,,,,,,,,,,,,,,,,,,,0.14,0.,0.14
3137,,,,,,,,,,,,,,,,,,,,,,,,,,,0.146,0.,0.146
3183,,,,,,,,,,0.10695,0.00026,0.02849,0.00245,0.138,0.003,0.032,0.10729,0.00028,0.02894,0.00249,0.139,0.008,0.028,,,,,,
3241,,,,,,,5.618,0.003,5.614,,,,,,,,,,,,,,,,,,,,
3268,,,,,,,,,,,,,,,,,,,,,,,,,,,0.156,0.,0.156
3297,,,,,,,,,,0.10774,0.00025,0.02582,0.00253,0.136,0.004,0.029,0.10852,0.00028,0.03030,0.00253,0.141,0.003,0.034,,,,,,
3398,,,,,,,,,,,,,,,,,,,,,,,,,,,0.168,0.,0.168
3410,,,,,,,,,,0.10786,0.00026,0.03102,0.00265,0.141,0.008,0.029,0.10783,0.00026,0.02745,0.00541,0.141,0.007,0.03,,,,,,
3416,,,,2.155,0.003,2.151,,,,,,,,,,,,,,,,,,,,,,,
3524,,,,,,,,,,0.10812,0.00026,0.02952,0.00269,0.14,0.004,0.032,0.10807,0.00028,0.03435,0.00272,0.145,0.003,0.038,,,,,,
3529,,,,,,,,,,,,,,,,,,,,,,,,,,,0.183,0.,0.183
3601,,,,,,,6.9,0.008,6.892,,,,,,,,,,,,,,,,,,,,
3638,,,,,,,,,,0.10716,0.00025,0.03622,0.00280,0.146,0.008,0.035,0.10830,0.00030,0.03490,0.00283,0.146,0.003,0.039,,,,,,
3660,,,,,,,,,,,,,,,,,,,,,,,,,,,0.192,0.,0.192
3674,,,,,,,,,,0.12675,0.00021,0.03271,0.00274,0.162,0.003,0.055,0.10850,0.00027,0.06282,0.00276,0.174,0.004,0.065,,,,,,
3751,,,,,,,,,,0.10904,0.00025,0.03715,0.00288,0.149,0.,0.044,0.10825,0.00028,0.03810,0.00287,0.149,0.004,0.041,,,,,,
3790,,,,,,,,,,,,,,,,,,,,,,,,,,,0.209,0.,0.209
3865,,,,,,,,,,0.10869,0.00025,0.03538,0.00752,0.152,0.004,0.042,0.10843,0.00028,0.03477,0.00300,0.146,0.006,0.035,,,,,,
3921,,,,,,,,,,,,,,,,,,,,,,,,,,,0.224,0.,0.224
3979,,,,,,,,,,0.11072,0.00026,0.03957,0.00308,0.153,0.004,0.043,0.10876,0.00027,0.04086,0.00305,0.153,0.003,0.044,,,,,,
3985,,,,2.947,0.003,2.943,,,,,,,,,,,,,,,,,,,,,,,
4024,,,,,,,,,,,,,,,,,,,,,,,,,,,0.232,0.,0.232
4052,,,,,,,,,,,,,,,,,,,,,,,,,,,0.235,0.,0.235
4092,,,,,,,,,,0.10915,0.00026,0.04262,0.00312,0.155,0.007,0.042,0.10766,0.00027,0.04183,0.00659,0.156,0.008,0.045,,,,,,
4182,,,,,,,,,,,,,,,,,,,,,,,,,,,0.251,0.,0.251
4206,,,,,,,,,,0.10886,0.00025,0.04622,0.00317,0.158,0.003,0.05,0.10751,0.00028,0.04645,0.00324,0.157,0.008,0.046,,,,,,
4313,,,,,,,,,,,,,,,,,,,,,,,,,,,0.274,0.,0.274
4319,,,,,,,,,,0.10853,0.00025,0.05155,0.00329,0.163,0.003,0.056,0.10760,0.00027,0.04781,0.00331,0.159,0.004,0.051,,,,,,
4433,,,,,,,,,,0.10821,0.00026,0.05096,0.00339,0.163,0.004,0.055,0.10868,0.00028,0.05044,0.00338,0.162,0.003,0.055,,,,,,
4444,,,,,,,,,,,,,,,,,,,,,,,,,,,0.283,0.,0.283
4547,,,,,,,,,,0.11298,0.00025,0.05045,0.00347,0.167,0.003,0.059,0.10829,0.00028,0.05045,0.00344,0.162,0.003,0.055,,,,,,
4555,,,,3.845,0.,3.843,,,,,,,,,,,,,,,,,,,,,,,
4574,,,,,,,,,,,,,,,,,,,,,,,,,,,0.305,0.,0.305
4660,,,,,,,,,,0.10843,0.00026,0.05287,0.00358,0.165,0.004,0.057,0.10779,0.00027,0.05791,0.00357,0.169,0.003,0.063,,,,,,
4705,,,,,,,,,,,,,,,,,,,,,,,,,,,0.315,0.,0.315
4774,,,,,,,,,,0.10746,0.00025,0.05756,0.00364,0.169,0.008,0.057,0.10840,0.00028,0.05730,0.00391,0.17,0.003,0.062,,,,,,
4836,,,,,,,,,,,,,,,,,,,,,,,,,,,0.334,0.,0.334
4887,,,,,,,,,,0.10783,0.00025,0.05734,0.00376,0.169,0.004,0.061,0.10825,0.00028,0.05557,0.00368,0.167,0.003,0.06,,,,,,
4966,,,,,,,,,,,,,,,,,,,,,,,,,,,0.352,0.,0.352
5001,,,,,,,,,,0.10778,0.00027,0.06322,0.00377,0.175,0.004,0.067,0.10896,0.00027,0.06197,0.00388,0.175,0.003,0.066,,,,,,
5097,,,,,,,,,,,,,,,,,,,,,,,,,,,0.362,0.,0.362
5115,,,,,,,,,,0.11122,0.00025,0.06211,0.00397,0.177,0.007,0.065,0.10885,0.00028,0.06606,0.00387,0.179,0.003,0.071,,,,,,
5124,,,,4.981,0.,4.98,,,,,,,,,,,,,,,,,,,,,,,
5228,,,,,,,,,,0.10797,0.00026,0.06410,0.00394,0.176,0.004,0.069,0.10794,0.00028,0.06928,0.00396,0.181,0.008,0.07,,,,0.377,0.,0.375
5342,,,,,,,,,,0.10830,0.00025,0.06779,0.00400,0.18,0.003,0.073,0.10974,0.00027,0.07182,0.00413,0.186,0.004,0.077,,,,,,
5358,,,,,,,,,,,,,,,,,,,,,,,,,,,0.392,0.,0.392
5456,,,,,,,,,,0.11087,0.00029,0.07163,0.00413,0.187,0.003,0.077,0.10929,0.00027,0.07304,0.00412,0.186,0.011,0.07,,,,,,
5489,,,,,,,,,,,,,,,,,,,,,,,,,,,0.424,0.,0.424
5569,,,,,,,,,,0.10827,0.00026,0.07472,0.00422,0.187,0.004,0.08,0.10805,0.00038,0.07813,0.00418,0.19,0.003,0.083,,,,,,
5620,,,,,,,,,,,,,,,,,,,,,,,,,,,0.43,0.,0.43
5683,,,,,,,,,,0.10859,0.00026,0.07757,0.00429,0.19,0.003,0.083,0.11066,0.00027,0.07878,0.00428,0.194,0.004,0.083,,,,,,
5693,,,,5.833,0.,5.833,,,,,,,,,,,,,,,,,,,,,,,
5750,,,,,,,,,,,,,,,,,,,,,,,,,,,0.456,0.,0.456
5796,,,,,,,,,,0.10701,0.00025,0.08053,0.00438,0.192,0.003,0.086,0.10778,0.00027,0.08348,0.00435,0.196,0.004,0.088,,,,,,
5881,,,,,,,,,,,,,,,,,,,,,,,,,,,0.476,0.,0.476
5910,,,,,,,,,,0.10928,0.00026,0.08476,0.00445,0.198,0.003,0.09,0.10959,0.00027,0.08552,0.00450,0.2,0.007,0.087,,,,,,
6012,,,,,,,,,,,,,,,,,,,,,,,,,,,0.509,0.,0.509
6034,,,,,,,,,,,,,,,,,,,,,,,,,,,0.518,0.,0.517
6142,,,,,,,,,,,,,,,,,,,,,,,,,,,0.527,0.,0.527
6221,,,,,,,,,,0.10880,0.00030,0.09231,0.00470,0.206,0.004,0.098,0.10963,0.00030,0.10176,0.00478,0.216,0.003,0.108,,,,,,
6273,,,,,,,,,,,,,,,,,,,,,,,,,,,0.546,0.,0.546
6532,,,,,,,,,,0.10911,0.00026,0.10844,0.00496,0.222,0.003,0.114,0.10862,0.00027,0.10870,0.00489,0.222,0.008,0.11,,,,,,
6843,,,,,,,,,,0.10958,0.00028,0.10920,0.00515,0.224,0.003,0.116,0.10898,0.00027,0.11783,0.00512,0.232,0.008,0.12,,,,,,
6900,,,,,,,,,,,,,,,,,,,,,,,,,,,0.658,0.003,0.654
7154,,,,,,,,,,0.10880,0.00026,0.12127,0.00544,0.235,0.007,0.123,0.10807,0.00027,0.13317,0.00529,0.246,0.007,0.135,,,,,,
7346,,,,,,,,,,0.10643,0.00026,0.13089,0.00535,0.243,0.003,0.137,0.10730,0.00028,0.14103,0.00621,0.255,0.,0.151,,,,,,
7465,,,,,,,,,,0.10960,0.00026,0.13679,0.00550,0.252,0.007,0.139,0.11014,0.00028,0.14297,0.00550,0.259,0.007,0.146,,,,,,
7527,,,,,,,,,,,,,,,,,,,,,,,,,,,0.799,0.,0.799
7776,,,,,,,,,,0.10807,0.00025,0.14560,0.00611,0.26,0.004,0.152,0.10924,0.00028,0.15196,0.00589,0.267,0.003,0.159,,,,,,
8045,,,,,,,,,,,,,,,,,,,,,,,,,,,0.87,0.,0.87
8087,,,,,,,,,,0.10882,0.00026,0.15543,0.00624,0.27,0.003,0.163,0.11020,0.00028,0.16548,0.00595,0.282,0.004,0.172,,,,,,
8154,,,,,,,,,,,,,,,,,,,,,,,,,,,0.907,0.,0.907
8398,,,,,,,,,,0.10907,0.00028,0.16618,0.00637,0.282,0.007,0.17,0.11003,0.00028,0.17701,0.00638,0.293,0.004,0.184,,,,,,
8709,,,,,,,,,,0.10955,0.00026,0.18288,0.00663,0.299,0.003,0.191,0.10975,0.00028,0.19624,0.00663,0.313,0.008,0.2,,,,,,
8781,,,,,,,,,,,,,,,,,,,,,,,,,,,1.057,0.004,1.053
9019,,,,,,,,,,0.11013,0.00026,0.19394,0.00845,0.312,0.008,0.199,0.10894,0.00028,0.20175,0.00692,0.318,0.007,0.206,,,,,,
9330,,,,,,,,,,0.10902,0.00026,0.20243,0.00732,0.319,0.003,0.211,0.11177,0.00028,0.21788,0.00713,0.337,0.004,0.226,,,,,,
9409,,,,,,,,,,,,,,,,,,,,,,,,,,,1.2,0.,1.2
9641,,,,,,,,,,0.10968,0.00029,0.21844,0.00738,0.335,0.003,0.227,0.10956,0.00030,0.22457,0.00741,0.342,0.007,0.229,,,,,,
9952,,,,,,,,,,0.11078,0.00026,0.23458,0.00763,0.353,0.011,0.235,0.10855,0.00028,0.23649,0.00747,0.352,0.004,0.245,,,,,,
10036,,,,,,,,,,,,,,,,,,,,,,,,,,,1.369,0.,1.368
10056,,,,,,,,,,,,,,,,,,,,,,,,,,,1.357,0.,1.357
10263,,,,,,,,,,0.10931,0.00026,0.24568,0.00796,0.363,0.007,0.251,0.10877,0.00027,0.25026,0.00770,0.367,0.007,0.255,,,,,,
10574,,,,,,,,,,0.11027,0.00026,0.25447,0.00806,0.373,0.008,0.26,0.10953,0.00027,0.26277,0.00813,0.38,0.016,0.26,,,,,,
10663,,,,,,,,,,,,,,,,,,,,,,,,,,,1.54,0.,1.54
10885,,,,,,,,,,0.11024,0.00026,0.27867,0.00834,0.397,0.003,0.289,0.10999,0.00028,0.28339,0.01038,0.404,0.008,0.291,,,,,,
11017,,,,,,,,,,0.10697,0.00026,0.29615,0.00876,0.412,0.004,0.304,0.10665,0.00027,0.29705,0.00988,0.414,0.003,0.307,,,,,,
11196,,,,,,,,,,0.10947,0.00026,0.28830,0.00850,0.406,0.003,0.298,0.10901,0.00027,0.30084,0.00851,0.418,0.007,0.307,,,,,,
11290,,,,,,,,,,,,,,,,,,,,,,,,,,,1.717,0.,1.717
11507,,,,,,,,,,0.10943,0.00026,0.31230,0.00980,0.431,0.003,0.323,0.11042,0.00028,0.31035,0.00870,0.429,0.012,0.312,,,,,,
11818,,,,,,,,,,0.10938,0.00026,0.31687,0.00886,0.435,0.003,0.327,0.10926,0.00028,0.34099,0.00895,0.459,0.011,0.343,,,,,,
11917,,,,,,,,,,,,,,,,,,,,,,,,,,,1.899,0.,1.899
12544,,,,,,,,,,,,,,,,,,,,,,,,,,,2.127,0.003,2.123
13000,,,,,,,,,,0.10948,0.00026,0.39313,0.00986,0.512,0.003,0.404,0.10965,0.00028,0.41081,0.00952,0.53,0.008,0.417,,,,,,
14181,,,,,,,,,,0.10966,0.00026,0.47350,0.01078,0.594,0.007,0.482,0.11429,0.00028,0.49329,0.01152,0.619,0.015,0.494,,,,,,
14689,,,,,,,,,,0.10765,0.00026,0.53679,0.01024,0.655,0.011,0.539,0.10789,0.00027,0.52850,0.01076,0.647,0.003,0.539,,,,,,
15052,,,,,,,,,,,,,,,,,,,,,,,,,,,3.017,0.003,3.013
15363,,,,,,,,,,0.10959,0.00028,0.56772,0.01188,0.689,0.003,0.581,0.10907,0.00028,0.58260,0.01629,0.708,0.004,0.6,,,,,,
16544,,,,,,,,,,0.10972,0.00026,0.65696,0.01274,0.779,0.011,0.663,0.11028,0.00028,0.68011,0.01366,0.804,0.011,0.687,,,,,,
17561,,,,,,,,,,,,,,,,,,,,,,,,,,,4.274,0.,4.274
17726,,,,,,,,,,0.10898,0.00026,0.75576,0.01347,0.878,0.011,0.763,0.10913,0.00028,0.76400,0.01335,0.886,0.007,0.775,,,,,,
18361,,,,,,,,,,0.10840,0.00026,0.81648,0.01349,0.938,0.015,0.818,0.10797,0.00027,0.79641,0.01344,0.918,0.004,0.81,,,,,,
18908,,,,,,,,,,0.10980,0.00026,0.84473,0.01431,0.969,0.012,0.852,0.11111,0.00031,0.87294,0.01492,0.999,0.007,0.885,,,,,,
20069,,,,,,,,,,,,,,,,,,,,,,,,,,,5.345,0.,5.345
20089,,,,,,,,,,0.11068,0.00027,0.96069,0.01517,1.087,0.011,0.969,0.10960,0.00028,0.97242,0.01447,1.096,0.003,0.988,,,,,,
21271,,,,,,,,,,0.11008,0.00026,1.06916,0.01934,1.199,0.003,1.09,0.11015,0.00028,1.09743,0.01608,1.224,0.003,1.115,,,,,,
22452,,,,,,,,,,0.10865,0.00026,1.21297,0.02510,1.347,0.003,1.239,0.10975,0.00028,1.23238,0.01703,1.359,0.02,1.234,,,,,,
22578,,,,,,,,,,,,,,,,,,,,,,,,,,,6.703,0.,6.703
23634,,,,,,,,,,0.11073,0.00026,1.39744,0.01736,1.526,0.011,1.409,0.10910,0.00028,1.38402,0.02301,1.516,0.008,1.404,,,,,,
25086,,,,,,,,,,,,,,,,,,,,,,,,,,,8.313,0.,8.313
28361,,,,,,,,,,0.10977,0.00026,2.00092,0.02342,2.134,0.015,2.014,0.11084,0.00028,1.99490,0.02782,2.134,0.019,2.008,,,,,,
33087,,,,,,,,,,0.11001,0.00026,2.64220,0.02488,2.777,0.012,2.661,0.11033,0.00028,2.71049,0.02856,2.849,0.007,2.736,,,,,,
37814,,,,,,,,,,0.11001,0.00026,3.53073,0.02738,3.668,0.004,3.559,0.10965,0.00028,3.38776,0.02722,3.525,0.008,3.412,,,,,,
42540,,,,,,,,,,0.11174,0.00026,4.42811,0.03638,4.576,0.003,4.466,0.11135,0.00029,4.51945,0.03086,4.662,0.008,4.548,,,,,,
47267,,,,,,,,,,0.10998,0.00026,5.42488,0.03368,5.568,0.003,5.46,0.11091,0.00028,5.52643,0.03595,5.673,0.004,5.563,,,,,,