param-n,pattern-regression-linear-real,pattern-regression-linear-sys,pattern-regression-linear-user
1,0.,0.,0.
2,0.,0.,0.
3,0.,0.,0.
4,0.,0.,0.
5,0.,0.,0.
6,0.,0.,0.
7,0.,0.,0.
8,0.,0.,0.
9,0.,0.,0.
10,0.,0.,0.
11,0.,0.,0.
12,0.,0.,0.
13,0.,0.,0.
14,0.,0.,0.
15,0.,0.,0.
16,0.,0.,0.
17,0.,0.,0.
18,0.,0.,0.
19,0.,0.,0.
20,0.,0.,0.
21,0.,0.,0.
22,0.,0.,0.
23,0.,0.,0.
24,0.,0.,0.
25,0.,0.,0.
26,0.,0.,0.
27,0.,0.,0.
28,0.,0.,0.
29,0.,0.,0.
30,0.,0.,0.
31,0.,0.,0.
32,0.,0.,0.
33,0.,0.,0.
34,0.,0.,0.
35,0.,0.,0.
36,0.038,0.01,0.028
37,0.,0.,0.
38,0.,0.,0.
39,0.,0.,0.
40,0.,0.,0.
41,0.,0.,0.
42,0.,0.,0.
43,0.,0.,0.
44,0.,0.,0.
45,0.,0.,0.
46,0.,0.,0.
47,0.,0.,0.
48,0.,0.,0.
49,0.,0.,0.
50,0.,0.,0.
51,0.,0.,0.
52,0.,0.,0.
53,0.,0.,0.
54,0.,0.,0.
55,0.,0.,0.
56,0.,0.,0.
57,0.,0.,0.
58,0.,0.,0.
59,0.,0.,0.
60,0.,0.,0.
61,0.,0.,0.
62,0.,0.,0.
63,0.,0.,0.
64,0.,0.,0.
65,0.,0.,0.
66,0.,0.,0.
67,0.,0.,0.
68,0.,0.,0.
69,0.,0.,0.
70,0.002,0.,0.002
71,0.,0.,0.
72,0.,0.,0.
73,0.,0.,0.
74,0.,0.,0.
75,0.,0.,0.
76,0.,0.,0.
77,0.,0.,0.
78,0.,0.,0.
79,0.,0.,0.
80,0.,0.,0.
81,0.,0.,0.
82,0.,0.,0.
83,0.,0.,0.
84,0.001,0.,0.001
85,0.,0.,0.
86,0.001,0.,0.001
87,0.001,0.,0.001
88,0.001,0.,0.001
89,0.001,0.,0.001
90,0.001,0.,0.001
91,0.001,0.,0.001
92,0.001,0.,0.001
93,0.003,0.,0.003
94,0.001,0.,0.001
95,0.001,0.,0.001
96,0.001,0.,0.001
97,0.001,0.,0.001
98,0.001,0.,0.001
99,0.001,0.,0.001
100,0.001,0.,0.001
101,0.001,0.,0.001
102,0.001,0.,0.001
103,0.001,0.,0.001
104,0.001,0.,0.001
105,0.001,0.,0.001
106,0.001,0.,0.001
107,0.001,0.,0.001
108,0.001,0.,0.001
109,0.001,0.,0.001
110,0.001,0.,0.001
111,0.001,0.,0.001
112,0.002,0.,0.002
113,0.001,0.,0.001
114,0.001,0.,0.001
115,0.001,0.,0.001
116,0.001,0.,0.001
117,0.001,0.,0.001
118,0.001,0.,0.001
119,0.001,0.,0.001
120,0.001,0.,0.001
121,0.001,0.,0.001
122,0.001,0.,0.001
123,0.001,0.,0.001
124,0.001,0.,0.001
125,0.001,0.,0.001
126,0.001,0.,0.001
127,0.001,0.,0.001
128,0.001,0.,0.001
129,0.005,0.,0.005
130,0.001,0.,0.001
131,0.001,0.,0.001
132,0.001,0.,0.001
133,0.001,0.,0.001
134,0.001,0.,0.001
135,0.001,0.,0.001
136,0.001,0.,0.001
137,0.001,0.,0.001
138,0.001,0.,0.001
139,0.001,0.,0.001
140,0.001,0.,0.001
141,0.001,0.,0.001
142,0.001,0.,0.001
143,0.001,0.,0.001
144,0.001,0.,0.001
145,0.001,0.,0.001
146,0.001,0.,0.001
147,0.001,0.,0.001
148,0.001,0.,0.001
149,0.001,0.,0.001
150,0.001,0.,0.001
151,0.001,0.,0.001
152,0.001,0.,0.001
153,0.001,0.,0.001
154,0.002,0.,0.002
155,0.003,0.,0.003
156,0.002,0.,0.002
157,0.007,0.,0.007
158,0.001,0.,0.001
159,0.001,0.,0.001
160,0.001,0.,0.001
161,0.001,0.,0.001
162,0.001,0.,0.001
163,0.001,0.,0.001
164,0.001,0.,0.001
165,0.001,0.,0.001
166,0.002,0.,0.002
167,0.001,0.,0.001
168,0.001,0.,0.001
169,0.001,0.,0.001
170,0.001,0.,0.001
171,0.001,0.,0.001
172,0.001,0.,0.001
173,0.002,0.,0.002
174,0.001,0.,0.001
175,0.002,0.,0.002
176,0.002,0.,0.002
177,0.002,0.,0.002
178,0.002,0.,0.002
179,0.002,0.,0.002
180,0.002,0.,0.002
181,0.003,0.,0.003
182,0.002,0.,0.002
183,0.002,0.,0.002
184,0.002,0.,0.002
185,0.002,0.,0.002
186,0.002,0.,0.002
187,0.002,0.,0.002
188,0.002,0.,0.002
189,0.002,0.,0.002
190,0.002,0.,0.002
191,0.002,0.,0.002
192,0.003,0.,0.003
193,0.002,0.,0.002
194,0.002,0.,0.002
195,0.002,0.,0.002
196,0.002,0.,0.002
197,0.002,0.,0.002
198,0.002,0.,0.002
199,0.002,0.,0.002
200,0.002,0.,0.002
201,0.002,0.,0.002
202,0.002,0.,0.002
203,0.004,0.,0.004
204,0.002,0.,0.002
205,0.002,0.,0.002
206,0.002,0.,0.002
207,0.002,0.,0.002
208,0.002,0.,0.002
209,0.002,0.,0.002
210,0.002,0.,0.002
211,0.002,0.,0.002
212,0.002,0.,0.002
213,0.003,0.,0.003
214,0.002,0.,0.002
215,0.002,0.,0.002
216,0.002,0.,0.002
217,0.002,0.,0.002
218,0.002,0.,0.002
219,0.002,0.,0.002
220,0.002,0.,0.002
221,0.002,0.,0.002
222,0.004,0.,0.004
223,0.002,0.,0.002
224,0.002,0.,0.002
225,0.002,0.,0.002
226,0.002,0.,0.002
227,0.002,0.,0.002
228,0.003,0.,0.003
229,0.002,0.,0.002
230,0.002,0.,0.002
231,0.004,0.,0.004
232,0.002,0.,0.002
233,0.002,0.,0.002
234,0.002,0.,0.002
235,0.002,0.,0.002
236,0.002,0.,0.002
237,0.002,0.,0.002
238,0.002,0.,0.002
239,0.002,0.,0.002
240,0.004,0.,0.004
241,0.002,0.,0.002
242,0.002,0.,0.002
243,0.002,0.,0.002
244,0.002,0.,0.002
245,0.002,0.,0.002
246,0.002,0.,0.002
247,0.002,0.,0.002
248,0.002,0.,0.002
249,0.003,0.,0.003
250,0.002,0.,0.002
251,0.002,0.,0.002
252,0.002,0.,0.002
253,0.002,0.,0.002
254,0.002,0.,0.002
255,0.002,0.,0.002
256,0.002,0.,0.002
257,0.004,0.,0.004
258,0.002,0.,0.002
259,0.002,0.,0.002
260,0.002,0.,0.002
261,0.003,0.,0.003
262,0.003,0.,0.003
263,0.003,0.,0.003
264,0.003,0.,0.003
265,0.003,0.,0.003
266,0.003,0.,0.003
267,0.003,0.,0.003
268,0.003,0.,0.003
269,0.003,0.,0.003
270,0.003,0.,0.003
271,0.003,0.,0.003
272,0.003,0.,0.003
273,0.005,0.,0.005
274,0.003,0.,0.003
275,0.003,0.,0.003
276,0.003,0.,0.003
277,0.003,0.,0.003
278,0.003,0.,0.003
279,0.003,0.,0.003
280,0.004,0.,0.004
281,0.003,0.,0.003
282,0.003,0.,0.003
283,0.003,0.,0.003
284,0.003,0.,0.003
285,0.003,0.,0.003
286,0.003,0.,0.003
287,0.003,0.,0.003
288,0.005,0.,0.005
289,0.003,0.,0.003
290,0.003,0.,0.003
291,0.003,0.,0.003
292,0.003,0.,0.003
293,0.003,0.,0.003
294,0.003,0.,0.003
295,0.004,0.,0.004
296,0.003,0.,0.003
297,0.003,0.,0.003
298,0.003,0.,0.003
299,0.003,0.,0.003
300,0.003,0.,0.003
301,0.003,0.,0.003
302,0.005,0.,0.005
303,0.003,0.,0.003
304,0.003,0.,0.003
305,0.003,0.,0.003
306,0.003,0.,0.003
307,0.003,0.,0.003
308,0.003,0.,0.003
309,0.004,0.,0.004
310,0.003,0.,0.003
311,0.003,0.,0.003
312,0.003,0.,0.003
313,0.003,0.,0.003
314,0.003,0.,0.003
315,0.003,0.,0.003
316,0.005,0.,0.005
317,0.003,0.,0.003
318,0.003,0.,0.003
319,0.003,0.,0.003
320,0.003,0.,0.003
321,0.003,0.,0.003
322,0.004,0.,0.004
323,0.003,0.,0.003
324,0.003,0.,0.003
325,0.003,0.,0.003
326,0.003,0.,0.003
327,0.003,0.,0.003
328,0.003,0.,0.003
329,0.007,0.,0.007
330,0.003,0.,0.003
331,0.003,0.,0.003
332,0.003,0.,0.003
333,0.003,0.,0.003
334,0.003,0.,0.003
335,0.004,0.,0.004
336,0.003,0.,0.003
337,0.003,0.,0.003
338,0.003,0.,0.003
339,0.003,0.,0.003
340,0.003,0.,0.003
341,0.005,0.,0.005
342,0.003,0.,0.003
343,0.003,0.,0.003
344,0.003,0.,0.003
345,0.003,0.,0.003
346,0.003,0.,0.003
347,0.003,0.,0.003
348,0.003,0.,0.003
349,0.003,0.,0.003
350,0.003,0.,0.003
351,0.003,0.002,0.001
352,0.003,0.,0.003
353,0.003,0.,0.003
354,0.006,0.,0.006
355,0.003,0.,0.003
356,0.003,0.,0.003
357,0.003,0.,0.003
358,0.003,0.,0.003
359,0.004,0.,0.004
360,0.004,0.,0.004
361,0.004,0.,0.004
362,0.004,0.,0.004
363,0.004,0.,0.004
364,0.004,0.,0.004
365,0.005,0.,0.005
366,0.004,0.,0.004
367,0.004,0.,0.004
368,0.004,0.,0.004
369,0.004,0.,0.004
370,0.004,0.,0.004
371,0.005,0.,0.005
372,0.004,0.,0.004
373,0.004,0.,0.004
374,0.004,0.,0.004
375,0.004,0.,0.004
376,0.004,0.,0.004
377,0.005,0.,0.005
378,0.004,0.,0.004
379,0.004,0.,0.004
380,0.004,0.,0.004
381,0.004,0.,0.004
382,0.005,0.,0.005
383,0.004,0.,0.004
384,0.004,0.,0.004
385,0.004,0.,0.004
386,0.004,0.,0.004
387,0.004,0.,0.004
388,0.006,0.,0.006
389,0.004,0.,0.004
390,0.004,0.,0.004
391,0.004,0.,0.004
392,0.004,0.,0.004
393,0.005,0.,0.005
394,0.004,0.,0.004
395,0.004,0.,0.004
396,0.004,0.,0.004
397,0.004,0.,0.004
398,0.004,0.,0.004
399,0.006,0.,0.006
400,0.004,0.,0.004
401,0.004,0.,0.004
402,0.004,0.,0.004
403,0.004,0.,0.004
404,0.005,0.,0.005
405,0.004,0.,0.004
406,0.004,0.,0.004
407,0.004,0.,0.004
408,0.004,0.,0.004
409,0.005,0.,0.005
410,0.004,0.,0.004
411,0.004,0.,0.004
412,0.004,0.,0.004
413,0.004,0.,0.004
414,0.005,0.003,0.002
415,0.004,0.,0.004
416,0.004,0.,0.004
417,0.004,0.,0.004
418,0.004,0.,0.004
419,0.004,0.,0.004
420,0.004,0.,0.004
421,0.004,0.,0.004
422,0.004,0.,0.004
423,0.004,0.,0.004
424,0.004,0.,0.004
425,0.004,0.,0.004
426,0.007,0.,0.007
427,0.005,0.,0.005
428,0.004,0.,0.004
429,0.004,0.,0.004
430,0.004,0.,0.004
431,0.006,0.,0.006
432,0.008,0.,0.008
433,0.005,0.,0.005
434,0.004,0.,0.004
435,0.004,0.,0.004
436,0.004,0.,0.004
437,0.004,0.,0.004
438,0.004,0.,0.004
439,0.005,0.,0.005
440,0.004,0.,0.004
441,0.004,0.,0.004
442,0.004,0.,0.004
443,0.004,0.,0.004
444,0.005,0.,0.005
445,0.004,0.,0.004
446,0.004,0.,0.004
447,0.004,0.,0.004
448,0.005,0.,0.005
449,0.006,0.,0.006
450,0.005,0.,0.005
451,0.005,0.,0.005
452,0.005,0.,0.005
453,0.005,0.,0.005
454,0.005,0.,0.005
455,0.005,0.,0.005
456,0.005,0.,0.005
457,0.005,0.,0.005
458,0.006,0.,0.006
459,0.005,0.,0.005
460,0.005,0.,0.005
461,0.005,0.,0.005
462,0.005,0.,0.005
463,0.005,0.,0.005
464,0.005,0.,0.005
465,0.005,0.,0.005
466,0.005,0.,0.005
467,0.005,0.,0.005
468,0.006,0.,0.006
469,0.005,0.,0.005
470,0.005,0.,0.005
471,0.005,0.,0.005
472,0.006,0.,0.006
473,0.005,0.,0.005
474,0.005,0.,0.005
475,0.005,0.,0.005
476,0.005,0.,0.005
477,0.006,0.,0.006
478,0.005,0.,0.005
479,0.005,0.,0.005
480,0.005,0.,0.005
481,0.006,0.,0.006
482,0.005,0.,0.005
483,0.005,0.,0.005
484,0.005,0.,0.005
485,0.005,0.,0.005
486,0.005,0.,0.005
487,0.005,0.,0.005
488,0.005,0.,0.005
489,0.005,0.,0.005
490,0.006,0.,0.006
491,0.005,0.,0.005
492,0.005,0.,0.005
493,0.005,0.,0.005
494,0.007,0.,0.007
495,0.005,0.,0.005
496,0.005,0.,0.005
497,0.005,0.,0.005
498,0.005,0.,0.005
499,0.005,0.,0.005
500,0.005,0.,0.005
600,0.009,0.,0.008
800,0.047,0.,0.047
1000,0.011,0.,0.011
1200,0.015,0.001,0.013
1400,0.015,0.,0.015
1600,0.021,0.,0.021
1800,0.021,0.,0.021
2000,0.028,0.,0.028
2200,0.027,0.,0.027
2400,0.032,0.,0.032
2600,0.032,0.,0.032
2800,0.038,0.,0.038
3000,0.044,0.,0.044
3200,0.041,0.,0.041
3400,0.051,0.,0.051
3600,0.051,0.,0.051
3800,0.048,0.,0.048
4000,0.057,0.,0.057
4200,0.055,0.,0.055
4400,0.058,0.,0.057
4600,0.061,0.,0.061
4800,0.063,0.,0.063
5000,0.071,0.,0.071
5200,0.069,0.,0.069
5400,0.075,0.,0.075
5600,0.077,0.,0.077
5800,0.079,0.,0.079
6000,0.079,0.,0.079
6200,0.077,0.,0.077
6400,0.078,0.,0.078
6600,0.083,0.,0.083
6800,0.085,0.,0.085
7000,0.089,0.,0.089
7200,0.091,0.,0.091
7400,0.094,0.,0.094
7600,0.107,0.,0.107
7800,0.111,0.,0.111
8000,0.114,0.,0.114
8200,0.115,0.,0.115
8400,0.12,0.,0.12
8600,0.121,0.,0.121
8800,0.121,0.,0.121
9000,0.12,0.,0.12
9200,0.121,0.,0.121
9400,0.123,0.,0.123
9600,0.124,0.,0.124
9800,0.125,0.,0.125
10000,0.128,0.,0.128
10200,0.14,0.,0.14
10400,0.147,0.,0.147
10600,0.153,0.,0.153
10800,0.16,0.,0.16
11000,0.168,0.,0.168
11200,0.175,0.,0.175
11400,0.181,0.,0.181
11600,0.191,0.,0.191
11800,0.19,0.,0.19
12000,0.185,0.,0.185
12200,0.184,0.,0.184
12400,0.184,0.,0.184
12600,0.183,0.,0.183
12800,0.194,0.,0.194
13000,0.201,0.,0.201
13200,0.209,0.,0.209
13400,0.209,0.,0.209
13600,0.216,0.,0.216
13800,0.244,0.,0.244
14000,0.224,0.,0.224
14200,0.227,0.,0.227
14400,0.236,0.,0.236
14600,0.242,0.,0.242
14800,0.242,0.,0.242
15000,0.251,0.,0.251
15200,0.256,0.,0.256
15400,0.264,0.,0.264
15600,0.272,0.,0.272
15800,0.279,0.,0.279
16000,0.283,0.,0.283
16200,0.29,0.,0.29
16400,0.299,0.,0.298
16600,0.308,0.,0.308
16800,0.309,0.,0.309
17000,0.314,0.,0.314
17200,0.322,0.,0.322
17400,0.321,0.,0.321
17600,0.315,0.,0.315
17800,0.35,0.,0.35
18000,0.349,0.,0.349
18200,0.345,0.,0.345
18400,0.337,0.,0.337
18600,0.328,0.,0.328
18800,0.317,0.,0.317
19000,0.312,0.,0.312
19200,0.299,0.,0.299
19400,0.292,0.,0.292
19600,0.29,0.,0.29
19800,0.295,0.,0.295
20000,0.295,0.,0.295