param-n,actual-reif-for-QuoteFlat-with-big-flat-real,actual-reif-for-QuoteFlat-with-big-flat-sys,actual-reif-for-QuoteFlat-with-big-flat-user,cbv-for-QuoteFlat-with-big-flat-real,cbv-for-QuoteFlat-with-big-flat-sys,cbv-for-QuoteFlat-with-big-flat-user,eval-lazy-for-QuoteFlat-with-big-flat-real,eval-lazy-for-QuoteFlat-with-big-flat-sys,eval-lazy-for-QuoteFlat-with-big-flat-user,lazy-beta-iota-for-QuoteFlat-with-big-flat-real,lazy-beta-iota-for-QuoteFlat-with-big-flat-sys,lazy-beta-iota-for-QuoteFlat-with-big-flat-user,norm-reif-for-QuoteFlat-with-big-flat-real,norm-reif-for-QuoteFlat-with-big-flat-sys,norm-reif-for-QuoteFlat-with-big-flat-user,post-for-QuoteFlat-with-big-flat-real,post-for-QuoteFlat-with-big-flat-sys,post-for-QuoteFlat-with-big-flat-user,pre-for-QuoteFlat-with-big-flat-real,pre-for-QuoteFlat-with-big-flat-sys,pre-for-QuoteFlat-with-big-flat-user,reif-for-QuoteFlat-with-big-flat-real,reif-for-QuoteFlat-with-big-flat-sys,reif-for-QuoteFlat-with-big-flat-user,transitivity-(Denote-rv)-for-QuoteFlat-with-big-flat-real,transitivity-(Denote-rv)-for-QuoteFlat-with-big-flat-sys,transitivity-(Denote-rv)-for-QuoteFlat-with-big-flat-user
1,0.,0.,0.,0.,0.,0.,0.,0.,0.,0.,0.,0.,0.,0.,0.,0.,0.,0.,0.,0.,0.,0.,0.,0.,0.,0.,0.
2,0.,0.,0.,0.,0.,0.,0.,0.,0.,0.,0.,0.,0.,0.,0.,0.,0.,0.,0.,0.,0.,0.,0.,0.,0.,0.,0.
3,0.,0.,0.,0.,0.,0.,0.,0.,0.,0.,0.,0.,0.,0.,0.,0.,0.,0.,0.,0.,0.,0.,0.,0.,0.,0.,0.
4,0.,0.,0.,0.,0.,0.,0.,0.,0.,0.,0.,0.,0.,0.,0.,0.,0.,0.,0.,0.,0.,0.,0.,0.,0.,0.,0.
5,0.,0.,0.,0.,0.,0.,0.,0.,0.,0.,0.,0.,0.,0.,0.,0.,0.,0.,0.,0.,0.,0.,0.,0.,,,
6,0.,0.,0.,0.,0.,0.,0.,0.,0.,0.,0.,0.,0.,0.,0.,0.,0.,0.,0.,0.,0.,0.,0.,0.,,,
7,0.,0.,0.,0.,0.,0.,0.,0.,0.,0.,0.,0.,0.,0.,0.,0.,0.,0.,0.,0.,0.,0.,0.,0.,,,
8,0.,0.,0.,0.,0.,0.,0.,0.,0.,0.,0.,0.,0.,0.,0.,0.,0.,0.,0.,0.,0.,0.,0.,0.,,,
9,0.,0.,0.,0.,0.,0.,0.,0.,0.,0.,0.,0.,0.,0.,0.,0.,0.,0.,0.,0.,0.,0.,0.,0.,,,
10,0.,0.,0.,0.,0.,0.,0.,0.,0.,0.,0.,0.,0.,0.,0.,0.,0.,0.,0.,0.,0.,0.,0.,0.,,,
11,0.,0.,0.,0.,0.,0.,0.,0.,0.,0.,0.,0.,0.,0.,0.,0.,0.,0.,0.,0.,0.,0.,0.,0.,,,
12,0.,0.,0.,0.,0.,0.,0.,0.,0.,0.,0.,0.,0.,0.,0.,0.,0.,0.,0.,0.,0.,0.,0.,0.,,,
13,0.,0.,0.,0.,0.,0.,0.,0.,0.,0.,0.,0.,0.,0.,0.,0.,0.,0.,0.,0.,0.,0.,0.,0.,,,
14,0.,0.,0.,0.,0.,0.,0.,0.,0.,0.,0.,0.,0.,0.,0.,0.,0.,0.,0.,0.,0.,0.,0.,0.,,,
15,0.,0.,0.,0.,0.,0.,0.,0.,0.,0.,0.,0.,0.,0.,0.,0.,0.,0.,0.,0.,0.,0.,0.,0.,,,
16,0.,0.,0.,0.,0.,0.,0.,0.,0.,0.,0.,0.,0.,0.,0.,0.,0.,0.,0.,0.,0.,0.,0.,0.,,,
17,0.,0.,0.,0.,0.,0.,0.,0.,0.,0.,0.,0.,0.,0.,0.,0.,0.,0.,0.,0.,0.,0.,0.,0.,,,
18,0.,0.,0.,0.,0.,0.,0.,0.,0.,0.,0.,0.,0.,0.,0.,0.,0.,0.,0.,0.,0.,0.,0.,0.,,,
19,0.,0.,0.,0.,0.,0.,0.,0.,0.,0.,0.,0.,0.,0.,0.,0.,0.,0.,0.,0.,0.,0.,0.,0.,,,
20,0.,0.,0.,0.,0.,0.,0.,0.,0.,0.,0.,0.,0.,0.,0.,0.,0.,0.,0.,0.,0.,0.,0.,0.,,,
21,0.,0.,0.,0.,0.,0.,0.,0.,0.,0.,0.,0.,0.,0.,0.,0.,0.,0.,0.,0.,0.,0.,0.,0.,,,
22,0.,0.,0.,0.,0.,0.,0.,0.,0.,0.,0.,0.,0.,0.,0.,0.,0.,0.,0.,0.,0.,0.,0.,0.,,,
23,0.,0.,0.,0.,0.,0.,0.,0.,0.,0.,0.,0.,0.,0.,0.,0.,0.,0.,0.,0.,0.,0.,0.,0.,,,
24,0.,0.,0.,0.,0.,0.,0.,0.,0.,0.,0.,0.,0.,0.,0.,0.,0.,0.,0.,0.,0.,0.,0.,0.,,,
25,0.,0.,0.,0.,0.,0.,0.,0.,0.,0.,0.,0.,0.,0.,0.,0.,0.,0.,0.,0.,0.,0.,0.,0.,,,
26,0.,0.,0.,0.,0.,0.,0.,0.,0.,0.,0.,0.,0.,0.,0.,0.,0.,0.,0.,0.,0.,0.,0.,0.,,,
27,0.,0.,0.,0.,0.,0.,0.,0.,0.,0.,0.,0.,0.,0.,0.,0.,0.,0.,0.,0.,0.,0.,0.,0.,,,
28,0.,0.,0.,0.,0.,0.,0.,0.,0.,0.,0.,0.,0.,0.,0.,0.,0.,0.,0.,0.,0.,0.,0.,0.,,,
29,0.,0.,0.,0.,0.,0.,0.,0.,0.,0.,0.,0.,0.,0.,0.,0.,0.,0.,0.,0.,0.,0.,0.,0.,,,
30,0.,0.,0.,0.,0.,0.,0.,0.,0.,0.,0.,0.,0.,0.,0.,0.,0.,0.,0.,0.,0.,0.,0.,0.,,,
31,0.,0.,0.,0.,0.,0.,0.,0.,0.,0.,0.,0.,0.,0.,0.,0.,0.,0.,0.,0.,0.,0.,0.,0.,,,
32,0.,0.,0.,0.,0.,0.,0.,0.,0.,0.,0.,0.,0.,0.,0.,0.,0.,0.,0.,0.,0.,0.,0.,0.,,,
33,0.,0.,0.,0.,0.,0.,0.,0.,0.,0.,0.,0.,0.,0.,0.,0.,0.,0.,0.,0.,0.,0.,0.,0.,,,
34,0.,0.,0.,0.,0.,0.,0.,0.,0.,0.,0.,0.,0.,0.,0.,0.,0.,0.,0.,0.,0.,0.,0.,0.,,,
35,0.,0.,0.,0.,0.,0.,0.,0.,0.,0.,0.,0.,0.,0.,0.,0.,0.,0.,0.,0.,0.,0.,0.,0.,,,
36,0.,0.,0.,0.,0.,0.,0.,0.,0.,0.,0.,0.,0.,0.,0.,0.,0.,0.,0.,0.,0.,0.,0.,0.,,,
37,0.,0.,0.,0.,0.,0.,0.,0.,0.,0.,0.,0.,0.,0.,0.,0.,0.,0.,0.,0.,0.,0.,0.,0.,,,
38,0.,0.,0.,0.,0.,0.,0.,0.,0.,0.,0.,0.,0.,0.,0.,0.,0.,0.,0.,0.,0.,0.,0.,0.,,,
39,0.,0.,0.,0.,0.,0.,0.,0.,0.,0.,0.,0.,0.,0.,0.,0.,0.,0.,0.,0.,0.,0.,0.,0.,,,
40,0.,0.,0.,0.,0.,0.,0.,0.,0.,0.,0.,0.,0.,0.,0.,0.,0.,0.,0.,0.,0.,0.,0.,0.,,,
41,0.,0.,0.,0.,0.,0.,0.,0.,0.,0.,0.,0.,0.,0.,0.,0.,0.,0.,0.,0.,0.,0.,0.,0.,,,
42,0.,0.,0.,0.,0.,0.,0.,0.,0.,0.,0.,0.,0.,0.,0.,0.,0.,0.,0.,0.,0.,0.,0.,0.,,,
43,0.,0.,0.,0.,0.,0.,0.,0.,0.,0.,0.,0.,0.,0.,0.,0.,0.,0.,0.,0.,0.,0.,0.,0.,,,
44,0.,0.,0.,0.,0.,0.,0.,0.,0.,0.,0.,0.,0.,0.,0.,0.,0.,0.,0.,0.,0.,0.,0.,0.,,,
45,0.,0.,0.,0.,0.,0.,0.,0.,0.,0.,0.,0.,0.,0.,0.,0.,0.,0.,0.,0.,0.,0.,0.,0.,,,
46,0.,0.,0.,0.,0.,0.,0.,0.,0.,0.,0.,0.,0.,0.,0.,0.,0.,0.,0.,0.,0.,0.,0.,0.,,,
47,0.,0.,0.,0.,0.,0.,0.,0.,0.,0.,0.,0.,0.,0.,0.,0.,0.,0.,0.,0.,0.,0.,0.,0.,,,
48,0.,0.,0.,0.,0.,0.,0.,0.,0.,0.,0.,0.,0.,0.,0.,0.,0.,0.,0.,0.,0.,0.,0.,0.,,,
49,0.,0.,0.,0.,0.,0.,0.,0.,0.,0.,0.,0.,0.,0.,0.,0.,0.,0.,0.,0.,0.,0.,0.,0.,,,
50,0.,0.,0.,0.,0.,0.,0.,0.,0.,0.,0.,0.,0.,0.,0.,0.,0.,0.,0.,0.,0.,0.,0.,0.,,,
51,0.,0.,0.,0.,0.,0.,0.,0.,0.,0.,0.,0.,0.,0.,0.,0.,0.,0.,0.,0.,0.,0.,0.,0.,,,
52,0.,0.,0.,0.,0.,0.,0.,0.,0.,0.,0.,0.,0.,0.,0.,0.,0.,0.,0.,0.,0.,0.,0.,0.,,,
53,0.,0.,0.,0.,0.,0.,0.,0.,0.,0.,0.,0.,0.,0.,0.,0.,0.,0.,0.,0.,0.,0.,0.,0.,,,
54,0.,0.,0.,0.,0.,0.,0.,0.,0.,0.,0.,0.,0.,0.,0.,0.,0.,0.,0.,0.,0.,0.,0.,0.,,,
55,0.,0.,0.,0.,0.,0.,0.,0.,0.,0.,0.,0.,0.,0.,0.,0.,0.,0.,0.,0.,0.,0.,0.,0.,,,
56,0.,0.,0.,0.,0.,0.,0.,0.,0.,0.,0.,0.,0.,0.,0.,0.,0.,0.,0.,0.,0.,0.,0.,0.,,,
57,0.,0.,0.,0.,0.,0.,0.,0.,0.,0.,0.,0.,0.,0.,0.,0.,0.,0.,0.,0.,0.,0.,0.,0.,,,
58,0.,0.,0.,0.,0.,0.,0.,0.,0.,0.,0.,0.,0.,0.,0.,0.,0.,0.,0.,0.,0.,0.,0.,0.,,,
59,0.,0.,0.,0.,0.,0.,0.,0.,0.,0.,0.,0.,0.,0.,0.,0.,0.,0.,0.,0.,0.,0.,0.,0.,,,
60,0.,0.,0.,0.,0.,0.,0.,0.,0.,0.,0.,0.,0.,0.,0.,0.,0.,0.,0.,0.,0.,0.,0.,0.,,,
61,0.,0.,0.,0.,0.,0.,0.,0.,0.,0.,0.,0.,0.,0.,0.,0.,0.,0.,0.,0.,0.,0.,0.,0.,,,
62,0.,0.,0.,0.,0.,0.,0.,0.,0.,0.,0.,0.,0.,0.,0.,0.,0.,0.,0.,0.,0.,0.,0.,0.,,,
63,0.,0.,0.,0.,0.,0.,0.,0.,0.,0.,0.,0.,0.,0.,0.,0.,0.,0.,0.,0.,0.,0.,0.,0.,,,
64,0.,0.,0.,0.,0.,0.,0.,0.,0.,0.,0.,0.,0.,0.,0.,0.,0.,0.,0.,0.,0.,0.,0.,0.,,,
65,0.,0.,0.,0.,0.,0.,0.,0.,0.,0.,0.,0.,0.,0.,0.,0.,0.,0.,0.,0.,0.,0.,0.,0.,,,
66,0.,0.,0.,0.,0.,0.,0.,0.,0.,0.,0.,0.,0.,0.,0.,0.,0.,0.,0.,0.,0.,0.,0.,0.,,,
67,0.,0.,0.,0.,0.,0.,0.,0.,0.,0.,0.,0.,0.,0.,0.,0.,0.,0.,0.,0.,0.,0.,0.,0.,,,
68,0.,0.,0.,0.,0.,0.,0.,0.,0.,0.,0.,0.,0.,0.,0.,0.,0.,0.,0.,0.,0.,0.,0.,0.,,,
69,0.,0.,0.,0.,0.,0.,0.,0.,0.,0.,0.,0.,0.,0.,0.,0.,0.,0.,0.,0.,0.,0.,0.,0.,,,
70,0.,0.,0.,0.,0.,0.,0.,0.,0.,0.,0.,0.,0.,0.,0.,0.,0.,0.,0.,0.,0.,0.,0.,0.,,,
71,0.,0.,0.,0.,0.,0.,0.,0.,0.,0.,0.,0.,0.,0.,0.,0.,0.,0.,0.,0.,0.,0.,0.,0.,,,
72,0.,0.,0.,0.,0.,0.,0.,0.,0.,0.,0.,0.,0.,0.,0.,0.,0.,0.,0.,0.,0.,0.,0.,0.,,,
73,0.,0.,0.,0.,0.,0.,0.,0.,0.,0.,0.,0.,0.,0.,0.,0.,0.,0.,0.,0.,0.,0.,0.,0.,,,
74,0.,0.,0.,0.,0.,0.,0.,0.,0.,0.,0.,0.,0.,0.,0.,0.,0.,0.,0.,0.,0.,0.,0.,0.,,,
75,0.,0.,0.,0.,0.,0.,0.,0.,0.,0.,0.,0.,0.,0.,0.,0.,0.,0.,0.,0.,0.,0.,0.,0.,,,
76,0.,0.,0.,0.,0.,0.,0.,0.,0.,0.,0.,0.,0.,0.,0.,0.,0.,0.,0.,0.,0.,0.,0.,0.,,,
77,0.,0.,0.,0.,0.,0.,0.,0.,0.,0.,0.,0.,0.,0.,0.,0.,0.,0.,0.,0.,0.,0.,0.,0.,,,
78,0.,0.,0.,0.,0.,0.,0.004,0.,0.004,0.,0.,0.,0.004,0.,0.004,0.,0.,0.,0.,0.,0.,0.004,0.,0.004,,,
79,0.,0.,0.,0.,0.,0.,0.,0.,0.,0.,0.,0.,0.,0.,0.,0.,0.,0.,0.,0.,0.,0.,0.,0.,,,
80,0.,0.,0.,0.,0.,0.,0.,0.,0.,0.,0.,0.,0.,0.,0.,0.,0.,0.,0.,0.,0.,0.,0.,0.,,,
81,0.,0.,0.,0.,0.,0.,0.,0.,0.,0.,0.,0.,0.,0.,0.,0.,0.,0.,0.,0.,0.,0.,0.,0.,,,
82,0.,0.,0.,0.,0.,0.,0.,0.,0.,0.,0.,0.,0.,0.,0.,0.,0.,0.,0.,0.,0.,0.,0.,0.,,,
83,0.,0.,0.,0.,0.,0.,0.,0.,0.,0.,0.,0.,0.,0.,0.,0.,0.,0.,0.,0.,0.,0.,0.,0.,,,
84,0.,0.,0.,0.,0.,0.,0.,0.,0.,0.,0.,0.,0.,0.,0.,0.,0.,0.,0.,0.,0.,0.,0.,0.,,,
85,0.,0.,0.,0.,0.,0.,0.,0.,0.,0.,0.,0.,0.,0.,0.,0.,0.,0.,0.,0.,0.,0.,0.,0.,,,
86,0.,0.,0.,0.,0.,0.,0.,0.,0.,0.,0.,0.,0.,0.,0.,0.,0.,0.,0.,0.,0.,0.,0.,0.,,,
87,0.,0.,0.,0.,0.,0.,0.,0.,0.,0.,0.,0.,0.,0.,0.,0.,0.,0.,0.,0.,0.,0.,0.,0.,,,
88,0.,0.,0.,0.,0.,0.,0.,0.,0.,0.,0.,0.,0.,0.,0.,0.,0.,0.,0.,0.,0.,0.,0.,0.,,,
89,0.,0.,0.,0.,0.,0.,0.,0.,0.,0.,0.,0.,0.,0.,0.,0.,0.,0.,0.,0.,0.,0.,0.,0.,,,
90,0.,0.,0.,0.,0.,0.,0.,0.,0.,0.,0.,0.,0.,0.,0.,0.,0.,0.,0.,0.,0.,0.,0.,0.,,,
91,0.,0.,0.,0.,0.,0.,0.,0.,0.,0.,0.,0.,0.,0.,0.,0.,0.,0.,0.,0.,0.,0.,0.,0.,,,
92,0.,0.,0.,0.,0.,0.,0.,0.,0.,0.,0.,0.,0.,0.,0.,0.,0.,0.,0.,0.,0.,0.,0.,0.,,,
93,0.,0.,0.,0.,0.,0.,0.,0.,0.,0.,0.,0.,0.,0.,0.,0.,0.,0.,0.,0.,0.,0.,0.,0.,,,
94,0.,0.,0.,0.,0.,0.,0.,0.,0.,0.,0.,0.,0.,0.,0.,0.,0.,0.,0.,0.,0.,0.,0.,0.,,,
95,0.,0.,0.,0.,0.,0.,0.,0.,0.,0.,0.,0.,0.,0.,0.,0.,0.,0.,0.,0.,0.,0.,0.,0.,,,
96,0.,0.,0.,0.,0.,0.,0.,0.,0.,0.,0.,0.,0.,0.,0.,0.,0.,0.,0.,0.,0.,0.,0.,0.,,,
97,0.,0.,0.,0.,0.,0.,0.,0.,0.,0.,0.,0.,0.,0.,0.,0.,0.,0.,0.,0.,0.,0.,0.,0.,,,
98,0.,0.,0.,0.,0.,0.,0.,0.,0.,0.,0.,0.,0.,0.,0.,0.,0.,0.,0.,0.,0.,0.,0.,0.,,,
99,0.,0.,0.,0.,0.,0.,0.,0.,0.,0.,0.,0.,0.,0.,0.,0.,0.,0.,0.,0.,0.,0.,0.,0.,,,
100,0.,0.,0.,0.,0.,0.,0.,0.,0.,0.,0.,0.,0.,0.,0.,0.,0.,0.,0.,0.,0.,0.,0.,0.,,,
101,0.,0.,0.,0.,0.,0.,0.,0.,0.,0.,0.,0.,0.,0.,0.,0.,0.,0.,0.,0.,0.,0.,0.,0.,,,
102,0.,0.,0.,0.,0.,0.,0.,0.,0.,0.,0.,0.,0.,0.,0.,0.,0.,0.,0.,0.,0.,0.,0.,0.,,,
103,0.,0.,0.,0.,0.,0.,0.,0.,0.,0.,0.,0.,0.,0.,0.,0.,0.,0.,0.,0.,0.,0.,0.,0.,,,
104,0.,0.,0.,0.,0.,0.,0.,0.,0.,0.,0.,0.,0.,0.,0.,0.,0.,0.,0.,0.,0.,0.,0.,0.,,,
105,0.,0.,0.,0.,0.,0.,0.,0.,0.,0.,0.,0.,0.,0.,0.,0.,0.,0.,0.,0.,0.,0.,0.,0.,,,
106,0.,0.,0.,0.,0.,0.,0.,0.,0.,0.,0.,0.,0.,0.,0.,0.,0.,0.,0.,0.,0.,0.,0.,0.,,,
107,0.,0.,0.,0.,0.,0.,0.,0.,0.,0.,0.,0.,0.,0.,0.,0.,0.,0.,0.,0.,0.,0.,0.,0.,,,
108,0.,0.,0.,0.,0.,0.,0.,0.,0.,0.,0.,0.,0.,0.,0.,0.,0.,0.,0.,0.,0.,0.,0.,0.,,,
109,0.,0.,0.,0.,0.,0.,0.,0.,0.,0.,0.,0.,0.,0.,0.,0.,0.,0.,0.,0.,0.,0.007,0.,0.007,,,
110,0.,0.,0.,0.,0.,0.,0.,0.,0.,0.,0.,0.,0.,0.,0.,0.,0.,0.,0.,0.,0.,0.,0.,0.,,,
111,0.,0.,0.,0.,0.,0.,0.,0.,0.,0.,0.,0.,0.,0.,0.,0.,0.,0.,0.,0.,0.,0.,0.,0.,,,
112,0.,0.,0.,0.,0.,0.,0.,0.,0.,0.,0.,0.,0.,0.,0.,0.,0.,0.,0.,0.,0.,0.,0.,0.,,,
113,0.,0.,0.,0.,0.,0.,0.,0.,0.,0.,0.,0.,0.,0.,0.,0.,0.,0.,0.,0.,0.,0.,0.,0.,,,
114,0.,0.,0.,0.,0.,0.,0.,0.,0.,0.,0.,0.,0.,0.,0.,0.,0.,0.,0.,0.,0.,0.,0.,0.,,,
115,0.,0.,0.,0.,0.,0.,0.,0.,0.,0.,0.,0.,0.,0.,0.,0.,0.,0.,0.,0.,0.,0.,0.,0.,,,
116,0.,0.,0.,0.,0.,0.,0.,0.,0.,0.,0.,0.,0.,0.,0.,0.,0.,0.,0.,0.,0.,0.,0.,0.,,,
117,0.,0.,0.,0.,0.,0.,0.,0.,0.,0.,0.,0.,0.,0.,0.,0.,0.,0.,0.,0.,0.,0.,0.,0.,,,
118,0.,0.,0.,0.,0.,0.,0.,0.,0.,0.,0.,0.,0.,0.,0.,0.,0.,0.,0.,0.,0.,0.,0.,0.,,,
119,0.,0.,0.,0.,0.,0.,0.,0.,0.,0.,0.,0.,0.,0.,0.,0.,0.,0.,0.,0.,0.,0.,0.,0.,,,
120,0.,0.,0.,0.,0.,0.,0.,0.,0.,0.,0.,0.,0.,0.,0.,0.,0.,0.,0.,0.,0.,0.,0.,0.,,,
121,0.,0.,0.,0.,0.,0.,0.,0.,0.,0.,0.,0.,0.,0.,0.,0.,0.,0.,0.,0.,0.,0.,0.,0.,,,
122,0.,0.,0.,0.,0.,0.,0.,0.,0.,0.,0.,0.,0.,0.,0.,0.,0.,0.,0.,0.,0.,0.,0.,0.,,,
123,0.,0.,0.,0.,0.,0.,0.,0.,0.,0.,0.,0.,0.,0.,0.,0.,0.,0.,0.,0.,0.,0.,0.,0.,,,
124,0.,0.,0.,0.,0.,0.,0.,0.,0.,0.,0.,0.,0.,0.,0.,0.,0.,0.,0.,0.,0.,0.,0.,0.,,,
125,0.,0.,0.,0.,0.,0.,0.,0.,0.,0.,0.,0.,0.,0.,0.,0.,0.,0.,0.,0.,0.,0.,0.,0.,,,
126,0.,0.,0.,0.,0.,0.,0.,0.,0.,0.,0.,0.,0.,0.,0.,0.,0.,0.,0.,0.,0.,0.,0.,0.,,,
127,0.,0.,0.,0.,0.,0.,0.,0.,0.,0.,0.,0.,0.,0.,0.,0.,0.,0.,0.,0.,0.,0.,0.,0.,,,
128,0.,0.,0.,0.,0.,0.,0.,0.,0.,0.,0.,0.,0.,0.,0.,0.,0.,0.,0.,0.,0.,0.,0.,0.,,,
129,0.,0.,0.,0.,0.,0.,0.,0.,0.,0.,0.,0.,0.,0.,0.,0.,0.,0.,0.,0.,0.,0.,0.,0.,,,
130,0.,0.,0.,0.,0.,0.,0.,0.,0.,0.,0.,0.,0.,0.,0.,0.,0.,0.,0.,0.,0.,0.,0.,0.,,,
131,0.,0.,0.,0.,0.,0.,0.,0.,0.,0.,0.,0.,0.,0.,0.,0.,0.,0.,0.,0.,0.,0.,0.,0.,,,
132,0.,0.,0.,0.,0.,0.,0.,0.,0.,0.,0.,0.,0.,0.,0.,0.,0.,0.,0.,0.,0.,0.,0.,0.,,,
133,0.,0.,0.,0.,0.,0.,0.,0.,0.,0.,0.,0.,0.,0.,0.,0.,0.,0.,0.,0.,0.,0.,0.,0.,,,
134,0.,0.,0.,0.,0.,0.,0.,0.,0.,0.,0.,0.,0.,0.,0.,0.,0.,0.,0.,0.,0.,0.,0.,0.,,,
135,0.,0.,0.,0.,0.,0.,0.005,0.,0.005,0.,0.,0.,0.005,0.,0.005,0.,0.,0.,0.,0.,0.,0.005,0.,0.005,,,
136,0.,0.,0.,0.,0.,0.,0.,0.,0.,0.,0.,0.,0.,0.,0.,0.,0.,0.,0.,0.,0.,0.,0.,0.,,,
137,0.,0.,0.,0.,0.,0.,0.,0.,0.,0.,0.,0.,0.,0.,0.,0.,0.,0.,0.,0.,0.,0.,0.,0.,,,
138,0.,0.,0.,0.,0.,0.,0.,0.,0.,0.,0.,0.,0.,0.,0.,0.,0.,0.,0.,0.,0.,0.,0.,0.,,,
139,0.,0.,0.,0.,0.,0.,0.,0.,0.,0.,0.,0.,0.,0.,0.,0.,0.,0.,0.,0.,0.,0.,0.,0.,,,
140,0.,0.,0.,0.,0.,0.,0.,0.,0.,0.,0.,0.,0.,0.,0.,0.,0.,0.,0.,0.,0.,0.,0.,0.,,,
141,0.,0.,0.,0.,0.,0.,0.,0.,0.,0.,0.,0.,0.,0.,0.,0.,0.,0.,0.,0.,0.,0.,0.,0.,,,
142,0.,0.,0.,0.,0.,0.,0.,0.,0.,0.,0.,0.,0.,0.,0.,0.,0.,0.,0.,0.,0.,0.,0.,0.,,,
143,0.,0.,0.,0.,0.,0.,0.,0.,0.,0.,0.,0.,0.,0.,0.,0.,0.,0.,0.,0.,0.,0.,0.,0.,,,
144,0.,0.,0.,0.,0.,0.,0.,0.,0.,0.,0.,0.,0.,0.,0.,0.,0.,0.,0.,0.,0.,0.,0.,0.,,,
145,0.,0.,0.,0.,0.,0.,0.,0.,0.,0.,0.,0.,0.,0.,0.,0.,0.,0.,0.,0.,0.,0.,0.,0.,,,
146,0.,0.,0.,0.,0.,0.,0.,0.,0.,0.,0.,0.,0.,0.,0.,0.,0.,0.,0.,0.,0.,0.,0.,0.,,,
147,0.,0.,0.,0.,0.,0.,0.,0.,0.,0.,0.,0.,0.,0.,0.,0.,0.,0.,0.,0.,0.,0.,0.,0.,,,
148,0.,0.,0.,0.,0.,0.,0.,0.,0.,0.,0.,0.,0.,0.,0.,0.,0.,0.,0.,0.,0.,0.,0.,0.,,,
149,0.,0.,0.,0.,0.,0.,0.,0.,0.,0.,0.,0.,0.,0.,0.,0.,0.,0.,0.,0.,0.,0.,0.,0.,,,
150,0.,0.,0.,0.,0.,0.,0.,0.,0.,0.,0.,0.,0.,0.,0.,0.,0.,0.,0.,0.,0.,0.,0.,0.,,,
151,0.,0.,0.,0.,0.,0.,0.,0.,0.,0.,0.,0.,0.,0.,0.,0.,0.,0.,0.,0.,0.,0.,0.,0.,,,
152,0.,0.,0.,0.,0.,0.,0.,0.,0.,0.,0.,0.,0.,0.,0.,0.,0.,0.,0.,0.,0.,0.,0.,0.,,,
153,0.,0.,0.,0.,0.,0.,0.,0.,0.,0.,0.,0.,0.,0.,0.,0.,0.,0.,0.,0.,0.,0.,0.,0.,,,
154,0.,0.,0.,0.,0.,0.,0.,0.,0.,0.,0.,0.,0.,0.,0.,0.,0.,0.,0.,0.,0.,0.,0.,0.,,,
155,0.,0.,0.,0.,0.,0.,0.,0.,0.,0.,0.,0.,0.,0.,0.,0.,0.,0.,0.,0.,0.,0.,0.,0.,,,
156,0.,0.,0.,0.,0.,0.,0.,0.,0.,0.,0.,0.,0.,0.,0.,0.,0.,0.,0.,0.,0.,0.,0.,0.,,,
157,0.,0.,0.,0.,0.,0.,0.,0.,0.,0.,0.,0.,0.,0.,0.,0.,0.,0.,0.,0.,0.,0.,0.,0.,,,
158,0.,0.,0.,0.,0.,0.,0.,0.,0.,0.,0.,0.,0.,0.,0.,0.,0.,0.,0.,0.,0.,0.,0.,0.,,,
159,0.,0.,0.,0.,0.,0.,0.,0.,0.,0.,0.,0.,0.,0.,0.,0.,0.,0.,0.,0.,0.,0.,0.,0.,,,
160,0.,0.,0.,0.,0.,0.,0.,0.,0.,0.,0.,0.,0.,0.,0.,0.,0.,0.,0.,0.,0.,0.,0.,0.,,,
161,0.,0.,0.,0.,0.,0.,0.,0.,0.,0.,0.,0.,0.,0.,0.,0.,0.,0.,0.,0.,0.,0.,0.,0.,,,
162,0.,0.,0.,0.,0.,0.,0.,0.,0.,0.,0.,0.,0.,0.,0.,0.,0.,0.,0.,0.,0.,0.,0.,0.,,,
163,0.,0.,0.,0.,0.,0.,0.,0.,0.,0.,0.,0.,0.,0.,0.,0.,0.,0.,0.,0.,0.,0.,0.,0.,,,
164,0.,0.,0.,0.,0.,0.,0.,0.,0.,0.,0.,0.,0.,0.,0.,0.,0.,0.,0.,0.,0.,0.,0.,0.,,,
165,0.,0.,0.,0.,0.,0.,0.,0.,0.,0.,0.,0.,0.,0.,0.,0.,0.,0.,0.,0.,0.,0.,0.,0.,,,
166,0.,0.,0.,0.,0.,0.,0.,0.,0.,0.,0.,0.,0.,0.,0.,0.,0.,0.,0.,0.,0.,0.,0.,0.,,,
167,0.,0.,0.,0.,0.,0.,0.,0.,0.,0.,0.,0.,0.,0.,0.,0.,0.,0.,0.,0.,0.,0.,0.,0.,,,
168,0.,0.,0.,0.,0.,0.,0.,0.,0.,0.,0.,0.,0.,0.,0.,0.,0.,0.,0.,0.,0.,0.,0.,0.,,,
169,0.,0.,0.,0.,0.,0.,0.,0.,0.,0.,0.,0.,0.,0.,0.,0.,0.,0.,0.,0.,0.,0.,0.,0.,,,
170,0.,0.,0.,0.,0.,0.,0.,0.,0.,0.,0.,0.,0.,0.,0.,0.,0.,0.,0.,0.,0.,0.,0.,0.,,,
171,0.,0.,0.,0.,0.,0.,0.,0.,0.,0.,0.,0.,0.,0.,0.,0.,0.,0.,0.,0.,0.,0.,0.,0.,,,
172,0.,0.,0.,0.,0.,0.,0.,0.,0.,0.,0.,0.,0.,0.,0.,0.,0.,0.,0.,0.,0.,0.,0.,0.,,,
173,0.,0.,0.,0.,0.,0.,0.,0.,0.,0.,0.,0.,0.,0.,0.,0.,0.,0.,0.,0.,0.,0.,0.,0.,,,
174,0.,0.,0.,0.,0.,0.,0.,0.,0.,0.,0.,0.,0.,0.,0.,0.,0.,0.,0.,0.,0.,0.001,0.,0.001,,,
175,0.,0.,0.,0.,0.,0.,0.,0.,0.,0.,0.,0.,0.,0.,0.,0.,0.,0.,0.,0.,0.,0.,0.,0.,,,
176,0.,0.,0.,0.,0.,0.,0.,0.,0.,0.,0.,0.,0.,0.,0.,0.,0.,0.,0.,0.,0.,0.,0.,0.,,,
177,0.,0.,0.,0.,0.,0.,0.,0.,0.,0.,0.,0.,0.,0.,0.,0.,0.,0.,0.,0.,0.,0.,0.,0.,,,
178,0.004,0.,0.004,0.,0.,0.,0.,0.,0.,0.,0.,0.,0.005,0.,0.005,0.,0.,0.,0.,0.,0.,0.005,0.,0.005,,,
179,0.,0.,0.,0.,0.,0.,0.,0.,0.,0.,0.,0.,0.,0.,0.,0.,0.,0.,0.,0.,0.,0.,0.,0.,,,
180,0.,0.,0.,0.,0.,0.,0.,0.,0.,0.,0.,0.,0.,0.,0.,0.,0.,0.,0.,0.,0.,0.,0.,0.,,,
181,0.,0.,0.,0.,0.,0.,0.,0.,0.,0.,0.,0.,0.,0.,0.,0.,0.,0.,0.,0.,0.,0.,0.,0.,,,
182,0.,0.,0.,0.,0.,0.,0.,0.,0.,0.,0.,0.,0.,0.,0.,0.,0.,0.,0.,0.,0.,0.,0.,0.,,,
183,0.,0.,0.,0.,0.,0.,0.,0.,0.,0.,0.,0.,0.,0.,0.,0.,0.,0.,0.,0.,0.,0.,0.,0.,,,
184,0.,0.,0.,0.,0.,0.,0.,0.,0.,0.,0.,0.,0.,0.,0.,0.,0.,0.,0.,0.,0.,0.,0.,0.,,,
185,0.,0.,0.,0.,0.,0.,0.,0.,0.,0.,0.,0.,0.,0.,0.,0.,0.,0.,0.,0.,0.,0.001,0.,0.001,,,
186,0.,0.,0.,0.,0.,0.,0.,0.,0.,0.,0.,0.,0.,0.,0.,0.,0.,0.,0.,0.,0.,0.,0.,0.,,,
187,0.,0.,0.,0.,0.,0.,0.,0.,0.,0.,0.,0.,0.,0.,0.,0.,0.,0.,0.,0.,0.,0.,0.,0.,,,
188,0.,0.,0.,0.,0.,0.,0.,0.,0.,0.,0.,0.,0.,0.,0.,0.,0.,0.,0.,0.,0.,0.,0.,0.,,,
189,0.,0.,0.,0.,0.,0.,0.,0.,0.,0.,0.,0.,0.,0.,0.,0.,0.,0.,0.,0.,0.,0.,0.,0.,,,
190,0.,0.,0.,0.,0.,0.,0.,0.,0.,0.,0.,0.,0.,0.,0.,0.,0.,0.,0.,0.,0.,0.,0.,0.,,,
191,0.,0.,0.,0.,0.,0.,0.,0.,0.,0.,0.,0.,0.,0.,0.,0.,0.,0.,0.,0.,0.,0.001,0.,0.001,,,
192,0.,0.,0.,0.,0.,0.,0.,0.,0.,0.,0.,0.,0.,0.,0.,0.,0.,0.,0.,0.,0.,0.,0.,0.,,,
193,0.,0.,0.,0.,0.,0.,0.,0.,0.,0.,0.,0.,0.,0.,0.,0.,0.,0.,0.,0.,0.,0.,0.,0.,,,
194,0.,0.,0.,0.,0.,0.,0.,0.,0.,0.,0.,0.,0.,0.,0.,0.,0.,0.,0.,0.,0.,0.,0.,0.,,,
195,0.,0.,0.,0.,0.,0.,0.,0.,0.,0.,0.,0.,0.,0.,0.,0.,0.,0.,0.,0.,0.,0.001,0.,0.001,,,
196,0.,0.,0.,0.,0.,0.,0.,0.,0.,0.,0.,0.,0.,0.,0.,0.,0.,0.,0.,0.,0.,0.,0.,0.,,,
197,0.,0.,0.,0.,0.,0.,0.,0.,0.,0.,0.,0.,0.,0.,0.,0.,0.,0.,0.,0.,0.,0.001,0.,0.001,,,
198,0.,0.,0.,0.,0.,0.,0.,0.,0.,0.,0.,0.,0.,0.,0.,0.,0.,0.,0.,0.,0.,0.001,0.,0.001,,,
199,0.,0.,0.,0.,0.,0.,0.,0.,0.,0.,0.,0.,0.,0.,0.,0.,0.,0.,0.,0.,0.,0.,0.,0.,,,
200,0.,0.,0.,0.,0.,0.,0.,0.,0.,0.,0.,0.,0.,0.,0.,0.,0.,0.,0.,0.,0.,0.001,0.,0.001,,,
201,0.,0.,0.,0.,0.,0.,0.,0.,0.,0.,0.,0.,0.,0.,0.,0.,0.,0.,0.,0.,0.,0.001,0.,0.001,,,
202,0.,0.,0.,0.,0.,0.,0.,0.,0.,0.,0.,0.,0.,0.,0.,0.,0.,0.,0.,0.,0.,0.001,0.,0.001,,,
203,0.,0.,0.,0.,0.,0.,0.,0.,0.,0.,0.,0.,0.,0.,0.,0.,0.,0.,0.,0.,0.,0.001,0.,0.001,,,
204,0.,0.,0.,0.,0.,0.,0.,0.,0.,0.,0.,0.,0.,0.,0.,0.,0.,0.,0.,0.,0.,0.001,0.,0.001,,,
205,0.,0.,0.,0.,0.,0.,0.,0.,0.,0.,0.,0.,0.,0.,0.,0.,0.,0.,0.,0.,0.,0.001,0.,0.001,,,
206,0.,0.,0.,0.,0.,0.,0.,0.,0.,0.,0.,0.,0.,0.,0.,0.,0.,0.,0.,0.,0.,0.001,0.,0.001,,,
207,0.,0.,0.,0.,0.,0.,0.,0.,0.,0.,0.,0.,0.,0.,0.,0.,0.,0.,0.,0.,0.,0.001,0.,0.001,,,
208,0.,0.,0.,0.,0.,0.,0.,0.,0.,0.,0.,0.,0.,0.,0.,0.,0.,0.,0.,0.,0.,0.001,0.,0.001,,,
209,0.,0.,0.,0.,0.,0.,0.,0.,0.,0.,0.,0.,0.,0.,0.,0.,0.,0.,0.,0.,0.,0.001,0.,0.001,,,
210,0.,0.,0.,0.,0.,0.,0.,0.,0.,0.,0.,0.,0.,0.,0.,0.,0.,0.,0.,0.,0.,0.001,0.,0.001,,,
211,0.,0.,0.,0.,0.,0.,0.,0.,0.,0.,0.,0.,0.,0.,0.,0.,0.,0.,0.,0.,0.,0.001,0.,0.001,,,
212,0.,0.,0.,0.,0.,0.,0.,0.,0.,0.,0.,0.,0.,0.,0.,0.,0.,0.,0.,0.,0.,0.001,0.,0.001,,,
213,0.,0.,0.,0.,0.,0.,0.,0.,0.,0.,0.,0.,0.,0.,0.,0.,0.,0.,0.,0.,0.,0.001,0.,0.001,,,
214,0.,0.,0.,0.,0.,0.,0.,0.,0.,0.,0.,0.,0.,0.,0.,0.,0.,0.,0.,0.,0.,0.004,0.,0.004,,,
215,0.,0.,0.,0.,0.,0.,0.,0.,0.,0.,0.,0.,0.,0.,0.,0.,0.,0.,0.,0.,0.,0.001,0.,0.001,,,
216,0.,0.,0.,0.,0.,0.,0.,0.,0.,0.,0.,0.,0.,0.,0.,0.,0.,0.,0.,0.,0.,0.001,0.,0.001,,,
217,0.,0.,0.,0.,0.,0.,0.,0.,0.,0.,0.,0.,0.,0.,0.,0.,0.,0.,0.,0.,0.,0.001,0.,0.001,,,
218,0.,0.,0.,0.,0.,0.,0.,0.,0.,0.,0.,0.,0.,0.,0.,0.,0.,0.,0.,0.,0.,0.001,0.,0.001,,,
219,0.,0.,0.,0.,0.,0.,0.,0.,0.,0.,0.,0.,0.,0.,0.,0.,0.,0.,0.,0.,0.,0.001,0.,0.001,,,
220,0.,0.,0.,0.,0.,0.,0.,0.,0.,0.,0.,0.,0.,0.,0.,0.,0.,0.,0.,0.,0.,0.001,0.,0.001,,,
221,0.,0.,0.,0.,0.,0.,0.,0.,0.,0.,0.,0.,0.,0.,0.,0.,0.,0.,0.,0.,0.,0.001,0.,0.001,,,
222,0.,0.,0.,0.,0.,0.,0.,0.,0.,0.,0.,0.,0.,0.,0.,0.,0.,0.,0.,0.,0.,0.001,0.,0.001,,,
223,0.,0.,0.,0.,0.,0.,0.,0.,0.,0.,0.,0.,0.,0.,0.,0.,0.,0.,0.,0.,0.,0.001,0.,0.001,,,
224,0.,0.,0.,0.,0.,0.,0.,0.,0.,0.,0.,0.,0.,0.,0.,0.,0.,0.,0.,0.,0.,0.001,0.,0.001,,,
225,0.,0.,0.,0.,0.,0.,0.,0.,0.,0.,0.,0.,0.,0.,0.,0.,0.,0.,0.,0.,0.,0.001,0.,0.001,,,
226,0.,0.,0.,0.,0.,0.,0.,0.,0.,0.,0.,0.,0.,0.,0.,0.,0.,0.,0.,0.,0.,0.001,0.,0.001,,,
227,0.,0.,0.,0.,0.,0.,0.,0.,0.,0.,0.,0.,0.,0.,0.,0.,0.,0.,0.,0.,0.,0.001,0.,0.001,,,
228,0.,0.,0.,0.,0.,0.,0.,0.,0.,0.,0.,0.,0.,0.,0.,0.,0.,0.,0.,0.,0.,0.001,0.,0.001,,,
229,0.,0.,0.,0.,0.,0.,0.,0.,0.,0.,0.,0.,0.,0.,0.,0.,0.,0.,0.,0.,0.,0.001,0.,0.001,,,
230,0.,0.,0.,0.,0.,0.,0.006,0.,0.006,0.,0.,0.,0.007,0.,0.007,0.,0.,0.,0.,0.,0.,0.007,0.,0.007,,,
231,0.,0.,0.,0.,0.,0.,0.,0.,0.,0.,0.,0.,0.,0.,0.,0.,0.,0.,0.,0.,0.,0.001,0.,0.001,,,
232,0.,0.,0.,0.,0.,0.,0.,0.,0.,0.,0.,0.,0.,0.,0.,0.,0.,0.,0.,0.,0.,0.001,0.,0.001,,,
233,0.,0.,0.,0.,0.,0.,0.,0.,0.,0.,0.,0.,0.,0.,0.,0.,0.,0.,0.,0.,0.,0.001,0.,0.001,,,
234,0.,0.,0.,0.,0.,0.,0.,0.,0.,0.,0.,0.,0.,0.,0.,0.,0.,0.,0.,0.,0.,0.001,0.,0.001,,,
235,0.,0.,0.,0.,0.,0.,0.,0.,0.,0.,0.,0.,0.,0.,0.,0.,0.,0.,0.,0.,0.,0.001,0.,0.001,,,
236,0.,0.,0.,0.,0.,0.,0.,0.,0.,0.,0.,0.,0.,0.,0.,0.,0.,0.,0.,0.,0.,0.001,0.,0.001,,,
237,0.,0.,0.,0.,0.,0.,0.,0.,0.,0.,0.,0.,0.,0.,0.,0.,0.,0.,0.,0.,0.,0.001,0.,0.001,,,
238,0.,0.,0.,0.,0.,0.,0.,0.,0.,0.,0.,0.,0.001,0.,0.001,0.,0.,0.,0.,0.,0.,0.001,0.,0.001,,,
239,0.,0.,0.,0.,0.,0.,0.,0.,0.,0.,0.,0.,0.,0.,0.,0.,0.,0.,0.,0.,0.,0.001,0.,0.001,,,
240,0.,0.,0.,0.,0.,0.,0.,0.,0.,0.,0.,0.,0.,0.,0.,0.,0.,0.,0.,0.,0.,0.001,0.,0.001,,,
241,0.,0.,0.,0.,0.,0.,0.,0.,0.,0.,0.,0.,0.,0.,0.,0.,0.,0.,0.,0.,0.,0.001,0.,0.001,,,
242,0.,0.,0.,0.,0.,0.,0.,0.,0.,0.,0.,0.,0.,0.,0.,0.,0.,0.,0.,0.,0.,0.001,0.,0.001,,,
243,0.,0.,0.,0.,0.,0.,0.,0.,0.,0.,0.,0.,0.,0.,0.,0.,0.,0.,0.,0.,0.,0.001,0.,0.001,,,
244,0.,0.,0.,0.,0.,0.,0.,0.,0.,0.,0.,0.,0.,0.,0.,0.,0.,0.,0.,0.,0.,0.001,0.,0.001,,,
245,0.,0.,0.,0.,0.,0.,0.,0.,0.,0.,0.,0.,0.001,0.,0.001,0.,0.,0.,0.,0.,0.,0.001,0.,0.001,,,
246,0.,0.,0.,0.,0.,0.,0.,0.,0.,0.,0.,0.,0.001,0.,0.001,0.,0.,0.,0.,0.,0.,0.001,0.,0.001,,,
247,0.,0.,0.,0.,0.,0.,0.,0.,0.,0.,0.,0.,0.001,0.,0.001,0.,0.,0.,0.,0.,0.,0.001,0.,0.001,,,
248,0.,0.,0.,0.,0.,0.,0.,0.,0.,0.,0.,0.,0.,0.,0.,0.,0.,0.,0.,0.,0.,0.001,0.,0.001,,,
249,0.,0.,0.,0.,0.,0.,0.,0.,0.,0.,0.,0.,0.,0.,0.,0.,0.,0.,0.,0.,0.,0.001,0.,0.001,,,
250,0.,0.,0.,0.,0.,0.,0.,0.,0.,0.,0.,0.,0.001,0.,0.001,0.,0.,0.,0.,0.,0.,0.001,0.,0.001,,,
251,0.,0.,0.,0.,0.,0.,0.,0.,0.,0.,0.,0.,0.,0.,0.,0.,0.,0.,0.,0.,0.,0.001,0.,0.001,,,
252,0.,0.,0.,0.,0.,0.,0.,0.,0.,0.,0.,0.,0.001,0.,0.001,0.,0.,0.,0.,0.,0.,0.001,0.,0.001,,,
253,0.,0.,0.,0.,0.,0.,0.,0.,0.,0.,0.,0.,0.001,0.,0.001,0.,0.,0.,0.,0.,0.,0.001,0.,0.001,,,
254,0.,0.,0.,0.,0.,0.,0.,0.,0.,0.,0.,0.,0.001,0.,0.001,0.,0.,0.,0.,0.,0.,0.001,0.,0.001,,,
255,0.,0.,0.,0.,0.,0.,0.,0.,0.,0.,0.,0.,0.,0.,0.,0.,0.,0.,0.,0.,0.,0.001,0.,0.001,,,
256,0.,0.,0.,0.,0.,0.,0.,0.,0.,0.,0.,0.,0.001,0.,0.001,0.,0.,0.,0.,0.,0.,0.001,0.,0.001,,,
257,0.,0.,0.,0.,0.,0.,0.,0.,0.,0.,0.,0.,0.001,0.,0.001,0.,0.,0.,0.,0.,0.,0.001,0.,0.001,,,
258,0.,0.,0.,0.,0.,0.,0.,0.,0.,0.,0.,0.,0.001,0.,0.001,0.,0.,0.,0.,0.,0.,0.001,0.,0.001,,,
259,0.,0.,0.,0.,0.,0.,0.,0.,0.,0.,0.,0.,0.001,0.,0.001,0.,0.,0.,0.,0.,0.,0.001,0.,0.001,,,
260,0.009,0.,0.009,0.,0.,0.,0.,0.,0.,0.,0.,0.,0.01,0.,0.01,0.,0.,0.,0.,0.,0.,0.01,0.,0.01,,,
261,0.,0.,0.,0.,0.,0.,0.,0.,0.,0.,0.,0.,0.001,0.,0.001,0.,0.,0.,0.,0.,0.,0.001,0.,0.001,,,
262,0.,0.,0.,0.,0.,0.,0.,0.,0.,0.,0.,0.,0.001,0.,0.001,0.,0.,0.,0.,0.,0.,0.001,0.,0.001,,,
263,0.,0.,0.,0.,0.,0.,0.,0.,0.,0.,0.,0.,0.001,0.,0.001,0.,0.,0.,0.,0.,0.,0.001,0.,0.001,,,
264,0.,0.,0.,0.,0.,0.,0.,0.,0.,0.,0.,0.,0.001,0.,0.001,0.,0.,0.,0.,0.,0.,0.001,0.,0.001,,,
265,0.,0.,0.,0.,0.,0.,0.,0.,0.,0.,0.,0.,0.001,0.,0.001,0.,0.,0.,0.,0.,0.,0.001,0.,0.001,,,
266,0.,0.,0.,0.,0.,0.,0.,0.,0.,0.,0.,0.,0.001,0.,0.001,0.,0.,0.,0.,0.,0.,0.001,0.,0.001,,,
267,0.,0.,0.,0.,0.,0.,0.,0.,0.,0.,0.,0.,0.001,0.,0.001,0.,0.,0.,0.,0.,0.,0.001,0.,0.001,,,
268,0.,0.,0.,0.,0.,0.,0.,0.,0.,0.,0.,0.,0.001,0.,0.001,0.,0.,0.,0.,0.,0.,0.001,0.,0.001,,,
269,0.,0.,0.,0.,0.,0.,0.,0.,0.,0.,0.,0.,0.001,0.,0.001,0.,0.,0.,0.,0.,0.,0.001,0.,0.001,,,
270,0.,0.,0.,0.,0.,0.,0.,0.,0.,0.,0.,0.,0.001,0.,0.001,0.,0.,0.,0.,0.,0.,0.001,0.,0.001,,,
271,0.,0.,0.,0.,0.,0.,0.,0.,0.,0.,0.,0.,0.001,0.,0.001,0.,0.,0.,0.,0.,0.,0.001,0.,0.001,,,
272,0.,0.,0.,0.,0.,0.,0.,0.,0.,0.,0.,0.,0.001,0.,0.001,0.,0.,0.,0.,0.,0.,0.001,0.,0.001,,,
273,0.,0.,0.,0.,0.,0.,0.,0.,0.,0.,0.,0.,0.001,0.,0.001,0.,0.,0.,0.,0.,0.,0.001,0.,0.001,,,
274,0.,0.,0.,0.004,0.,0.004,0.,0.,0.,0.,0.,0.,0.001,0.,0.001,0.,0.,0.,0.,0.,0.,0.001,0.,0.001,,,
275,0.,0.,0.,0.,0.,0.,0.,0.,0.,0.,0.,0.,0.001,0.,0.001,0.,0.,0.,0.,0.,0.,0.001,0.,0.001,,,
276,0.,0.,0.,0.,0.,0.,0.,0.,0.,0.,0.,0.,0.001,0.001,0.,0.,0.,0.,0.,0.,0.,0.001,0.001,0.,,,
277,0.,0.,0.,0.,0.,0.,0.,0.,0.,0.,0.,0.,0.001,0.,0.,0.,0.,0.,0.,0.,0.,0.001,0.,0.001,,,
278,0.,0.,0.,0.,0.,0.,0.,0.,0.,0.,0.,0.,0.001,0.,0.001,0.,0.,0.,0.,0.,0.,0.001,0.,0.001,,,
279,0.,0.,0.,0.,0.,0.,0.,0.,0.,0.,0.,0.,0.001,0.,0.001,0.,0.,0.,0.,0.,0.,0.001,0.,0.001,,,
280,0.,0.,0.,0.,0.,0.,0.,0.,0.,0.,0.,0.,0.001,0.,0.001,0.,0.,0.,0.,0.,0.,0.001,0.,0.001,,,
281,0.,0.,0.,0.,0.,0.,0.,0.,0.,0.,0.,0.,0.001,0.,0.001,0.,0.,0.,0.,0.,0.,0.001,0.,0.001,,,
282,0.,0.,0.,0.,0.,0.,0.,0.,0.,0.,0.,0.,0.001,0.,0.001,0.,0.,0.,0.,0.,0.,0.001,0.,0.001,,,
283,0.,0.,0.,0.,0.,0.,0.,0.,0.,0.,0.,0.,0.001,0.,0.001,0.,0.,0.,0.,0.,0.,0.001,0.,0.001,,,
284,0.,0.,0.,0.,0.,0.,0.,0.,0.,0.,0.,0.,0.001,0.,0.001,0.,0.,0.,0.,0.,0.,0.001,0.,0.001,,,
285,0.,0.,0.,0.,0.,0.,0.,0.,0.,0.,0.,0.,0.001,0.,0.001,0.,0.,0.,0.,0.,0.,0.001,0.,0.001,,,
286,0.,0.,0.,0.,0.,0.,0.,0.,0.,0.,0.,0.,0.001,0.,0.001,0.,0.,0.,0.,0.,0.,0.001,0.,0.001,,,
287,0.,0.,0.,0.,0.,0.,0.008,0.,0.008,0.,0.,0.,0.009,0.,0.009,0.,0.,0.,0.,0.,0.,0.009,0.,0.009,,,
288,0.,0.,0.,0.,0.,0.,0.,0.,0.,0.,0.,0.,0.001,0.,0.001,0.,0.,0.,0.,0.,0.,0.001,0.,0.001,,,
289,0.,0.,0.,0.,0.,0.,0.,0.,0.,0.,0.,0.,0.001,0.,0.001,0.,0.,0.,0.,0.,0.,0.001,0.,0.001,,,
290,0.,0.,0.,0.,0.,0.,0.,0.,0.,0.,0.,0.,0.001,0.,0.001,0.,0.,0.,0.,0.,0.,0.001,0.,0.001,,,
291,0.,0.,0.,0.,0.,0.,0.,0.,0.,0.,0.,0.,0.001,0.,0.001,0.,0.,0.,0.,0.,0.,0.001,0.,0.001,,,
292,0.,0.,0.,0.,0.,0.,0.,0.,0.,0.,0.,0.,0.001,0.,0.001,0.,0.,0.,0.,0.,0.,0.001,0.,0.001,,,
293,0.,0.,0.,0.,0.,0.,0.,0.,0.,0.,0.,0.,0.001,0.,0.001,0.,0.,0.,0.,0.,0.,0.001,0.,0.001,,,
294,0.,0.,0.,0.,0.,0.,0.,0.,0.,0.,0.,0.,0.001,0.,0.001,0.,0.,0.,0.,0.,0.,0.001,0.,0.001,,,
295,0.,0.,0.,0.,0.,0.,0.,0.,0.,0.,0.,0.,0.001,0.,0.001,0.,0.,0.,0.,0.,0.,0.001,0.,0.001,,,
296,0.,0.,0.,0.,0.,0.,0.,0.,0.,0.,0.,0.,0.001,0.,0.001,0.,0.,0.,0.,0.,0.,0.001,0.,0.001,,,
297,0.,0.,0.,0.,0.,0.,0.,0.,0.,0.,0.,0.,0.001,0.,0.001,0.,0.,0.,0.,0.,0.,0.001,0.,0.001,,,
298,0.,0.,0.,0.,0.,0.,0.,0.,0.,0.,0.,0.,0.001,0.,0.001,0.,0.,0.,0.,0.,0.,0.001,0.,0.001,,,
299,0.,0.,0.,0.,0.,0.,0.,0.,0.,0.,0.,0.,0.001,0.,0.001,0.,0.,0.,0.,0.,0.,0.001,0.,0.001,,,
300,0.,0.,0.,0.004,0.,0.004,0.,0.,0.,0.,0.,0.,0.001,0.,0.001,0.,0.,0.,0.,0.,0.,0.001,0.,0.001,,,
301,0.,0.,0.,0.,0.,0.,0.,0.,0.,0.,0.,0.,0.001,0.,0.001,0.,0.,0.,0.,0.,0.,0.001,0.,0.001,,,
302,0.,0.,0.,0.,0.,0.,0.,0.,0.,0.,0.,0.,0.001,0.,0.001,0.,0.,0.,0.,0.,0.,0.001,0.,0.001,,,
303,0.,0.,0.,0.,0.,0.,0.,0.,0.,0.,0.,0.,0.001,0.,0.001,0.,0.,0.,0.,0.,0.,0.001,0.,0.001,,,
304,0.,0.,0.,0.,0.,0.,0.,0.,0.,0.,0.,0.,0.001,0.,0.001,0.,0.,0.,0.,0.,0.,0.001,0.,0.001,,,
305,0.,0.,0.,0.,0.,0.,0.,0.,0.,0.,0.,0.,0.001,0.,0.001,0.,0.,0.,0.,0.,0.,0.001,0.,0.001,,,
306,0.,0.,0.,0.,0.,0.,0.,0.,0.,0.,0.,0.,0.001,0.,0.001,0.,0.,0.,0.,0.,0.,0.001,0.,0.001,,,
307,0.,0.,0.,0.,0.,0.,0.,0.,0.,0.,0.,0.,0.001,0.,0.001,0.,0.,0.,0.,0.,0.,0.001,0.,0.001,,,
308,0.,0.,0.,0.,0.,0.,0.,0.,0.,0.,0.,0.,0.001,0.,0.001,0.,0.,0.,0.,0.,0.,0.001,0.,0.001,,,
309,0.,0.,0.,0.,0.,0.,0.,0.,0.,0.,0.,0.,0.001,0.,0.001,0.,0.,0.,0.,0.,0.,0.001,0.,0.001,,,
310,0.,0.,0.,0.,0.,0.,0.,0.,0.,0.,0.,0.,0.001,0.,0.001,0.,0.,0.,0.,0.,0.,0.001,0.,0.001,,,
311,0.,0.,0.,0.,0.,0.,0.,0.,0.,0.,0.,0.,0.001,0.,0.001,0.,0.,0.,0.,0.,0.,0.001,0.,0.001,,,
312,0.,0.,0.,0.,0.,0.,0.012,0.,0.012,0.,0.,0.,0.012,0.,0.012,0.,0.,0.,0.,0.,0.,0.013,0.,0.013,,,
313,0.,0.,0.,0.,0.,0.,0.,0.,0.,0.,0.,0.,0.001,0.,0.001,0.,0.,0.,0.,0.,0.,0.001,0.,0.001,,,
314,0.,0.,0.,0.,0.,0.,0.,0.,0.,0.,0.,0.,0.001,0.,0.001,0.,0.,0.,0.,0.,0.,0.001,0.,0.001,,,
315,0.,0.,0.,0.,0.,0.,0.,0.,0.,0.,0.,0.,0.001,0.,0.001,0.,0.,0.,0.,0.,0.,0.001,0.,0.001,,,
316,0.,0.,0.,0.,0.,0.,0.,0.,0.,0.,0.,0.,0.001,0.,0.001,0.,0.,0.,0.,0.,0.,0.001,0.,0.001,,,
317,0.,0.,0.,0.,0.,0.,0.,0.,0.,0.,0.,0.,0.001,0.,0.001,0.,0.,0.,0.,0.,0.,0.001,0.,0.001,,,
318,0.,0.,0.,0.,0.,0.,0.,0.,0.,0.,0.,0.,0.001,0.,0.001,0.,0.,0.,0.,0.,0.,0.001,0.,0.001,,,
319,0.,0.,0.,0.,0.,0.,0.,0.,0.,0.,0.,0.,0.001,0.,0.001,0.,0.,0.,0.,0.,0.,0.001,0.,0.001,,,
320,0.,0.,0.,0.,0.,0.,0.,0.,0.,0.,0.,0.,0.001,0.,0.001,0.,0.,0.,0.,0.,0.,0.001,0.,0.001,,,
321,0.,0.,0.,0.,0.,0.,0.,0.,0.,0.,0.,0.,0.001,0.001,0.,0.,0.,0.,0.,0.,0.,0.001,0.001,0.,,,
322,0.,0.,0.,0.,0.,0.,0.,0.,0.,0.,0.,0.,0.001,0.,0.001,0.,0.,0.,0.,0.,0.,0.001,0.,0.001,,,
323,0.,0.,0.,0.,0.,0.,0.,0.,0.,0.,0.,0.,0.001,0.,0.001,0.,0.,0.,0.,0.,0.,0.001,0.,0.001,,,
324,0.,0.,0.,0.,0.,0.,0.003,0.,0.003,0.,0.,0.,0.004,0.,0.004,0.,0.,0.,0.,0.,0.,0.004,0.,0.004,,,
325,0.,0.,0.,0.,0.,0.,0.,0.,0.,0.,0.,0.,0.001,0.,0.001,0.,0.,0.,0.,0.,0.,0.001,0.,0.001,,,
326,0.,0.,0.,0.,0.,0.,0.,0.,0.,0.,0.,0.,0.001,0.,0.001,0.,0.,0.,0.,0.,0.,0.001,0.,0.001,,,
327,0.,0.,0.,0.,0.,0.,0.,0.,0.,0.,0.,0.,0.001,0.,0.001,0.,0.,0.,0.,0.,0.,0.001,0.,0.001,,,
328,0.,0.,0.,0.,0.,0.,0.,0.,0.,0.,0.,0.,0.001,0.,0.001,0.,0.,0.,0.,0.,0.,0.001,0.,0.001,,,
329,0.,0.,0.,0.,0.,0.,0.,0.,0.,0.,0.,0.,0.001,0.,0.001,0.,0.,0.,0.,0.,0.,0.001,0.,0.001,,,
330,0.,0.,0.,0.,0.,0.,0.,0.,0.,0.,0.,0.,0.001,0.,0.001,0.,0.,0.,0.,0.,0.,0.001,0.,0.001,,,
331,0.,0.,0.,0.,0.,0.,0.,0.,0.,0.,0.,0.,0.001,0.,0.001,0.,0.,0.,0.,0.,0.,0.001,0.,0.001,,,
332,0.,0.,0.,0.,0.,0.,0.,0.,0.,0.,0.,0.,0.001,0.,0.001,0.,0.,0.,0.,0.,0.,0.001,0.,0.001,,,
333,0.,0.,0.,0.,0.,0.,0.,0.,0.,0.,0.,0.,0.001,0.,0.001,0.,0.,0.,0.,0.,0.,0.001,0.,0.001,,,
334,0.,0.,0.,0.,0.,0.,0.,0.,0.,0.,0.,0.,0.001,0.,0.001,0.,0.,0.,0.,0.,0.,0.001,0.,0.001,,,
335,0.,0.,0.,0.,0.,0.,0.,0.,0.,0.,0.,0.,0.001,0.,0.001,0.,0.,0.,0.,0.,0.,0.001,0.,0.001,,,
336,0.,0.,0.,0.,0.,0.,0.,0.,0.,0.,0.,0.,0.001,0.,0.001,0.,0.,0.,0.,0.,0.,0.001,0.,0.001,,,
337,0.,0.,0.,0.,0.,0.,0.,0.,0.,0.,0.,0.,0.001,0.,0.001,0.,0.,0.,0.,0.,0.,0.001,0.,0.001,,,
338,0.,0.,0.,0.,0.,0.,0.,0.,0.,0.,0.,0.,0.001,0.,0.001,0.,0.,0.,0.,0.,0.,0.001,0.,0.001,,,
339,0.,0.,0.,0.,0.,0.,0.,0.,0.,0.,0.,0.,0.001,0.,0.001,0.,0.,0.,0.,0.,0.,0.001,0.,0.001,,,
340,0.,0.,0.,0.,0.,0.,0.,0.,0.,0.,0.,0.,0.001,0.,0.001,0.,0.,0.,0.,0.,0.,0.001,0.,0.001,,,
341,0.,0.,0.,0.,0.,0.,0.,0.,0.,0.,0.,0.,0.001,0.,0.001,0.,0.,0.,0.,0.,0.,0.001,0.,0.001,,,
342,0.,0.,0.,0.,0.,0.,0.,0.,0.,0.,0.,0.,0.001,0.,0.001,0.,0.,0.,0.,0.,0.,0.001,0.,0.001,,,
343,0.,0.,0.,0.,0.,0.,0.,0.,0.,0.,0.,0.,0.001,0.,0.001,0.,0.,0.,0.,0.,0.,0.001,0.,0.001,,,
344,0.,0.,0.,0.,0.,0.,0.,0.,0.,0.,0.,0.,0.001,0.,0.001,0.,0.,0.,0.,0.,0.,0.001,0.,0.001,,,
345,0.,0.,0.,0.,0.,0.,0.,0.,0.,0.,0.,0.,0.001,0.,0.001,0.,0.,0.,0.,0.,0.,0.001,0.,0.001,,,
346,0.,0.,0.,0.,0.,0.,0.,0.,0.,0.,0.,0.,0.001,0.,0.001,0.,0.,0.,0.,0.,0.,0.001,0.,0.001,,,
347,0.,0.,0.,0.005,0.,0.005,0.,0.,0.,0.,0.,0.,0.001,0.,0.001,0.,0.,0.,0.,0.,0.,0.001,0.,0.001,,,
348,0.,0.,0.,0.,0.,0.,0.,0.,0.,0.,0.,0.,0.001,0.,0.001,0.,0.,0.,0.,0.,0.,0.001,0.,0.001,,,
349,0.,0.,0.,0.,0.,0.,0.,0.,0.,0.,0.,0.,0.001,0.,0.001,0.,0.,0.,0.,0.,0.,0.001,0.,0.001,,,
350,0.,0.,0.,0.,0.,0.,0.,0.,0.,0.,0.,0.,0.001,0.,0.001,0.,0.,0.,0.,0.,0.,0.001,0.,0.001,,,
351,0.,0.,0.,0.,0.,0.,0.,0.,0.,0.,0.,0.,0.001,0.,0.001,0.,0.,0.,0.,0.,0.,0.001,0.,0.001,,,
352,0.,0.,0.,0.,0.,0.,0.,0.,0.,0.,0.,0.,0.001,0.,0.001,0.,0.,0.,0.,0.,0.,0.001,0.,0.001,,,
353,0.,0.,0.,0.,0.,0.,0.,0.,0.,0.,0.,0.,0.001,0.,0.001,0.,0.,0.,0.,0.,0.,0.001,0.,0.001,,,
354,0.,0.,0.,0.,0.,0.,0.,0.,0.,0.,0.,0.,0.001,0.,0.001,0.,0.,0.,0.,0.,0.,0.001,0.,0.001,,,
355,0.,0.,0.,0.,0.,0.,0.,0.,0.,0.,0.,0.,0.001,0.,0.001,0.,0.,0.,0.,0.,0.,0.001,0.,0.001,,,
356,0.,0.,0.,0.,0.,0.,0.,0.,0.,0.,0.,0.,0.001,0.,0.001,0.,0.,0.,0.,0.,0.,0.001,0.,0.001,,,
357,0.,0.,0.,0.,0.,0.,0.,0.,0.,0.,0.,0.,0.001,0.,0.001,0.,0.,0.,0.,0.,0.,0.001,0.,0.001,,,
358,0.,0.,0.,0.,0.,0.,0.,0.,0.,0.,0.,0.,0.001,0.,0.001,0.,0.,0.,0.,0.,0.,0.001,0.,0.001,,,
359,0.,0.,0.,0.,0.,0.,0.,0.,0.,0.,0.,0.,0.001,0.,0.001,0.,0.,0.,0.,0.,0.,0.001,0.,0.001,,,
360,0.,0.,0.,0.,0.,0.,0.,0.,0.,0.,0.,0.,0.001,0.,0.001,0.,0.,0.,0.,0.,0.,0.001,0.,0.001,,,
361,0.,0.,0.,0.,0.,0.,0.,0.,0.,0.,0.,0.,0.001,0.,0.001,0.,0.,0.,0.,0.,0.,0.001,0.,0.001,,,
362,0.,0.,0.,0.,0.,0.,0.,0.,0.,0.,0.,0.,0.001,0.,0.001,0.,0.,0.,0.,0.,0.,0.001,0.,0.001,,,
363,0.,0.,0.,0.,0.,0.,0.,0.,0.,0.,0.,0.,0.001,0.,0.001,0.,0.,0.,0.,0.,0.,0.001,0.,0.001,,,
364,0.,0.,0.,0.,0.,0.,0.,0.,0.,0.,0.,0.,0.001,0.,0.001,0.,0.,0.,0.,0.,0.,0.001,0.,0.001,,,
365,0.,0.,0.,0.,0.,0.,0.,0.,0.,0.,0.,0.,0.001,0.,0.001,0.,0.,0.,0.,0.,0.,0.001,0.,0.001,,,
366,0.,0.,0.,0.,0.,0.,0.,0.,0.,0.,0.,0.,0.001,0.,0.001,0.,0.,0.,0.,0.,0.,0.001,0.,0.001,,,
367,0.,0.,0.,0.,0.,0.,0.,0.,0.,0.,0.,0.,0.001,0.,0.001,0.,0.,0.,0.,0.,0.,0.001,0.,0.001,,,
368,0.,0.,0.,0.,0.,0.,0.006,0.,0.006,0.,0.,0.,0.006,0.,0.006,0.,0.,0.,0.,0.,0.,0.007,0.,0.007,,,
369,0.,0.,0.,0.,0.,0.,0.,0.,0.,0.,0.,0.,0.001,0.,0.001,0.,0.,0.,0.,0.,0.,0.001,0.,0.001,,,
370,0.,0.,0.,0.,0.,0.,0.,0.,0.,0.,0.,0.,0.001,0.,0.001,0.,0.,0.,0.,0.,0.,0.001,0.,0.001,,,
371,0.,0.,0.,0.,0.,0.,0.,0.,0.,0.,0.,0.,0.001,0.,0.001,0.,0.,0.,0.,0.,0.,0.001,0.,0.001,,,
372,0.,0.,0.,0.,0.,0.,0.,0.,0.,0.,0.,0.,0.001,0.,0.001,0.,0.,0.,0.,0.,0.,0.001,0.,0.001,,,
373,0.,0.,0.,0.,0.,0.,0.,0.,0.,0.,0.,0.,0.001,0.,0.001,0.,0.,0.,0.,0.,0.,0.001,0.,0.001,,,
374,0.,0.,0.,0.,0.,0.,0.,0.,0.,0.,0.,0.,0.001,0.,0.001,0.,0.,0.,0.,0.,0.,0.001,0.,0.001,,,
375,0.,0.,0.,0.,0.,0.,0.,0.,0.,0.,0.,0.,0.001,0.,0.001,0.,0.,0.,0.,0.,0.,0.001,0.,0.001,,,
376,0.,0.,0.,0.,0.,0.,0.,0.,0.,0.,0.,0.,0.001,0.,0.001,0.,0.,0.,0.,0.,0.,0.001,0.,0.001,,,
377,0.,0.,0.,0.,0.,0.,0.,0.,0.,0.,0.,0.,0.001,0.,0.001,0.,0.,0.,0.,0.,0.,0.001,0.,0.001,,,
378,0.,0.,0.,0.,0.,0.,0.,0.,0.,0.,0.,0.,0.001,0.,0.001,0.,0.,0.,0.,0.,0.,0.001,0.,0.001,,,
379,0.,0.,0.,0.,0.,0.,0.,0.,0.,0.,0.,0.,0.001,0.,0.001,0.,0.,0.,0.,0.,0.,0.001,0.,0.001,,,
380,0.,0.,0.,0.,0.,0.,0.,0.,0.,0.,0.,0.,0.001,0.,0.001,0.,0.,0.,0.,0.,0.,0.001,0.,0.001,,,
381,0.,0.,0.,0.,0.,0.,0.,0.,0.,0.,0.,0.,0.001,0.,0.001,0.,0.,0.,0.,0.,0.,0.001,0.,0.001,,,
382,0.,0.,0.,0.,0.,0.,0.,0.,0.,0.,0.,0.,0.001,0.,0.001,0.,0.,0.,0.,0.,0.,0.001,0.,0.001,,,
383,0.,0.,0.,0.,0.,0.,0.,0.,0.,0.,0.,0.,0.001,0.,0.001,0.,0.,0.,0.,0.,0.,0.001,0.,0.001,,,
384,0.,0.,0.,0.,0.,0.,0.,0.,0.,0.,0.,0.,0.001,0.,0.001,0.,0.,0.,0.,0.,0.,0.001,0.,0.001,,,
385,0.,0.,0.,0.,0.,0.,0.,0.,0.,0.,0.,0.,0.001,0.,0.001,0.,0.,0.,0.,0.,0.,0.001,0.,0.001,,,
386,0.,0.,0.,0.,0.,0.,0.,0.,0.,0.,0.,0.,0.001,0.,0.001,0.,0.,0.,0.,0.,0.,0.001,0.,0.001,,,
387,0.,0.,0.,0.,0.,0.,0.,0.,0.,0.,0.,0.,0.001,0.,0.001,0.,0.,0.,0.,0.,0.,0.001,0.,0.001,,,
388,0.,0.,0.,0.,0.,0.,0.,0.,0.,0.,0.,0.,0.001,0.,0.001,0.,0.,0.,0.,0.,0.,0.001,0.,0.001,,,
389,0.,0.,0.,0.003,0.,0.003,0.,0.,0.,0.,0.,0.,0.001,0.,0.001,0.,0.,0.,0.,0.,0.,0.001,0.,0.001,,,
390,0.,0.,0.,0.,0.,0.,0.,0.,0.,0.,0.,0.,0.001,0.,0.001,0.,0.,0.,0.,0.,0.,0.001,0.,0.001,,,
391,0.,0.,0.,0.,0.,0.,0.,0.,0.,0.,0.,0.,0.001,0.,0.001,0.,0.,0.,0.,0.,0.,0.001,0.,0.001,,,
392,0.,0.,0.,0.,0.,0.,0.,0.,0.,0.,0.,0.,0.001,0.,0.001,0.,0.,0.,0.,0.,0.,0.001,0.,0.001,,,
393,0.,0.,0.,0.,0.,0.,0.,0.,0.,0.,0.,0.,0.001,0.,0.001,0.,0.,0.,0.,0.,0.,0.001,0.,0.001,,,
394,0.,0.,0.,0.,0.,0.,0.,0.,0.,0.,0.,0.,0.001,0.,0.001,0.,0.,0.,0.,0.,0.,0.001,0.,0.001,,,
395,0.,0.,0.,0.,0.,0.,0.,0.,0.,0.,0.,0.,0.001,0.,0.001,0.,0.,0.,0.,0.,0.,0.001,0.,0.001,,,
396,0.,0.,0.,0.,0.,0.,0.,0.,0.,0.,0.,0.,0.001,0.,0.001,0.,0.,0.,0.,0.,0.,0.001,0.,0.001,,,
397,0.,0.,0.,0.,0.,0.,0.,0.,0.,0.,0.,0.,0.001,0.,0.001,0.,0.,0.,0.,0.,0.,0.001,0.,0.001,,,
398,0.,0.,0.,0.,0.,0.,0.,0.,0.,0.,0.,0.,0.001,0.,0.001,0.,0.,0.,0.,0.,0.,0.001,0.,0.001,,,
399,0.,0.,0.,0.,0.,0.,0.,0.,0.,0.,0.,0.,0.001,0.,0.001,0.,0.,0.,0.,0.,0.,0.001,0.,0.001,,,
400,0.,0.,0.,0.,0.,0.,0.,0.,0.,0.,0.,0.,0.001,0.,0.001,0.,0.,0.,0.,0.,0.,0.001,0.,0.001,,,
401,0.,0.,0.,0.,0.,0.,0.,0.,0.,0.,0.,0.,0.001,0.,0.001,0.,0.,0.,0.,0.,0.,0.001,0.,0.001,,,
402,0.,0.,0.,0.,0.,0.,0.,0.,0.,0.,0.,0.,0.001,0.,0.001,0.,0.,0.,0.,0.,0.,0.001,0.,0.001,,,
403,0.,0.,0.,0.,0.,0.,0.,0.,0.,0.,0.,0.,0.001,0.,0.001,0.,0.,0.,0.,0.,0.,0.001,0.,0.001,,,
404,0.,0.,0.,0.,0.,0.,0.,0.,0.,0.,0.,0.,0.001,0.,0.001,0.,0.,0.,0.,0.,0.,0.001,0.,0.001,,,
405,0.,0.,0.,0.,0.,0.,0.,0.,0.,0.,0.,0.,0.001,0.001,0.,0.,0.,0.,0.,0.,0.,0.001,0.001,0.,,,
406,0.,0.,0.,0.,0.,0.,0.,0.,0.,0.,0.,0.,0.001,0.,0.001,0.,0.,0.,0.,0.,0.,0.001,0.,0.001,,,
407,0.,0.,0.,0.,0.,0.,0.001,0.,0.001,0.,0.,0.,0.001,0.,0.001,0.,0.,0.,0.,0.,0.,0.002,0.,0.001,,,
408,0.,0.,0.,0.,0.,0.,0.003,0.,0.003,0.,0.,0.,0.004,0.,0.004,0.,0.,0.,0.,0.,0.,0.004,0.,0.004,,,
409,0.,0.,0.,0.,0.,0.,0.,0.,0.,0.,0.,0.,0.001,0.,0.001,0.,0.,0.,0.,0.,0.,0.001,0.,0.001,,,
410,0.,0.,0.,0.,0.,0.,0.,0.,0.,0.,0.,0.,0.001,0.,0.001,0.,0.,0.,0.,0.,0.,0.001,0.,0.001,,,
411,0.,0.,0.,0.,0.,0.,0.,0.,0.,0.,0.,0.,0.001,0.,0.001,0.,0.,0.,0.,0.,0.,0.001,0.,0.001,,,
412,0.,0.,0.,0.,0.,0.,0.,0.,0.,0.,0.,0.,0.001,0.,0.001,0.,0.,0.,0.,0.,0.,0.001,0.,0.001,,,
413,0.,0.,0.,0.,0.,0.,0.001,0.,0.001,0.,0.,0.,0.001,0.,0.001,0.,0.,0.,0.,0.,0.,0.002,0.,0.002,,,
414,0.,0.,0.,0.,0.,0.,0.,0.,0.,0.,0.,0.,0.001,0.,0.001,0.,0.,0.,0.,0.,0.,0.001,0.,0.001,,,
415,0.,0.,0.,0.,0.,0.,0.,0.,0.,0.,0.,0.,0.001,0.,0.001,0.,0.,0.,0.,0.,0.,0.001,0.,0.001,,,
416,0.,0.,0.,0.,0.,0.,0.,0.,0.,0.,0.,0.,0.001,0.,0.001,0.,0.,0.,0.,0.,0.,0.001,0.,0.001,,,
417,0.,0.,0.,0.,0.,0.,0.,0.,0.,0.,0.,0.,0.001,0.,0.001,0.,0.,0.,0.,0.,0.,0.001,0.,0.001,,,
418,0.,0.,0.,0.,0.,0.,0.,0.,0.,0.,0.,0.,0.001,0.,0.001,0.,0.,0.,0.,0.,0.,0.001,0.,0.001,,,
419,0.,0.,0.,0.,0.,0.,0.,0.,0.,0.,0.,0.,0.001,0.001,0.,0.,0.,0.,0.,0.,0.,0.001,0.001,0.,,,
420,0.,0.,0.,0.,0.,0.,0.,0.,0.,0.,0.,0.,0.001,0.,0.001,0.,0.,0.,0.,0.,0.,0.001,0.,0.001,,,
421,0.,0.,0.,0.,0.,0.,0.,0.,0.,0.,0.,0.,0.001,0.,0.001,0.,0.,0.,0.,0.,0.,0.001,0.,0.001,,,
422,0.,0.,0.,0.,0.,0.,0.,0.,0.,0.,0.,0.,0.001,0.,0.001,0.,0.,0.,0.,0.,0.,0.001,0.,0.001,,,
423,0.,0.,0.,0.,0.,0.,0.,0.,0.,0.,0.,0.,0.001,0.,0.001,0.,0.,0.,0.,0.,0.,0.001,0.,0.001,,,
424,0.,0.,0.,0.,0.,0.,0.,0.,0.,0.,0.,0.,0.001,0.,0.001,0.,0.,0.,0.,0.,0.,0.001,0.,0.001,,,
425,0.,0.,0.,0.,0.,0.,0.,0.,0.,0.,0.,0.,0.001,0.,0.001,0.,0.,0.,0.,0.,0.,0.001,0.,0.001,,,
426,0.,0.,0.,0.,0.,0.,0.,0.,0.,0.,0.,0.,0.001,0.,0.001,0.,0.,0.,0.,0.,0.,0.001,0.,0.001,,,
427,0.,0.,0.,0.,0.,0.,0.,0.,0.,0.,0.,0.,0.001,0.,0.001,0.,0.,0.,0.,0.,0.,0.004,0.,0.003,,,
428,0.,0.,0.,0.,0.,0.,0.,0.,0.,0.,0.,0.,0.001,0.,0.001,0.,0.,0.,0.,0.,0.,0.001,0.,0.001,,,
429,0.,0.,0.,0.,0.,0.,0.,0.,0.,0.,0.,0.,0.001,0.,0.001,0.,0.,0.,0.,0.,0.,0.001,0.,0.001,,,
430,0.,0.,0.,0.,0.,0.,0.001,0.,0.001,0.,0.,0.,0.001,0.,0.001,0.,0.,0.,0.,0.,0.,0.001,0.,0.001,,,
431,0.,0.,0.,0.,0.,0.,0.,0.,0.,0.,0.,0.,0.001,0.,0.001,0.,0.,0.,0.,0.,0.,0.001,0.,0.001,,,
432,0.,0.,0.,0.,0.,0.,0.,0.,0.,0.,0.,0.,0.001,0.,0.001,0.,0.,0.,0.,0.,0.,0.001,0.,0.001,,,
433,0.,0.,0.,0.,0.,0.,0.,0.,0.,0.,0.,0.,0.001,0.,0.001,0.,0.,0.,0.,0.,0.,0.001,0.,0.001,,,
434,0.,0.,0.,0.,0.,0.,0.,0.,0.,0.,0.,0.,0.001,0.,0.001,0.,0.,0.,0.,0.,0.,0.001,0.,0.001,,,
435,0.,0.,0.,0.,0.,0.,0.,0.,0.,0.,0.,0.,0.001,0.,0.001,0.,0.,0.,0.,0.,0.,0.001,0.,0.001,,,
436,0.005,0.,0.005,0.,0.,0.,0.001,0.,0.001,0.,0.,0.,0.006,0.,0.006,0.,0.,0.,0.,0.,0.,0.006,0.,0.006,,,
437,0.,0.,0.,0.,0.,0.,0.,0.,0.,0.,0.,0.,0.001,0.,0.001,0.,0.,0.,0.,0.,0.,0.001,0.,0.001,,,
438,0.,0.,0.,0.,0.,0.,0.,0.,0.,0.,0.,0.,0.001,0.,0.001,0.,0.,0.,0.,0.,0.,0.001,0.,0.001,,,
439,0.,0.,0.,0.,0.,0.,0.,0.,0.,0.,0.,0.,0.001,0.,0.001,0.,0.,0.,0.,0.,0.,0.001,0.,0.001,,,
440,0.,0.,0.,0.,0.,0.,0.,0.,0.,0.,0.,0.,0.001,0.,0.001,0.,0.,0.,0.,0.,0.,0.001,0.,0.001,,,
441,0.,0.,0.,0.,0.,0.,0.001,0.,0.001,0.,0.,0.,0.001,0.,0.001,0.,0.,0.,0.,0.,0.,0.001,0.,0.001,,,
442,0.,0.,0.,0.,0.,0.,0.001,0.,0.001,0.,0.,0.,0.001,0.,0.001,0.,0.,0.,0.,0.,0.,0.001,0.,0.001,,,
443,0.,0.,0.,0.,0.,0.,0.,0.,0.,0.,0.,0.,0.001,0.,0.001,0.,0.,0.,0.,0.,0.,0.001,0.,0.001,,,
444,0.,0.,0.,0.,0.,0.,0.001,0.,0.001,0.,0.,0.,0.001,0.,0.001,0.,0.,0.,0.,0.,0.,0.001,0.,0.001,,,
445,0.,0.,0.,0.003,0.003,0.,0.,0.,0.,0.,0.,0.,0.001,0.,0.001,0.,0.,0.,0.,0.,0.,0.001,0.,0.001,,,
446,0.,0.,0.,0.,0.,0.,0.001,0.,0.001,0.,0.,0.,0.001,0.,0.001,0.,0.,0.,0.,0.,0.,0.001,0.,0.001,,,
447,0.,0.,0.,0.,0.,0.,0.,0.,0.,0.,0.,0.,0.001,0.,0.001,0.,0.,0.,0.,0.,0.,0.001,0.,0.001,,,
448,0.,0.,0.,0.,0.,0.,0.001,0.,0.001,0.,0.,0.,0.001,0.,0.001,0.,0.,0.,0.,0.,0.,0.001,0.,0.001,,,
449,0.,0.,0.,0.,0.,0.,0.001,0.,0.001,0.,0.,0.,0.001,0.,0.001,0.,0.,0.,0.,0.,0.,0.001,0.,0.001,,,
450,0.,0.,0.,0.,0.,0.,0.001,0.,0.001,0.,0.,0.,0.001,0.,0.001,0.,0.,0.,0.,0.,0.,0.001,0.,0.001,,,
451,0.,0.,0.,0.,0.,0.,0.,0.,0.,0.,0.,0.,0.001,0.,0.001,0.,0.,0.,0.,0.,0.,0.001,0.,0.001,,,
452,0.,0.,0.,0.,0.,0.,0.001,0.,0.001,0.,0.,0.,0.001,0.,0.001,0.,0.,0.,0.,0.,0.,0.002,0.,0.002,,,
453,0.,0.,0.,0.,0.,0.,0.001,0.,0.001,0.,0.,0.,0.001,0.,0.001,0.,0.,0.,0.,0.,0.,0.001,0.,0.001,,,
454,0.,0.,0.,0.,0.,0.,0.001,0.,0.001,0.,0.,0.,0.001,0.,0.001,0.,0.,0.,0.,0.,0.,0.002,0.,0.002,,,
455,0.,0.,0.,0.,0.,0.,0.,0.,0.,0.,0.,0.,0.001,0.,0.001,0.,0.,0.,0.,0.,0.,0.001,0.,0.001,,,
456,0.,0.,0.,0.,0.,0.,0.,0.,0.,0.,0.,0.,0.001,0.,0.001,0.,0.,0.,0.,0.,0.,0.001,0.,0.001,,,
457,0.,0.,0.,0.,0.,0.,0.,0.,0.,0.,0.,0.,0.001,0.,0.001,0.,0.,0.,0.,0.,0.,0.001,0.,0.001,,,
458,0.,0.,0.,0.,0.,0.,0.001,0.,0.001,0.,0.,0.,0.001,0.,0.001,0.,0.,0.,0.,0.,0.,0.001,0.,0.001,,,
459,0.,0.,0.,0.,0.,0.,0.001,0.,0.001,0.,0.,0.,0.001,0.,0.001,0.,0.,0.,0.,0.,0.,0.001,0.,0.001,,,
460,0.,0.,0.,0.,0.,0.,0.001,0.,0.001,0.,0.,0.,0.001,0.,0.001,0.,0.,0.,0.,0.,0.,0.001,0.,0.001,,,
461,0.,0.,0.,0.,0.,0.,0.001,0.,0.001,0.,0.,0.,0.001,0.,0.001,0.,0.,0.,0.,0.,0.,0.002,0.,0.002,,,
462,0.,0.,0.,0.,0.,0.,0.004,0.003,0.,0.,0.,0.,0.005,0.003,0.001,0.,0.,0.,0.,0.,0.,0.005,0.003,0.002,,,
463,0.,0.,0.,0.,0.,0.,0.001,0.,0.001,0.,0.,0.,0.001,0.,0.001,0.,0.,0.,0.,0.,0.,0.001,0.,0.001,,,
464,0.,0.,0.,0.,0.,0.,0.001,0.,0.001,0.,0.,0.,0.001,0.,0.001,0.,0.,0.,0.,0.,0.,0.002,0.,0.002,,,
465,0.,0.,0.,0.,0.,0.,0.001,0.,0.001,0.,0.,0.,0.001,0.,0.001,0.,0.,0.,0.,0.,0.,0.002,0.,0.002,,,
466,0.,0.,0.,0.,0.,0.,0.,0.,0.,0.,0.,0.,0.001,0.,0.001,0.,0.,0.,0.,0.,0.,0.001,0.,0.001,,,
467,0.,0.,0.,0.,0.,0.,0.001,0.,0.001,0.,0.,0.,0.001,0.,0.001,0.,0.,0.,0.,0.,0.,0.002,0.,0.002,,,
468,0.,0.,0.,0.,0.,0.,0.001,0.,0.001,0.,0.,0.,0.001,0.,0.001,0.,0.,0.,0.,0.,0.,0.002,0.,0.002,,,
469,0.,0.,0.,0.,0.,0.,0.001,0.,0.001,0.,0.,0.,0.001,0.,0.001,0.,0.,0.,0.,0.,0.,0.002,0.,0.002,,,
470,0.,0.,0.,0.,0.,0.,0.001,0.,0.001,0.,0.,0.,0.001,0.,0.001,0.,0.,0.,0.,0.,0.,0.002,0.,0.002,,,
471,0.,0.,0.,0.007,0.,0.007,0.001,0.,0.001,0.,0.,0.,0.001,0.,0.001,0.,0.,0.,0.,0.,0.,0.002,0.,0.002,,,
472,0.,0.,0.,0.,0.,0.,0.001,0.,0.001,0.,0.,0.,0.001,0.,0.001,0.,0.,0.,0.,0.,0.,0.002,0.,0.002,,,
473,0.,0.,0.,0.,0.,0.,0.,0.,0.,0.,0.,0.,0.001,0.,0.001,0.,0.,0.,0.,0.,0.,0.001,0.,0.001,,,
474,0.,0.,0.,0.,0.,0.,0.,0.,0.,0.,0.,0.,0.001,0.,0.001,0.,0.,0.,0.,0.,0.,0.001,0.,0.001,,,
475,0.,0.,0.,0.,0.,0.,0.,0.,0.,0.,0.,0.,0.001,0.,0.001,0.,0.,0.,0.,0.,0.,0.001,0.,0.001,,,
476,0.,0.,0.,0.,0.,0.,0.001,0.,0.001,0.,0.,0.,0.001,0.,0.001,0.,0.,0.,0.,0.,0.,0.002,0.,0.002,,,
477,0.,0.,0.,0.,0.,0.,0.001,0.,0.001,0.,0.,0.,0.001,0.,0.001,0.,0.,0.,0.,0.,0.,0.002,0.,0.002,,,
478,0.,0.,0.,0.,0.,0.,0.001,0.,0.001,0.,0.,0.,0.001,0.,0.001,0.,0.,0.,0.,0.,0.,0.001,0.,0.001,,,
479,0.,0.,0.,0.,0.,0.,0.001,0.,0.001,0.,0.,0.,0.004,0.,0.004,0.,0.,0.,0.,0.,0.,0.004,0.,0.004,,,
480,0.,0.,0.,0.,0.,0.,0.,0.,0.,0.,0.,0.,0.001,0.,0.001,0.,0.,0.,0.,0.,0.,0.001,0.,0.001,,,
481,0.,0.,0.,0.,0.,0.,0.,0.,0.,0.,0.,0.,0.001,0.,0.001,0.,0.,0.,0.,0.,0.,0.001,0.,0.001,,,
482,0.,0.,0.,0.,0.,0.,0.001,0.,0.,0.,0.,0.,0.001,0.,0.001,0.,0.,0.,0.,0.,0.,0.001,0.,0.001,,,
483,0.,0.,0.,0.,0.,0.,0.001,0.,0.001,0.,0.,0.,0.001,0.,0.001,0.,0.,0.,0.,0.,0.,0.001,0.,0.001,,,
484,0.,0.,0.,0.,0.,0.,0.001,0.,0.001,0.,0.,0.,0.001,0.,0.001,0.,0.,0.,0.,0.,0.,0.002,0.,0.002,,,
485,0.,0.,0.,0.,0.,0.,0.001,0.,0.001,0.,0.,0.,0.001,0.,0.001,0.,0.,0.,0.,0.,0.,0.002,0.,0.002,,,
486,0.,0.,0.,0.,0.,0.,0.,0.,0.,0.,0.,0.,0.001,0.,0.001,0.,0.,0.,0.,0.,0.,0.001,0.,0.001,,,
487,0.,0.,0.,0.,0.,0.,0.006,0.,0.006,0.,0.,0.,0.006,0.,0.006,0.,0.,0.,0.,0.,0.,0.007,0.,0.007,,,
488,0.,0.,0.,0.,0.,0.,0.001,0.,0.001,0.,0.,0.,0.001,0.,0.001,0.,0.,0.,0.,0.,0.,0.002,0.,0.002,,,
489,0.,0.,0.,0.,0.,0.,0.001,0.,0.001,0.,0.,0.,0.001,0.,0.001,0.,0.,0.,0.,0.,0.,0.002,0.,0.002,,,
490,0.,0.,0.,0.,0.,0.,0.001,0.,0.001,0.,0.,0.,0.001,0.,0.001,0.,0.,0.,0.,0.,0.,0.002,0.,0.002,,,
491,0.,0.,0.,0.,0.,0.,0.001,0.,0.001,0.,0.,0.,0.001,0.,0.001,0.,0.,0.,0.,0.,0.,0.002,0.,0.002,,,
492,0.,0.,0.,0.,0.,0.,0.001,0.,0.001,0.,0.,0.,0.001,0.,0.001,0.,0.,0.,0.,0.,0.,0.002,0.,0.002,,,
493,0.,0.,0.,0.,0.,0.,0.001,0.,0.001,0.,0.,0.,0.001,0.,0.001,0.,0.,0.,0.,0.,0.,0.002,0.,0.002,,,
494,0.,0.,0.,0.,0.,0.,0.001,0.,0.001,0.,0.,0.,0.001,0.,0.001,0.,0.,0.,0.,0.,0.,0.002,0.,0.002,,,
495,0.,0.,0.,0.,0.,0.,0.004,0.,0.004,0.,0.,0.,0.005,0.,0.005,0.,0.,0.,0.,0.,0.,0.005,0.,0.005,,,
496,0.,0.,0.,0.,0.,0.,0.001,0.,0.001,0.,0.,0.,0.001,0.,0.001,0.,0.,0.,0.,0.,0.,0.002,0.,0.002,,,
497,0.,0.,0.,0.,0.,0.,0.001,0.,0.001,0.,0.,0.,0.001,0.,0.001,0.,0.,0.,0.,0.,0.,0.002,0.,0.002,,,
498,0.,0.,0.,0.,0.,0.,0.001,0.,0.001,0.,0.,0.,0.001,0.,0.001,0.,0.,0.,0.,0.,0.,0.002,0.,0.002,,,
499,0.,0.,0.,0.,0.,0.,0.001,0.,0.001,0.,0.,0.,0.001,0.,0.001,0.,0.,0.,0.,0.,0.,0.002,0.,0.002,,,
500,0.,0.,0.,0.,0.,0.,0.001,0.,0.001,0.,0.,0.,0.001,0.,0.001,0.,0.,0.,0.,0.,0.,0.002,0.,0.002,,,
505,0.,0.,0.,0.,0.,0.,0.001,0.,0.001,0.,0.,0.,0.001,0.,0.001,0.,0.,0.,0.,0.,0.,0.002,0.,0.002,,,
510,0.,0.,0.,0.,0.,0.,0.001,0.,0.001,0.,0.,0.,0.001,0.,0.001,0.,0.,0.,0.,0.,0.,0.002,0.,0.002,,,
515,0.,0.,0.,0.,0.,0.,0.007,0.,0.007,0.,0.,0.,0.008,0.,0.008,0.,0.,0.,0.,0.,0.,0.008,0.,0.008,,,
520,0.,0.,0.,0.,0.,0.,0.001,0.,0.001,0.,0.,0.,0.001,0.,0.001,0.,0.,0.,0.,0.,0.,0.002,0.,0.002,,,
525,0.,0.,0.,0.,0.,0.,0.001,0.,0.001,0.,0.,0.,0.001,0.,0.001,0.,0.,0.,0.,0.,0.,0.002,0.,0.002,,,
530,0.,0.,0.,0.,0.,0.,0.001,0.,0.001,0.,0.,0.,0.001,0.,0.001,0.,0.,0.,0.,0.,0.,0.002,0.,0.002,,,
535,0.,0.,0.,0.,0.,0.,0.001,0.,0.001,0.,0.,0.,0.002,0.,0.002,0.,0.,0.,0.,0.,0.,0.002,0.,0.002,,,
540,0.,0.,0.,0.,0.,0.,0.001,0.,0.001,0.,0.,0.,0.002,0.,0.002,0.,0.,0.,0.,0.,0.,0.002,0.,0.002,,,
545,0.,0.,0.,0.001,0.,0.001,0.001,0.,0.001,0.,0.,0.,0.001,0.,0.001,0.,0.,0.,0.,0.,0.,0.002,0.,0.002,,,
550,0.,0.,0.,0.,0.,0.,0.001,0.,0.001,0.,0.,0.,0.002,0.,0.002,0.,0.,0.,0.,0.,0.,0.002,0.,0.002,,,
555,0.,0.,0.,0.001,0.,0.001,0.001,0.,0.001,0.,0.,0.,0.002,0.,0.002,0.,0.,0.,0.,0.,0.,0.002,0.,0.002,,,
560,0.,0.,0.,0.001,0.,0.001,0.001,0.,0.001,0.,0.,0.,0.002,0.,0.002,0.,0.,0.,0.,0.,0.,0.002,0.,0.002,,,
565,0.,0.,0.,0.001,0.,0.001,0.001,0.,0.001,0.,0.,0.,0.002,0.,0.002,0.,0.,0.,0.,0.,0.,0.002,0.,0.002,,,
570,0.,0.,0.,0.001,0.,0.001,0.001,0.,0.001,0.,0.,0.,0.002,0.,0.002,0.,0.,0.,0.,0.,0.,0.002,0.,0.002,,,
575,0.,0.,0.,0.001,0.,0.001,0.001,0.,0.001,0.,0.,0.,0.002,0.,0.002,0.,0.,0.,0.,0.,0.,0.002,0.,0.002,,,
580,0.,0.,0.,0.001,0.,0.001,0.001,0.,0.001,0.,0.,0.,0.002,0.,0.002,0.,0.,0.,0.,0.,0.,0.002,0.,0.002,,,
585,0.,0.,0.,0.001,0.,0.001,0.001,0.,0.001,0.,0.,0.,0.002,0.,0.002,0.,0.,0.,0.,0.,0.,0.002,0.,0.002,,,
590,0.,0.,0.,0.001,0.,0.001,0.001,0.,0.001,0.,0.,0.,0.002,0.,0.002,0.,0.,0.,0.,0.,0.,0.002,0.,0.002,,,
595,0.,0.,0.,0.001,0.,0.001,0.001,0.,0.001,0.,0.,0.,0.002,0.,0.002,0.,0.,0.,0.,0.,0.,0.002,0.,0.002,,,
600,0.,0.,0.,0.001,0.,0.001,0.001,0.,0.001,0.,0.,0.,0.002,0.,0.002,0.,0.,0.,0.,0.,0.,0.002,0.,0.002,,,
605,0.,0.,0.,0.001,0.,0.001,0.001,0.,0.001,0.,0.,0.,0.002,0.,0.002,0.,0.,0.,0.,0.,0.,0.002,0.,0.002,,,
610,0.,0.,0.,0.,0.,0.,0.001,0.,0.001,0.,0.,0.,0.002,0.,0.002,0.,0.,0.,0.,0.,0.,0.002,0.,0.002,,,
615,0.,0.,0.,0.001,0.,0.001,0.001,0.,0.001,0.,0.,0.,0.002,0.,0.002,0.,0.,0.,0.,0.,0.,0.002,0.,0.002,,,
620,0.,0.,0.,0.001,0.,0.001,0.001,0.,0.001,0.003,0.,0.003,0.002,0.,0.002,0.,0.,0.,0.,0.,0.,0.005,0.,0.005,,,
625,0.,0.,0.,0.001,0.,0.001,0.001,0.,0.001,0.,0.,0.,0.002,0.,0.002,0.,0.,0.,0.,0.,0.,0.002,0.,0.002,,,
630,0.,0.,0.,0.001,0.,0.001,0.001,0.,0.001,0.,0.,0.,0.002,0.,0.002,0.,0.,0.,0.,0.,0.,0.002,0.,0.002,,,
635,0.,0.,0.,0.001,0.,0.001,0.001,0.,0.001,0.,0.,0.,0.002,0.,0.002,0.,0.,0.,0.,0.,0.,0.002,0.,0.002,,,
640,0.,0.,0.,0.001,0.,0.001,0.001,0.,0.001,0.,0.,0.,0.002,0.,0.002,0.,0.,0.,0.,0.,0.,0.002,0.,0.002,,,
645,0.,0.,0.,0.,0.,0.,0.001,0.,0.001,0.,0.,0.,0.002,0.,0.002,0.,0.,0.,0.,0.,0.,0.002,0.,0.002,,,
650,0.,0.,0.,0.001,0.,0.001,0.001,0.,0.001,0.,0.,0.,0.002,0.,0.002,0.,0.,0.,0.,0.,0.,0.002,0.,0.002,,,
655,0.,0.,0.,0.001,0.,0.001,0.001,0.,0.001,0.,0.,0.,0.002,0.,0.002,0.,0.,0.,0.,0.,0.,0.002,0.,0.002,,,
660,0.,0.,0.,0.001,0.,0.001,0.001,0.,0.001,0.,0.,0.,0.002,0.,0.002,0.,0.,0.,0.,0.,0.,0.002,0.,0.002,,,
665,0.,0.,0.,0.001,0.,0.001,0.001,0.,0.001,0.,0.,0.,0.002,0.,0.002,0.,0.,0.,0.,0.,0.,0.002,0.,0.002,,,
670,0.,0.,0.,0.001,0.,0.001,0.001,0.,0.001,0.,0.,0.,0.002,0.,0.002,0.,0.,0.,0.,0.,0.,0.002,0.,0.002,,,
675,0.,0.,0.,0.001,0.,0.001,0.001,0.,0.001,0.,0.,0.,0.002,0.,0.002,0.,0.,0.,0.,0.,0.,0.002,0.,0.002,,,
680,0.,0.,0.,0.001,0.,0.001,0.001,0.,0.001,0.,0.,0.,0.002,0.,0.002,0.,0.,0.,0.,0.,0.,0.002,0.,0.002,,,
685,0.,0.,0.,0.003,0.,0.003,0.001,0.,0.001,0.,0.,0.,0.002,0.,0.002,0.,0.,0.,0.,0.,0.,0.002,0.,0.002,,,
690,0.,0.,0.,0.001,0.,0.001,0.001,0.,0.001,0.,0.,0.,0.002,0.,0.002,0.,0.,0.,0.,0.,0.,0.002,0.,0.002,,,
695,0.,0.,0.,0.001,0.,0.001,0.001,0.,0.001,0.,0.,0.,0.002,0.,0.002,0.,0.,0.,0.,0.,0.,0.002,0.,0.002,,,
700,0.,0.,0.,0.001,0.,0.001,0.001,0.,0.001,0.,0.,0.,0.002,0.,0.002,0.,0.,0.,0.,0.,0.,0.002,0.,0.002,,,
705,0.,0.,0.,0.001,0.,0.001,0.001,0.,0.001,0.,0.,0.,0.002,0.,0.002,0.,0.,0.,0.,0.,0.,0.002,0.,0.002,,,
710,0.,0.,0.,0.001,0.,0.001,0.001,0.,0.001,0.,0.,0.,0.002,0.,0.002,0.,0.,0.,0.,0.,0.,0.002,0.,0.002,,,
715,0.,0.,0.,0.001,0.,0.001,0.001,0.,0.001,0.,0.,0.,0.002,0.,0.002,0.,0.,0.,0.,0.,0.,0.002,0.,0.002,,,
720,0.,0.,0.,0.001,0.,0.001,0.001,0.,0.001,0.,0.,0.,0.002,0.,0.002,0.,0.,0.,0.,0.,0.,0.002,0.,0.002,,,
725,0.,0.,0.,0.001,0.,0.001,0.001,0.,0.001,0.,0.,0.,0.002,0.,0.002,0.,0.,0.,0.,0.,0.,0.002,0.,0.002,,,
730,0.,0.,0.,0.001,0.,0.001,0.001,0.,0.001,0.,0.,0.,0.002,0.,0.002,0.,0.,0.,0.,0.,0.,0.003,0.,0.002,,,
735,0.,0.,0.,0.001,0.,0.001,0.001,0.,0.001,0.,0.,0.,0.002,0.,0.002,0.,0.,0.,0.,0.,0.,0.003,0.,0.003,,,
740,0.,0.,0.,0.001,0.,0.001,0.004,0.,0.004,0.,0.,0.,0.005,0.,0.005,0.,0.,0.,0.,0.,0.,0.005,0.,0.005,,,
745,0.,0.,0.,0.001,0.,0.001,0.001,0.,0.001,0.,0.,0.,0.002,0.,0.002,0.,0.,0.,0.,0.,0.,0.003,0.,0.003,,,
750,0.,0.,0.,0.001,0.,0.001,0.001,0.,0.001,0.,0.,0.,0.002,0.,0.002,0.,0.,0.,0.,0.,0.,0.003,0.,0.003,,,
755,0.001,0.,0.001,0.001,0.,0.001,0.001,0.,0.001,0.,0.,0.,0.002,0.,0.002,0.,0.,0.,0.,0.,0.,0.003,0.,0.003,,,
760,0.,0.,0.,0.001,0.,0.001,0.001,0.,0.001,0.,0.,0.,0.002,0.,0.002,0.,0.,0.,0.,0.,0.,0.003,0.,0.003,,,
765,0.,0.,0.,0.001,0.,0.001,0.001,0.,0.001,0.,0.,0.,0.002,0.,0.002,0.,0.,0.,0.,0.,0.,0.003,0.,0.003,,,
770,0.,0.,0.,0.001,0.,0.001,0.001,0.,0.001,0.,0.,0.,0.002,0.,0.002,0.,0.,0.,0.,0.,0.,0.003,0.,0.003,,,
775,0.,0.,0.,0.001,0.,0.001,0.001,0.,0.001,0.,0.,0.,0.002,0.,0.002,0.,0.,0.,0.,0.,0.,0.003,0.,0.003,,,
780,0.,0.,0.,0.001,0.,0.001,0.001,0.,0.001,0.,0.,0.,0.002,0.,0.002,0.,0.,0.,0.,0.,0.,0.003,0.,0.003,,,
785,0.,0.,0.,0.001,0.,0.001,0.001,0.,0.001,0.,0.,0.,0.002,0.,0.002,0.,0.,0.,0.,0.,0.,0.003,0.,0.003,,,
790,0.001,0.,0.001,0.001,0.,0.001,0.001,0.,0.001,0.,0.,0.,0.002,0.,0.002,0.,0.,0.,0.,0.,0.,0.003,0.,0.003,,,
795,0.001,0.,0.001,0.005,0.,0.005,0.001,0.,0.001,0.,0.,0.,0.002,0.,0.002,0.,0.,0.,0.,0.,0.,0.003,0.,0.003,,,
800,0.,0.,0.,0.001,0.,0.001,0.001,0.,0.001,0.,0.,0.,0.002,0.,0.002,0.,0.,0.,0.,0.,0.,0.003,0.,0.003,,,
805,0.,0.,0.,0.001,0.,0.001,0.001,0.,0.001,0.,0.,0.,0.002,0.,0.002,0.,0.,0.,0.,0.,0.,0.003,0.,0.003,,,
810,0.,0.,0.,0.001,0.,0.001,0.001,0.,0.001,0.,0.,0.,0.002,0.,0.002,0.,0.,0.,0.,0.,0.,0.003,0.,0.003,,,
815,0.,0.,0.,0.001,0.,0.001,0.001,0.,0.001,0.,0.,0.,0.002,0.,0.002,0.,0.,0.,0.,0.,0.,0.003,0.,0.003,,,
820,0.001,0.,0.001,0.01,0.,0.01,0.001,0.,0.001,0.,0.,0.,0.002,0.,0.002,0.,0.,0.,0.,0.,0.,0.003,0.,0.003,,,
825,0.,0.,0.,0.001,0.,0.001,0.001,0.,0.001,0.,0.,0.,0.002,0.,0.002,0.,0.,0.,0.,0.,0.,0.003,0.,0.003,,,
830,0.001,0.,0.001,0.001,0.,0.001,0.001,0.,0.001,0.,0.,0.,0.003,0.,0.003,0.,0.,0.,0.,0.,0.,0.003,0.,0.003,,,
835,0.001,0.,0.001,0.001,0.,0.001,0.001,0.,0.001,0.,0.,0.,0.003,0.,0.003,0.,0.,0.,0.,0.,0.,0.003,0.,0.003,,,
840,0.001,0.,0.001,0.001,0.,0.001,0.001,0.,0.001,0.,0.,0.,0.002,0.,0.002,0.,0.,0.,0.,0.,0.,0.003,0.,0.003,,,
845,0.,0.,0.,0.005,0.,0.005,0.001,0.,0.001,0.,0.,0.,0.002,0.,0.002,0.,0.,0.,0.,0.,0.,0.003,0.,0.003,,,
850,0.001,0.,0.001,0.001,0.,0.001,0.001,0.,0.001,0.,0.,0.,0.003,0.,0.003,0.,0.,0.,0.,0.,0.,0.003,0.,0.003,,,
855,0.001,0.,0.001,0.001,0.,0.001,0.001,0.,0.001,0.,0.,0.,0.003,0.,0.003,0.,0.,0.,0.,0.,0.,0.003,0.,0.003,,,
860,0.,0.,0.,0.001,0.,0.001,0.001,0.,0.001,0.,0.,0.,0.002,0.,0.002,0.,0.,0.,0.,0.,0.,0.003,0.,0.003,,,
865,0.001,0.,0.001,0.001,0.,0.001,0.002,0.,0.002,0.,0.,0.,0.003,0.,0.003,0.,0.,0.,0.,0.,0.,0.003,0.,0.003,,,
870,0.001,0.,0.001,0.001,0.,0.001,0.001,0.,0.001,0.,0.,0.,0.003,0.,0.003,0.,0.,0.,0.,0.,0.,0.003,0.,0.003,,,
875,0.001,0.,0.001,0.001,0.,0.001,0.001,0.,0.001,0.,0.,0.,0.003,0.,0.003,0.,0.,0.,0.,0.,0.,0.003,0.,0.003,,,
880,0.001,0.,0.001,0.001,0.,0.001,0.001,0.,0.001,0.,0.,0.,0.003,0.,0.003,0.,0.,0.,0.,0.,0.,0.003,0.,0.003,,,
885,0.001,0.,0.001,0.001,0.,0.001,0.002,0.,0.002,0.,0.,0.,0.003,0.,0.003,0.,0.,0.,0.,0.,0.,0.003,0.,0.003,,,
890,0.001,0.,0.001,0.001,0.,0.001,0.006,0.,0.006,0.,0.,0.,0.007,0.,0.007,0.,0.,0.,0.,0.,0.,0.008,0.,0.008,,,
895,0.001,0.,0.001,0.001,0.,0.001,0.002,0.,0.001,0.,0.,0.,0.003,0.,0.003,0.,0.,0.,0.,0.,0.,0.003,0.,0.003,,,
900,0.001,0.,0.001,0.001,0.,0.001,0.002,0.,0.002,0.,0.,0.,0.003,0.,0.003,0.,0.,0.,0.,0.,0.,0.003,0.,0.003,,,
905,0.001,0.,0.001,0.001,0.,0.001,0.002,0.,0.002,0.,0.,0.,0.003,0.,0.003,0.,0.,0.,0.,0.,0.,0.003,0.,0.003,,,
910,0.001,0.,0.001,0.001,0.,0.001,0.002,0.,0.002,0.,0.,0.,0.003,0.,0.003,0.,0.,0.,0.,0.,0.,0.003,0.,0.003,,,
915,0.001,0.,0.001,0.008,0.,0.008,0.002,0.,0.002,0.,0.,0.,0.003,0.,0.003,0.,0.,0.,0.,0.,0.,0.003,0.,0.003,,,
920,0.001,0.,0.001,0.001,0.,0.001,0.002,0.,0.002,0.,0.,0.,0.003,0.,0.003,0.,0.,0.,0.,0.,0.,0.003,0.,0.003,,,
925,0.001,0.,0.001,0.001,0.,0.001,0.002,0.,0.002,0.,0.,0.,0.003,0.,0.003,0.,0.,0.,0.,0.,0.,0.003,0.,0.003,,,
930,0.001,0.,0.001,0.001,0.,0.001,0.002,0.,0.002,0.,0.,0.,0.003,0.,0.003,0.,0.,0.,0.,0.,0.,0.003,0.,0.003,,,
935,0.001,0.,0.001,0.001,0.,0.001,0.007,0.,0.007,0.,0.,0.,0.008,0.,0.008,0.,0.,0.,0.,0.,0.,0.008,0.,0.008,,,
940,0.001,0.,0.001,0.001,0.,0.001,0.002,0.,0.002,0.,0.,0.,0.003,0.,0.003,0.,0.,0.,0.,0.,0.,0.004,0.,0.004,,,
945,0.001,0.,0.001,0.001,0.,0.001,0.002,0.,0.002,0.,0.,0.,0.003,0.,0.003,0.,0.,0.,0.,0.,0.,0.004,0.,0.004,,,
950,0.001,0.,0.001,0.001,0.,0.001,0.002,0.,0.002,0.,0.,0.,0.003,0.,0.003,0.,0.,0.,0.,0.,0.,0.003,0.,0.003,,,
955,0.001,0.,0.001,0.001,0.,0.001,0.002,0.,0.002,0.,0.,0.,0.003,0.,0.003,0.,0.,0.,0.,0.,0.,0.003,0.,0.003,,,
960,0.001,0.,0.001,0.001,0.,0.001,0.002,0.,0.002,0.,0.,0.,0.003,0.,0.003,0.,0.,0.,0.,0.,0.,0.004,0.,0.004,,,
965,0.001,0.,0.001,0.001,0.,0.001,0.002,0.,0.002,0.,0.,0.,0.003,0.,0.003,0.,0.,0.,0.,0.,0.,0.003,0.,0.003,,,
970,0.001,0.,0.001,0.001,0.,0.001,0.002,0.,0.002,0.,0.,0.,0.003,0.,0.003,0.,0.,0.,0.,0.,0.,0.004,0.,0.004,,,
975,0.001,0.,0.001,0.001,0.,0.001,0.002,0.,0.002,0.,0.,0.,0.003,0.,0.003,0.,0.,0.,0.,0.,0.,0.003,0.,0.003,,,
980,0.001,0.,0.001,0.003,0.,0.003,0.002,0.,0.002,0.,0.,0.,0.003,0.,0.003,0.,0.,0.,0.,0.,0.,0.003,0.,0.003,,,
985,0.001,0.,0.001,0.001,0.,0.001,0.002,0.,0.002,0.,0.,0.,0.003,0.,0.003,0.,0.,0.,0.,0.,0.,0.004,0.,0.004,,,
990,0.001,0.,0.001,0.001,0.,0.001,0.002,0.,0.002,0.,0.,0.,0.003,0.,0.003,0.,0.,0.,0.,0.,0.,0.003,0.,0.003,,,
995,0.001,0.,0.001,0.001,0.,0.001,0.002,0.,0.002,0.,0.,0.,0.003,0.,0.003,0.,0.,0.,0.,0.,0.,0.004,0.,0.004,,,
1000,0.001,0.,0.001,0.001,0.,0.001,0.002,0.,0.002,0.,0.,0.,0.003,0.,0.003,0.,0.,0.,0.,0.,0.,0.004,0.,0.004,,,
1010,0.001,0.,0.001,0.002,0.,0.002,0.002,0.,0.002,0.,0.,0.,0.004,0.,0.004,0.,0.,0.,0.,0.,0.,0.005,0.,0.005,,,
1020,0.001,0.001,0.,0.002,0.002,0.,0.055,0.008,0.047,0.,0.,0.,0.057,0.009,0.047,0.,0.,0.,0.,0.,0.,0.058,0.009,0.048,,,
1030,0.001,0.,0.001,0.001,0.,0.001,0.001,0.,0.001,0.,0.,0.,0.003,0.,0.003,0.,0.,0.,0.,0.,0.,0.003,0.,0.003,,,
1040,0.001,0.,0.001,0.001,0.,0.001,0.001,0.,0.001,0.,0.,0.,0.003,0.,0.003,0.,0.,0.,0.,0.,0.,0.003,0.,0.003,,,
1050,0.001,0.,0.001,0.001,0.,0.001,0.002,0.,0.002,0.,0.,0.,0.003,0.,0.003,0.,0.,0.,0.,0.,0.,0.003,0.,0.003,,,
1060,0.001,0.,0.001,0.001,0.,0.001,0.005,0.,0.005,0.,0.,0.,0.007,0.,0.007,0.,0.,0.,0.,0.,0.,0.007,0.,0.007,,,
1070,0.001,0.,0.001,0.001,0.,0.001,0.002,0.,0.002,0.,0.,0.,0.003,0.,0.003,0.,0.,0.,0.,0.,0.,0.003,0.,0.003,,,
1080,0.001,0.,0.001,0.001,0.,0.001,0.002,0.,0.002,0.,0.,0.,0.003,0.,0.003,0.,0.,0.,0.,0.,0.,0.003,0.,0.003,,,
1090,0.001,0.,0.001,0.001,0.,0.001,0.002,0.,0.002,0.,0.,0.,0.003,0.,0.003,0.,0.,0.,0.,0.,0.,0.003,0.,0.003,,,
1100,0.001,0.,0.001,0.007,0.,0.007,0.002,0.,0.002,0.,0.,0.,0.003,0.,0.003,0.,0.,0.,0.,0.,0.,0.004,0.,0.004,,,
1110,0.001,0.,0.001,0.001,0.,0.001,0.002,0.,0.002,0.,0.,0.,0.003,0.,0.003,0.,0.,0.,0.,0.,0.,0.003,0.,0.003,,,
1120,0.001,0.,0.001,0.001,0.,0.001,0.002,0.,0.002,0.,0.,0.,0.003,0.,0.003,0.,0.,0.,0.,0.,0.,0.003,0.,0.003,,,
1130,0.001,0.,0.001,0.001,0.,0.001,0.002,0.,0.002,0.,0.,0.,0.003,0.,0.003,0.,0.,0.,0.,0.,0.,0.004,0.,0.004,,,
1140,0.001,0.001,0.,0.001,0.001,0.,0.002,0.,0.001,0.,0.,0.,0.003,0.001,0.001,0.,0.,0.,0.,0.,0.,0.004,0.001,0.002,,,
1150,0.001,0.,0.001,0.001,0.,0.001,0.002,0.,0.002,0.,0.,0.,0.003,0.,0.003,0.,0.,0.,0.,0.,0.,0.004,0.,0.004,,,
1160,0.001,0.,0.001,0.001,0.,0.001,0.002,0.,0.002,0.,0.,0.,0.003,0.,0.003,0.,0.,0.,0.,0.,0.,0.004,0.,0.004,,,
1170,0.001,0.,0.001,0.001,0.,0.001,0.009,0.,0.009,0.,0.,0.,0.01,0.,0.01,0.,0.,0.,0.,0.,0.,0.011,0.,0.011,,,
1180,0.001,0.,0.001,0.001,0.,0.001,0.002,0.,0.002,0.,0.,0.,0.003,0.,0.003,0.,0.,0.,0.,0.,0.,0.004,0.,0.004,,,
1190,0.001,0.,0.001,0.001,0.,0.001,0.002,0.,0.002,0.,0.,0.,0.003,0.,0.003,0.,0.,0.,0.,0.,0.,0.004,0.,0.004,,,
1200,0.001,0.,0.001,0.001,0.,0.001,0.002,0.,0.002,0.,0.,0.,0.003,0.,0.003,0.,0.,0.,0.,0.,0.,0.004,0.,0.004,,,
1210,0.001,0.,0.001,0.002,0.,0.002,0.002,0.,0.002,0.,0.,0.,0.003,0.,0.003,0.,0.,0.,0.,0.,0.,0.004,0.,0.004,,,
1220,0.001,0.,0.001,0.001,0.,0.001,0.002,0.,0.002,0.,0.,0.,0.003,0.,0.003,0.,0.,0.,0.,0.,0.,0.004,0.,0.004,,,
1230,0.001,0.,0.001,0.001,0.,0.001,0.002,0.,0.002,0.,0.,0.,0.003,0.,0.003,0.,0.,0.,0.,0.,0.,0.004,0.,0.004,,,
1240,0.001,0.,0.001,0.001,0.,0.001,0.006,0.,0.006,0.,0.,0.,0.008,0.,0.008,0.,0.,0.,0.,0.,0.,0.008,0.,0.008,,,
1250,0.001,0.,0.001,0.001,0.,0.001,0.002,0.,0.002,0.,0.,0.,0.003,0.,0.003,0.,0.,0.,0.,0.,0.,0.004,0.,0.004,,,
1260,0.001,0.,0.001,0.001,0.,0.001,0.002,0.,0.002,0.,0.,0.,0.003,0.,0.003,0.,0.,0.,0.,0.,0.,0.004,0.,0.004,,,
1270,0.001,0.,0.001,0.001,0.,0.001,0.002,0.,0.002,0.,0.,0.,0.003,0.,0.003,0.,0.,0.,0.,0.,0.,0.004,0.,0.004,,,
1280,0.001,0.,0.001,0.001,0.,0.001,0.002,0.,0.002,0.,0.,0.,0.003,0.,0.003,0.,0.,0.,0.,0.,0.,0.004,0.,0.004,,,
1290,0.001,0.,0.001,0.001,0.,0.001,0.002,0.,0.002,0.,0.,0.,0.003,0.,0.003,0.,0.,0.,0.,0.,0.,0.004,0.,0.004,,,
1300,0.001,0.,0.001,0.001,0.,0.001,0.002,0.,0.002,0.,0.,0.,0.003,0.,0.003,0.,0.,0.,0.,0.,0.,0.004,0.,0.004,,,
1310,0.001,0.,0.001,0.001,0.,0.001,0.002,0.,0.002,0.,0.,0.,0.003,0.,0.003,0.,0.,0.,0.,0.,0.,0.004,0.,0.004,,,
1320,0.001,0.,0.001,0.001,0.,0.001,0.002,0.,0.002,0.,0.,0.,0.003,0.,0.004,0.,0.,0.,0.,0.,0.,0.004,0.,0.004,,,
1330,0.001,0.,0.001,0.001,0.,0.001,0.002,0.,0.002,0.,0.,0.,0.003,0.,0.003,0.,0.,0.,0.,0.,0.,0.004,0.,0.004,,,
1340,0.001,0.,0.001,0.003,0.,0.003,0.002,0.,0.002,0.,0.,0.,0.004,0.,0.004,0.,0.,0.,0.,0.,0.,0.004,0.,0.004,,,
1350,0.001,0.,0.001,0.001,0.,0.001,0.002,0.,0.002,0.,0.,0.,0.004,0.,0.004,0.,0.,0.,0.,0.,0.,0.004,0.,0.004,,,
1360,0.001,0.,0.001,0.001,0.,0.001,0.002,0.,0.002,0.,0.,0.,0.004,0.,0.004,0.,0.,0.,0.,0.,0.,0.004,0.,0.004,,,
1370,0.006,0.,0.006,0.001,0.,0.001,0.002,0.,0.002,0.,0.,0.,0.009,0.,0.009,0.,0.,0.,0.,0.,0.,0.01,0.,0.01,,,
1380,0.001,0.,0.001,0.001,0.,0.001,0.002,0.,0.002,0.,0.,0.,0.004,0.,0.004,0.,0.,0.,0.,0.,0.,0.004,0.,0.004,,,
1390,0.001,0.,0.001,0.001,0.,0.001,0.002,0.,0.002,0.,0.,0.,0.004,0.,0.004,0.,0.,0.,0.,0.,0.,0.004,0.,0.004,,,
1400,0.004,0.,0.004,0.002,0.,0.002,0.003,0.,0.003,0.,0.,0.,0.007,0.,0.007,0.,0.,0.,0.,0.,0.,0.008,0.,0.008,,,
1410,0.001,0.,0.001,0.002,0.,0.002,0.002,0.,0.002,0.,0.,0.,0.004,0.,0.004,0.,0.,0.,0.,0.,0.,0.005,0.,0.005,,,
1420,0.001,0.,0.001,0.002,0.,0.002,0.002,0.,0.002,0.,0.,0.,0.004,0.,0.004,0.,0.,0.,0.,0.,0.,0.005,0.,0.005,,,
1430,0.009,0.,0.009,0.002,0.,0.002,0.002,0.,0.002,0.,0.,0.,0.012,0.,0.012,0.,0.,0.,0.,0.,0.,0.013,0.,0.013,,,
1440,0.001,0.,0.001,0.002,0.,0.002,0.002,0.,0.002,0.,0.,0.,0.004,0.,0.004,0.,0.,0.,0.,0.,0.,0.005,0.,0.005,,,
1450,0.001,0.,0.001,0.002,0.,0.002,0.002,0.,0.002,0.,0.,0.,0.004,0.,0.004,0.,0.,0.,0.,0.,0.,0.005,0.,0.005,,,
1460,0.001,0.,0.001,0.004,0.,0.004,0.002,0.,0.002,0.,0.,0.,0.004,0.,0.004,0.,0.,0.,0.,0.,0.,0.005,0.,0.005,,,
1470,0.001,0.,0.001,0.002,0.,0.002,0.002,0.,0.002,0.,0.,0.,0.004,0.,0.004,0.,0.,0.,0.,0.,0.,0.005,0.,0.005,,,
1480,0.001,0.001,0.,0.002,0.,0.002,0.002,0.001,0.001,0.,0.,0.,0.004,0.003,0.001,0.,0.,0.,0.,0.,0.,0.005,0.003,0.001,,,
1490,0.001,0.,0.001,0.002,0.,0.002,0.002,0.,0.002,0.,0.,0.,0.004,0.,0.004,0.,0.,0.,0.,0.,0.,0.005,0.,0.005,,,
1500,0.001,0.,0.001,0.002,0.,0.002,0.002,0.,0.002,0.,0.,0.,0.004,0.,0.004,0.,0.,0.,0.,0.,0.,0.005,0.,0.005,,,
1510,0.001,0.,0.001,0.002,0.,0.002,0.002,0.,0.002,0.,0.,0.,0.004,0.,0.004,0.,0.,0.,0.,0.,0.,0.005,0.,0.005,,,
1520,0.001,0.,0.001,0.002,0.,0.002,0.002,0.,0.002,0.,0.,0.,0.004,0.,0.004,0.,0.,0.,0.,0.,0.,0.005,0.,0.005,,,
1530,0.001,0.,0.001,0.002,0.,0.002,0.003,0.,0.003,0.,0.,0.,0.004,0.,0.004,0.,0.,0.,0.,0.,0.,0.005,0.,0.005,,,
1540,0.001,0.,0.001,0.002,0.,0.002,0.008,0.,0.008,0.,0.,0.,0.01,0.,0.01,0.,0.,0.,0.,0.,0.,0.01,0.,0.01,,,
1550,0.001,0.,0.001,0.002,0.,0.002,0.003,0.,0.003,0.,0.,0.,0.004,0.,0.004,0.,0.,0.,0.,0.,0.,0.005,0.,0.005,,,
1560,0.001,0.,0.001,0.002,0.,0.002,0.003,0.,0.003,0.,0.,0.,0.004,0.,0.004,0.,0.,0.,0.,0.,0.,0.005,0.,0.005,,,
1570,0.003,0.,0.003,0.002,0.,0.002,0.003,0.,0.003,0.,0.,0.,0.006,0.,0.006,0.,0.,0.,0.,0.,0.,0.007,0.,0.007,,,
1580,0.001,0.,0.001,0.002,0.,0.002,0.003,0.,0.003,0.,0.,0.,0.005,0.,0.005,0.,0.,0.,0.,0.,0.,0.005,0.,0.005,,,
1590,0.001,0.,0.001,0.002,0.,0.002,0.003,0.,0.003,0.,0.,0.,0.005,0.,0.005,0.,0.,0.,0.,0.,0.,0.005,0.,0.005,,,
1600,0.001,0.,0.001,0.002,0.,0.002,0.003,0.,0.003,0.,0.,0.,0.005,0.,0.005,0.,0.,0.,0.,0.,0.,0.005,0.,0.005,,,
1610,0.001,0.,0.001,0.002,0.,0.002,0.003,0.,0.003,0.,0.,0.,0.005,0.,0.005,0.,0.,0.,0.,0.,0.,0.005,0.,0.005,,,
1620,0.001,0.,0.001,0.002,0.,0.002,0.006,0.,0.006,0.,0.,0.,0.008,0.,0.008,0.,0.,0.,0.,0.,0.,0.009,0.,0.009,,,
1630,0.001,0.,0.001,0.002,0.,0.002,0.003,0.,0.003,0.,0.,0.,0.005,0.,0.005,0.,0.,0.,0.,0.,0.,0.005,0.,0.005,,,
1640,0.001,0.,0.001,0.002,0.,0.002,0.003,0.,0.003,0.,0.,0.,0.005,0.,0.005,0.,0.,0.,0.,0.,0.,0.006,0.,0.006,,,
1650,0.002,0.,0.002,0.009,0.,0.009,0.003,0.,0.003,0.,0.,0.,0.005,0.,0.005,0.,0.,0.,0.,0.,0.,0.006,0.,0.006,,,
1660,0.001,0.,0.001,0.002,0.,0.002,0.003,0.,0.003,0.,0.,0.,0.005,0.,0.005,0.,0.,0.,0.,0.,0.,0.006,0.,0.006,,,
1670,0.001,0.,0.001,0.002,0.,0.002,0.003,0.,0.003,0.005,0.,0.005,0.005,0.,0.005,0.,0.,0.,0.,0.,0.,0.01,0.,0.01,,,
1680,0.001,0.,0.001,0.002,0.,0.002,0.003,0.,0.003,0.,0.,0.,0.005,0.,0.005,0.,0.,0.,0.,0.,0.,0.006,0.,0.006,,,
1690,0.001,0.,0.001,0.002,0.,0.002,0.003,0.,0.003,0.,0.,0.,0.005,0.,0.005,0.,0.,0.,0.,0.,0.,0.006,0.,0.006,,,
1700,0.002,0.002,0.,0.008,0.,0.008,0.003,0.001,0.001,0.,0.,0.,0.005,0.003,0.001,0.,0.,0.,0.,0.,0.,0.006,0.003,0.002,,,
1710,0.002,0.,0.002,0.002,0.,0.002,0.003,0.,0.003,0.,0.,0.,0.005,0.,0.005,0.,0.,0.,0.,0.,0.,0.006,0.,0.006,,,
1720,0.002,0.,0.002,0.002,0.,0.002,0.006,0.,0.006,0.,0.,0.,0.008,0.,0.008,0.,0.,0.,0.,0.,0.,0.009,0.,0.009,,,
1730,0.001,0.,0.001,0.002,0.,0.002,0.003,0.,0.003,0.,0.,0.,0.005,0.,0.005,0.,0.,0.,0.,0.,0.,0.006,0.,0.006,,,
1740,0.002,0.,0.002,0.002,0.,0.002,0.003,0.,0.003,0.,0.,0.,0.005,0.,0.005,0.,0.,0.,0.,0.,0.,0.006,0.,0.006,,,
1750,0.002,0.,0.002,0.01,0.,0.01,0.003,0.,0.003,0.,0.,0.,0.005,0.,0.005,0.,0.,0.,0.,0.,0.,0.006,0.,0.006,,,
1760,0.001,0.,0.001,0.002,0.,0.002,0.003,0.,0.003,0.,0.,0.,0.005,0.,0.005,0.,0.,0.,0.,0.,0.,0.006,0.,0.006,,,
1770,0.002,0.,0.002,0.002,0.,0.002,0.005,0.,0.005,0.,0.,0.,0.007,0.,0.007,0.,0.,0.,0.,0.,0.,0.008,0.,0.008,,,
1780,0.002,0.,0.002,0.002,0.,0.002,0.003,0.,0.003,0.,0.,0.,0.005,0.,0.005,0.,0.,0.,0.,0.,0.,0.006,0.,0.006,,,
1790,0.002,0.,0.002,0.002,0.,0.002,0.003,0.,0.003,0.,0.,0.,0.005,0.,0.005,0.,0.,0.,0.,0.,0.,0.006,0.,0.006,,,
1800,0.001,0.,0.001,0.002,0.,0.002,0.003,0.,0.003,0.,0.,0.,0.005,0.,0.005,0.,0.,0.,0.,0.,0.,0.006,0.,0.006,,,
1810,0.001,0.,0.001,0.002,0.,0.002,0.003,0.,0.003,0.,0.,0.,0.005,0.,0.005,0.,0.,0.,0.,0.,0.,0.006,0.,0.006,,,
1820,0.002,0.,0.002,0.007,0.,0.007,0.003,0.,0.003,0.,0.,0.,0.005,0.,0.005,0.,0.,0.,0.,0.,0.,0.006,0.,0.006,,,
1830,0.002,0.,0.002,0.002,0.,0.002,0.003,0.,0.003,0.,0.,0.,0.005,0.,0.005,0.,0.,0.,0.,0.,0.,0.006,0.,0.006,,,
1840,0.002,0.,0.002,0.002,0.,0.002,0.012,0.,0.012,0.,0.,0.,0.014,0.,0.014,0.,0.,0.,0.,0.,0.,0.015,0.,0.015,,,
1850,0.002,0.,0.002,0.002,0.,0.002,0.003,0.,0.003,0.,0.,0.,0.005,0.,0.005,0.,0.,0.,0.,0.,0.,0.006,0.,0.006,,,
1860,0.002,0.,0.002,0.002,0.,0.002,0.003,0.,0.003,0.,0.,0.,0.005,0.,0.005,0.,0.,0.,0.,0.,0.,0.006,0.,0.006,,,
1870,0.002,0.,0.002,0.002,0.,0.002,0.003,0.,0.003,0.,0.,0.,0.005,0.,0.005,0.,0.,0.,0.,0.,0.,0.006,0.,0.006,,,
1880,0.002,0.,0.002,0.002,0.,0.002,0.003,0.,0.003,0.,0.,0.,0.005,0.,0.005,0.,0.,0.,0.,0.,0.,0.006,0.,0.006,,,
1890,0.002,0.,0.002,0.002,0.,0.002,0.003,0.,0.003,0.,0.,0.,0.005,0.,0.005,0.,0.,0.,0.,0.,0.,0.006,0.,0.006,,,
1900,0.002,0.,0.002,0.002,0.,0.002,0.003,0.,0.003,0.,0.,0.,0.005,0.,0.005,0.,0.,0.,0.,0.,0.,0.006,0.,0.006,,,
1910,0.002,0.,0.002,0.005,0.,0.005,0.003,0.,0.003,0.,0.,0.,0.005,0.,0.005,0.,0.,0.,0.,0.,0.,0.006,0.,0.006,,,
1920,0.002,0.,0.002,0.002,0.,0.002,0.003,0.,0.003,0.,0.,0.,0.005,0.,0.005,0.,0.,0.,0.,0.,0.,0.006,0.,0.006,,,
1930,0.002,0.,0.002,0.002,0.,0.002,0.009,0.,0.009,0.,0.,0.,0.011,0.,0.011,0.,0.,0.,0.,0.,0.,0.012,0.,0.012,,,
1940,0.002,0.002,0.,0.002,0.,0.002,0.003,0.001,0.001,0.,0.,0.,0.005,0.003,0.001,0.,0.,0.,0.,0.,0.,0.006,0.003,0.002,,,
1950,0.002,0.,0.002,0.002,0.,0.002,0.008,0.,0.008,0.,0.,0.,0.01,0.,0.01,0.,0.,0.,0.,0.,0.,0.011,0.,0.011,,,
1960,0.002,0.,0.002,0.002,0.,0.002,0.003,0.,0.003,0.,0.,0.,0.005,0.,0.005,0.,0.,0.,0.,0.,0.,0.006,0.,0.006,,,
1970,0.002,0.,0.002,0.002,0.,0.002,0.003,0.,0.003,0.,0.,0.,0.005,0.,0.005,0.,0.,0.,0.,0.,0.,0.006,0.,0.006,,,
1980,0.002,0.,0.002,0.002,0.,0.002,0.003,0.,0.003,0.,0.,0.,0.005,0.,0.005,0.,0.,0.,0.,0.,0.,0.006,0.,0.006,,,
1990,0.002,0.,0.002,0.002,0.,0.002,0.003,0.,0.003,0.,0.,0.,0.005,0.,0.005,0.,0.,0.,0.,0.,0.,0.006,0.,0.006,,,
2000,0.002,0.,0.002,0.002,0.,0.002,0.003,0.,0.003,0.,0.,0.,0.005,0.,0.005,0.,0.,0.,0.,0.,0.,0.006,0.,0.006,,,
2050,0.002,0.,0.002,0.002,0.,0.002,0.003,0.,0.003,0.,0.,0.,0.006,0.,0.006,0.,0.,0.,0.,0.,0.,0.006,0.,0.006,,,
2100,0.002,0.,0.002,0.002,0.,0.002,0.003,0.,0.003,0.,0.,0.,0.006,0.,0.006,0.,0.,0.,0.,0.,0.,0.007,0.,0.007,,,
2150,0.002,0.,0.002,0.002,0.,0.002,0.003,0.,0.003,0.,0.,0.,0.006,0.,0.006,0.,0.,0.,0.,0.,0.,0.007,0.,0.007,,,
2200,0.002,0.,0.002,0.002,0.,0.002,0.003,0.,0.003,0.,0.,0.,0.006,0.,0.006,0.,0.,0.,0.,0.,0.,0.007,0.,0.007,,,
2250,0.002,0.,0.002,0.003,0.,0.003,0.004,0.,0.004,0.,0.,0.,0.007,0.,0.007,0.,0.,0.,0.,0.,0.,0.008,0.,0.008,,,
2300,0.002,0.,0.002,0.003,0.,0.003,0.004,0.,0.004,0.001,0.,0.001,0.007,0.,0.007,0.,0.,0.,0.,0.,0.,0.008,0.,0.008,,,
2350,0.002,0.,0.002,0.003,0.,0.003,0.004,0.,0.004,0.006,0.003,0.002,0.007,0.,0.007,0.,0.,0.,0.,0.,0.,0.013,0.003,0.009,,,
2400,0.002,0.,0.002,0.003,0.,0.003,0.004,0.,0.004,0.001,0.,0.001,0.007,0.,0.007,0.,0.,0.,0.,0.,0.,0.008,0.,0.008,,,
2450,0.002,0.,0.002,0.003,0.,0.003,0.011,0.,0.011,0.001,0.,0.001,0.014,0.,0.014,0.,0.,0.,0.,0.,0.,0.016,0.,0.016,,,
2500,0.002,0.002,0.,0.003,0.,0.003,0.004,0.,0.003,0.001,0.,0.001,0.007,0.003,0.003,0.,0.,0.,0.,0.,0.,0.009,0.003,0.005,,,
2550,0.003,0.,0.003,0.009,0.,0.009,0.005,0.,0.005,0.001,0.,0.001,0.008,0.,0.008,0.,0.,0.,0.,0.,0.,0.009,0.,0.009,,,
2600,0.003,0.,0.003,0.003,0.,0.003,0.005,0.,0.005,0.001,0.,0.001,0.008,0.,0.008,0.,0.,0.,0.,0.,0.,0.009,0.,0.009,,,
2650,0.003,0.,0.003,0.003,0.,0.003,0.005,0.,0.005,0.001,0.,0.001,0.008,0.,0.008,0.,0.,0.,0.,0.,0.,0.009,0.,0.009,,,
2700,0.007,0.,0.007,0.004,0.,0.004,0.005,0.,0.005,0.001,0.,0.001,0.013,0.,0.013,0.,0.,0.,0.,0.,0.,0.014,0.,0.014,,,
2750,0.003,0.,0.003,0.003,0.,0.003,0.005,0.,0.005,0.001,0.,0.001,0.008,0.,0.008,0.,0.,0.,0.,0.,0.,0.009,0.,0.009,,,
2800,0.003,0.,0.003,0.004,0.,0.004,0.005,0.,0.005,0.001,0.,0.001,0.008,0.,0.008,0.,0.,0.,0.,0.,0.,0.01,0.,0.01,,,
2850,0.003,0.,0.003,0.004,0.,0.004,0.008,0.,0.008,0.001,0.,0.001,0.011,0.,0.011,0.,0.,0.,0.,0.,0.,0.012,0.,0.012,,,
2900,0.003,0.,0.003,0.004,0.,0.004,0.005,0.,0.005,0.001,0.,0.001,0.009,0.,0.009,0.,0.,0.,0.,0.,0.,0.01,0.,0.01,,,
2950,0.003,0.,0.003,0.004,0.,0.004,0.005,0.,0.005,0.001,0.,0.001,0.009,0.,0.009,0.,0.,0.,0.,0.,0.,0.01,0.,0.01,,,
3000,0.01,0.,0.01,0.004,0.,0.004,0.005,0.,0.005,0.001,0.,0.001,0.016,0.,0.016,0.,0.,0.,0.,0.,0.,0.017,0.,0.017,,,
3050,0.003,0.,0.003,0.004,0.,0.004,0.006,0.,0.006,0.001,0.,0.001,0.009,0.,0.009,0.,0.,0.,0.,0.,0.,0.011,0.,0.011,,,
3100,0.003,0.,0.003,0.004,0.,0.004,0.006,0.,0.006,0.001,0.,0.001,0.009,0.,0.009,0.,0.,0.,0.,0.,0.,0.011,0.,0.011,,,
3150,0.003,0.,0.003,0.007,0.,0.007,0.006,0.,0.006,0.001,0.,0.001,0.01,0.,0.01,0.,0.,0.,0.,0.,0.,0.011,0.,0.011,,,
3200,0.004,0.,0.004,0.005,0.,0.005,0.008,0.,0.008,0.001,0.,0.001,0.013,0.,0.013,0.,0.,0.,0.,0.,0.,0.015,0.,0.015,,,
3250,0.003,0.,0.003,0.004,0.,0.004,0.006,0.,0.006,0.001,0.,0.001,0.01,0.,0.01,0.,0.,0.,0.,0.,0.,0.012,0.,0.012,,,
3300,0.003,0.,0.003,0.004,0.,0.004,0.006,0.,0.006,0.001,0.,0.001,0.01,0.,0.01,0.,0.,0.,0.,0.,0.,0.012,0.,0.012,,,
3350,0.003,0.,0.003,0.005,0.,0.005,0.006,0.,0.006,0.001,0.,0.001,0.01,0.,0.01,0.,0.,0.,0.,0.,0.,0.011,0.,0.011,,,
3400,0.006,0.,0.006,0.004,0.,0.004,0.006,0.,0.006,0.001,0.,0.001,0.013,0.,0.013,0.,0.,0.,0.,0.,0.,0.014,0.,0.014,,,
3450,0.003,0.,0.003,0.004,0.,0.004,0.007,0.,0.007,0.001,0.,0.001,0.011,0.,0.011,0.,0.,0.,0.,0.,0.,0.013,0.,0.013,,,
3500,0.003,0.,0.003,0.004,0.,0.004,0.006,0.,0.006,0.001,0.,0.001,0.01,0.,0.01,0.,0.,0.,0.,0.,0.,0.011,0.,0.011,,,
3550,0.004,0.,0.004,0.004,0.,0.004,0.006,0.,0.006,0.001,0.,0.001,0.01,0.,0.01,0.,0.,0.,0.,0.,0.,0.012,0.,0.012,,,
3600,0.003,0.,0.003,0.004,0.,0.004,0.006,0.,0.006,0.001,0.,0.001,0.01,0.,0.01,0.,0.,0.,0.,0.,0.,0.012,0.,0.012,,,
3650,0.004,0.,0.004,0.01,0.,0.01,0.006,0.,0.006,0.001,0.,0.001,0.01,0.,0.01,0.,0.,0.,0.,0.,0.,0.012,0.,0.012,,,
3700,0.006,0.,0.006,0.005,0.,0.005,0.006,0.,0.006,0.001,0.,0.001,0.013,0.,0.013,0.,0.,0.,0.,0.,0.,0.015,0.,0.015,,,
3750,0.004,0.,0.004,0.005,0.,0.005,0.014,0.003,0.01,0.001,0.,0.001,0.018,0.003,0.014,0.,0.,0.,0.,0.,0.,0.019,0.003,0.015,,,
3800,0.004,0.,0.004,0.005,0.,0.005,0.008,0.,0.008,0.001,0.,0.001,0.012,0.,0.012,0.,0.,0.,0.,0.,0.,0.014,0.,0.014,,,
3850,0.004,0.,0.004,0.005,0.,0.005,0.006,0.,0.006,0.001,0.,0.001,0.011,0.,0.011,0.,0.,0.,0.,0.,0.,0.013,0.,0.013,,,
3900,0.004,0.,0.004,0.005,0.,0.005,0.007,0.,0.007,0.001,0.,0.001,0.011,0.,0.011,0.,0.,0.,0.,0.,0.,0.013,0.,0.013,,,
3950,0.004,0.,0.004,0.005,0.,0.005,0.007,0.,0.007,0.001,0.,0.001,0.011,0.,0.011,0.,0.,0.,0.,0.,0.,0.013,0.,0.013,,,
4000,0.004,0.,0.004,0.005,0.,0.005,0.007,0.,0.007,0.002,0.,0.002,0.012,0.,0.012,0.,0.,0.,0.,0.,0.,0.015,0.,0.015,,,
4050,0.004,0.,0.004,0.005,0.,0.005,0.007,0.,0.007,0.001,0.,0.001,0.011,0.,0.011,0.,0.,0.,0.,0.,0.,0.013,0.,0.013,,,
4100,0.005,0.,0.005,0.006,0.,0.006,0.008,0.,0.008,0.002,0.,0.002,0.014,0.,0.014,0.,0.,0.,0.,0.,0.,0.016,0.,0.016,,,
4150,0.005,0.,0.005,0.006,0.,0.006,0.007,0.,0.007,0.002,0.,0.002,0.013,0.,0.013,0.,0.,0.,0.,0.,0.,0.015,0.,0.015,,,
4200,0.005,0.,0.005,0.008,0.,0.008,0.008,0.,0.008,0.002,0.,0.002,0.013,0.,0.013,0.,0.,0.,0.,0.,0.,0.015,0.,0.015,,,
4250,0.004,0.,0.004,0.007,0.,0.007,0.008,0.,0.008,0.002,0.,0.002,0.013,0.,0.013,0.,0.,0.,0.,0.,0.,0.015,0.,0.015,,,
4300,0.005,0.,0.005,0.013,0.,0.013,0.008,0.,0.008,0.002,0.,0.002,0.013,0.,0.013,0.,0.,0.,0.,0.,0.,0.016,0.,0.016,,,
4350,0.005,0.,0.005,0.008,0.,0.008,0.008,0.,0.008,0.002,0.,0.002,0.014,0.,0.014,0.,0.,0.,0.,0.,0.,0.017,0.,0.017,,,
4400,0.005,0.,0.005,0.013,0.,0.013,0.008,0.,0.008,0.002,0.,0.002,0.014,0.,0.014,0.,0.,0.,0.,0.,0.,0.017,0.,0.017,,,
4450,0.006,0.,0.006,0.006,0.,0.006,0.009,0.,0.009,0.002,0.,0.002,0.015,0.,0.015,0.,0.,0.,0.,0.,0.,0.018,0.,0.018,,,
4500,0.005,0.,0.005,0.007,0.,0.007,0.009,0.,0.009,0.002,0.,0.002,0.015,0.,0.015,0.,0.,0.,0.,0.,0.,0.018,0.,0.018,,,
4550,0.005,0.,0.005,0.007,0.,0.006,0.009,0.,0.009,0.002,0.,0.002,0.014,0.,0.014,0.,0.,0.,0.,0.,0.,0.017,0.,0.017,,,
4600,0.006,0.,0.006,0.007,0.,0.007,0.009,0.,0.009,0.002,0.,0.002,0.015,0.,0.015,0.,0.,0.,0.,0.,0.,0.019,0.,0.019,,,
4650,0.005,0.,0.005,0.007,0.,0.007,0.009,0.,0.009,0.002,0.,0.002,0.014,0.,0.014,0.,0.,0.,0.,0.,0.,0.017,0.,0.017,,,
4700,0.005,0.,0.005,0.007,0.,0.007,0.017,0.,0.017,0.001,0.,0.001,0.023,0.,0.023,0.,0.,0.,0.,0.,0.,0.025,0.,0.025,,,
4750,0.005,0.,0.005,0.006,0.,0.006,0.021,0.,0.021,0.002,0.,0.002,0.026,0.,0.026,0.,0.,0.,0.,0.,0.,0.029,0.,0.029,,,
4800,0.005,0.,0.005,0.006,0.,0.006,0.014,0.,0.014,0.002,0.,0.002,0.019,0.,0.019,0.,0.,0.,0.,0.,0.,0.022,0.,0.022,,,
4850,0.021,0.,0.021,0.007,0.,0.007,0.009,0.,0.009,0.002,0.,0.002,0.031,0.,0.031,0.,0.,0.,0.,0.,0.,0.033,0.,0.033,,,
4900,0.005,0.,0.005,0.017,0.,0.017,0.009,0.,0.009,0.002,0.,0.002,0.015,0.,0.015,0.,0.,0.,0.,0.,0.,0.017,0.,0.017,,,
4950,0.005,0.,0.005,0.027,0.,0.027,0.009,0.,0.009,0.002,0.,0.002,0.015,0.,0.015,0.,0.,0.,0.,0.,0.,0.017,0.,0.017,,,
5000,0.005,0.,0.005,0.007,0.,0.007,0.009,0.,0.009,0.002,0.,0.002,0.015,0.,0.015,0.,0.,0.,0.,0.,0.,0.018,0.,0.018,,,
5050,0.005,0.,0.005,0.007,0.,0.007,0.009,0.,0.009,0.008,0.,0.008,0.015,0.,0.015,0.,0.,0.,0.,0.,0.,0.023,0.,0.023,,,
5100,0.006,0.,0.006,0.007,0.,0.007,0.021,0.,0.021,0.002,0.,0.002,0.027,0.,0.027,0.,0.,0.,0.,0.,0.,0.029,0.,0.029,,,
5150,0.013,0.,0.013,0.007,0.,0.007,0.009,0.,0.009,0.001,0.,0.001,0.023,0.,0.023,0.,0.,0.,0.,0.,0.,0.025,0.,0.025,,,
5200,0.006,0.003,0.002,0.021,0.,0.021,0.009,0.,0.009,0.003,0.,0.003,0.016,0.003,0.012,0.,0.,0.,0.,0.,0.,0.019,0.003,0.015,,,
5250,0.006,0.,0.006,0.008,0.,0.008,0.011,0.,0.011,0.003,0.,0.003,0.017,0.,0.017,0.,0.,0.,0.,0.,0.,0.021,0.,0.021,,,
5300,0.006,0.,0.006,0.008,0.,0.008,0.025,0.004,0.021,0.002,0.,0.002,0.032,0.004,0.028,0.,0.,0.,0.,0.,0.,0.034,0.004,0.03,,,
5350,0.006,0.,0.006,0.008,0.,0.008,0.034,0.,0.034,0.003,0.,0.003,0.041,0.,0.041,0.,0.,0.,0.,0.,0.,0.044,0.,0.044,,,
5400,0.006,0.,0.006,0.016,0.,0.016,0.01,0.,0.01,0.003,0.,0.003,0.017,0.,0.017,0.,0.,0.,0.,0.,0.,0.02,0.,0.02,,,
5450,0.007,0.,0.007,0.008,0.,0.008,0.011,0.,0.011,0.003,0.,0.003,0.018,0.,0.018,0.,0.,0.,0.,0.,0.,0.022,0.,0.022,,,
5500,0.007,0.,0.007,0.008,0.,0.008,0.014,0.,0.014,0.003,0.,0.003,0.021,0.,0.021,0.,0.,0.,0.,0.,0.,0.025,0.,0.025,,,
5550,0.015,0.,0.015,0.008,0.,0.008,0.01,0.,0.01,0.002,0.,0.002,0.026,0.,0.026,0.,0.,0.,0.,0.,0.,0.028,0.,0.028,,,
5600,0.007,0.,0.007,0.018,0.,0.018,0.012,0.,0.012,0.003,0.,0.003,0.019,0.,0.019,0.,0.,0.,0.,0.,0.,0.023,0.,0.023,,,
5650,0.006,0.,0.006,0.009,0.,0.009,0.012,0.,0.012,0.003,0.,0.003,0.019,0.,0.019,0.,0.,0.,0.,0.,0.,0.023,0.,0.023,,,
5700,0.006,0.,0.006,0.008,0.,0.008,0.015,0.,0.015,0.002,0.,0.002,0.022,0.,0.022,0.,0.,0.,0.,0.,0.,0.024,0.,0.024,,,
5750,0.006,0.,0.006,0.008,0.,0.008,0.011,0.,0.011,0.004,0.,0.004,0.018,0.,0.018,0.,0.,0.,0.,0.,0.,0.022,0.,0.022,,,
5800,0.006,0.,0.006,0.008,0.,0.008,0.012,0.,0.012,0.003,0.,0.003,0.019,0.,0.019,0.,0.,0.,0.,0.,0.,0.023,0.,0.023,,,
5850,0.006,0.,0.006,0.008,0.,0.008,0.013,0.,0.013,0.002,0.,0.002,0.019,0.,0.019,0.,0.,0.,0.,0.,0.,0.022,0.,0.022,,,
5900,0.006,0.,0.006,0.01,0.,0.01,0.011,0.,0.011,0.002,0.,0.002,0.018,0.,0.018,0.,0.,0.,0.,0.,0.,0.021,0.,0.021,,,
5950,0.007,0.,0.007,0.008,0.,0.008,0.011,0.,0.011,0.002,0.,0.002,0.018,0.,0.018,0.,0.,0.,0.,0.,0.,0.021,0.,0.021,,,
6000,0.009,0.,0.009,0.008,0.,0.008,0.011,0.,0.011,0.002,0.,0.002,0.02,0.,0.02,0.,0.,0.,0.,0.,0.,0.022,0.,0.022,,,
6050,0.006,0.003,0.003,0.008,0.,0.008,0.011,0.,0.011,0.013,0.,0.013,0.018,0.003,0.014,0.,0.,0.,0.,0.,0.,0.032,0.003,0.028,,,
6100,0.007,0.,0.006,0.008,0.,0.008,0.015,0.,0.015,0.002,0.,0.002,0.023,0.,0.022,0.,0.,0.,0.,0.,0.,0.026,0.,0.026,,,
6150,0.006,0.,0.006,0.014,0.003,0.01,0.012,0.,0.012,0.003,0.,0.003,0.019,0.,0.019,0.,0.,0.,0.,0.,0.,0.023,0.,0.023,,,
6200,0.007,0.,0.007,0.01,0.,0.01,0.032,0.,0.032,0.002,0.,0.002,0.04,0.,0.04,0.,0.,0.,0.,0.,0.,0.043,0.,0.043,,,
6250,0.007,0.,0.007,0.016,0.,0.016,0.013,0.,0.013,0.004,0.,0.004,0.02,0.,0.02,0.,0.,0.,0.,0.,0.,0.025,0.,0.025,,,
6300,0.007,0.,0.007,0.009,0.,0.009,0.016,0.,0.016,0.004,0.,0.004,0.024,0.,0.024,0.,0.,0.,0.,0.,0.,0.028,0.,0.028,,,
6350,0.007,0.,0.007,0.013,0.,0.013,0.012,0.,0.012,0.003,0.,0.003,0.02,0.,0.02,0.,0.,0.,0.,0.,0.,0.024,0.,0.024,,,
6400,0.007,0.,0.007,0.009,0.,0.009,0.027,0.,0.027,0.002,0.,0.002,0.035,0.,0.035,0.,0.,0.,0.,0.,0.,0.039,0.,0.038,,,
6450,0.008,0.,0.008,0.013,0.,0.013,0.012,0.,0.012,0.003,0.,0.003,0.021,0.,0.021,0.,0.,0.,0.,0.,0.,0.025,0.,0.025,,,
6500,0.007,0.,0.007,0.009,0.,0.009,0.014,0.,0.014,0.003,0.,0.003,0.022,0.,0.022,0.,0.,0.,0.,0.,0.,0.026,0.,0.026,,,
6550,0.009,0.,0.009,0.013,0.,0.013,0.012,0.,0.012,0.003,0.,0.003,0.022,0.,0.022,0.,0.,0.,0.,0.,0.,0.025,0.,0.025,,,
6600,0.007,0.,0.007,0.009,0.,0.009,0.023,0.,0.023,0.002,0.,0.002,0.031,0.,0.031,0.,0.,0.,0.,0.,0.,0.034,0.,0.034,,,
6650,0.007,0.,0.007,0.021,0.,0.021,0.012,0.,0.012,0.003,0.,0.003,0.02,0.,0.02,0.,0.,0.,0.,0.,0.,0.023,0.,0.023,,,
6700,0.007,0.,0.007,0.009,0.,0.009,0.023,0.,0.023,0.002,0.,0.002,0.031,0.,0.031,0.,0.,0.,0.,0.,0.,0.033,0.,0.033,,,
6750,0.007,0.,0.007,0.033,0.,0.033,0.012,0.,0.012,0.003,0.,0.003,0.02,0.,0.02,0.,0.,0.,0.,0.,0.,0.024,0.,0.024,,,
6800,0.008,0.,0.008,0.009,0.,0.009,0.026,0.,0.026,0.003,0.,0.003,0.034,0.,0.034,0.,0.,0.,0.,0.,0.,0.037,0.,0.037,,,
6850,0.007,0.,0.007,0.009,0.,0.009,0.021,0.,0.021,0.003,0.,0.003,0.03,0.,0.03,0.,0.,0.,0.,0.,0.,0.033,0.,0.033,,,
6900,0.007,0.,0.007,0.012,0.,0.012,0.012,0.,0.012,0.002,0.,0.002,0.02,0.,0.02,0.,0.,0.,0.,0.,0.,0.023,0.,0.023,,,
6950,0.008,0.,0.008,0.01,0.,0.01,0.025,0.,0.025,0.003,0.,0.003,0.034,0.,0.034,0.,0.,0.,0.,0.,0.,0.037,0.,0.037,,,
7000,0.008,0.,0.008,0.031,0.,0.031,0.014,0.,0.014,0.004,0.,0.004,0.023,0.,0.023,0.,0.,0.,0.,0.,0.,0.027,0.,0.027,,,
7050,0.022,0.,0.022,0.01,0.,0.01,0.014,0.,0.014,0.004,0.,0.004,0.037,0.,0.037,0.,0.,0.,0.,0.,0.,0.041,0.,0.041,,,
7100,0.008,0.003,0.005,0.011,0.,0.011,0.019,0.,0.019,0.004,0.,0.004,0.028,0.003,0.024,0.,0.,0.,0.,0.,0.,0.033,0.003,0.029,,,
7150,0.009,0.,0.009,0.019,0.007,0.011,0.014,0.,0.014,0.004,0.,0.004,0.023,0.,0.023,0.,0.,0.,0.,0.,0.,0.028,0.,0.028,,,
7200,0.018,0.,0.018,0.01,0.,0.01,0.014,0.,0.014,0.003,0.,0.003,0.033,0.,0.033,0.,0.,0.,0.,0.,0.,0.036,0.,0.036,,,
7250,0.008,0.,0.008,0.011,0.,0.011,0.027,0.,0.027,0.002,0.,0.002,0.036,0.,0.036,0.,0.,0.,0.,0.,0.,0.04,0.,0.04,,,
7300,0.008,0.,0.008,0.012,0.,0.012,0.013,0.,0.013,0.003,0.,0.003,0.022,0.,0.022,0.,0.,0.,0.,0.,0.,0.026,0.,0.026,,,
7350,0.008,0.,0.008,0.011,0.,0.011,0.013,0.,0.013,0.004,0.,0.004,0.022,0.,0.022,0.,0.,0.,0.,0.,0.,0.026,0.,0.026,,,
7400,0.008,0.,0.008,0.01,0.,0.01,0.015,0.,0.015,0.004,0.,0.004,0.024,0.,0.024,0.,0.,0.,0.,0.,0.,0.028,0.,0.028,,,
7450,0.008,0.,0.008,0.012,0.,0.012,0.017,0.,0.017,0.004,0.,0.004,0.026,0.,0.026,0.,0.,0.,0.,0.,0.,0.03,0.,0.03,,,
7500,0.01,0.,0.01,0.022,0.,0.022,0.014,0.,0.014,0.004,0.,0.004,0.025,0.,0.025,0.,0.,0.,0.,0.,0.,0.03,0.,0.03,,,
7550,0.016,0.,0.016,0.01,0.,0.01,0.013,0.,0.013,0.002,0.,0.002,0.03,0.,0.03,0.,0.,0.,0.,0.,0.,0.033,0.,0.033,,,
7600,0.009,0.,0.009,0.01,0.,0.01,0.023,0.,0.023,0.002,0.,0.002,0.032,0.,0.032,0.,0.,0.,0.,0.,0.,0.035,0.,0.035,,,
7650,0.009,0.,0.009,0.017,0.,0.017,0.043,0.,0.043,0.003,0.,0.003,0.053,0.,0.053,0.,0.,0.,0.,0.,0.,0.057,0.,0.057,,,
7700,0.009,0.,0.009,0.022,0.,0.022,0.015,0.,0.015,0.004,0.,0.004,0.024,0.,0.024,0.,0.,0.,0.,0.,0.,0.029,0.,0.029,,,
7750,0.01,0.,0.01,0.011,0.,0.011,0.015,0.,0.015,0.004,0.,0.004,0.026,0.,0.026,0.,0.,0.,0.,0.,0.,0.03,0.,0.03,,,
7800,0.009,0.,0.009,0.011,0.,0.011,0.017,0.,0.017,0.004,0.,0.004,0.027,0.,0.027,0.,0.,0.,0.,0.,0.,0.031,0.,0.031,,,
7850,0.01,0.,0.01,0.012,0.,0.012,0.017,0.,0.017,0.005,0.,0.005,0.028,0.,0.028,0.,0.,0.,0.,0.,0.,0.033,0.,0.033,,,
7900,0.009,0.,0.009,0.012,0.,0.012,0.017,0.,0.017,0.004,0.,0.004,0.027,0.,0.027,0.,0.,0.,0.,0.,0.,0.031,0.,0.031,,,
7950,0.009,0.,0.009,0.023,0.,0.023,0.015,0.,0.015,0.009,0.,0.009,0.025,0.,0.025,0.,0.,0.,0.,0.,0.,0.035,0.,0.035,,,
8000,0.012,0.,0.012,0.028,0.,0.028,0.015,0.,0.015,0.004,0.,0.004,0.027,0.,0.027,0.,0.,0.,0.,0.,0.,0.032,0.,0.032,,,
8050,0.015,0.,0.015,0.012,0.,0.012,0.015,0.,0.015,0.003,0.,0.003,0.03,0.,0.03,0.,0.,0.,0.,0.,0.,0.034,0.,0.034,,,
8100,0.012,0.,0.012,0.012,0.,0.012,0.014,0.,0.014,0.003,0.,0.003,0.027,0.,0.027,0.,0.,0.,0.,0.,0.,0.03,0.,0.03,,,
8150,0.01,0.,0.01,0.012,0.,0.012,0.019,0.,0.019,0.004,0.,0.004,0.029,0.,0.029,0.,0.,0.,0.,0.,0.,0.034,0.,0.034,,,
8200,0.009,0.,0.009,0.012,0.,0.012,0.024,0.,0.024,0.004,0.,0.004,0.034,0.,0.034,0.,0.,0.,0.,0.,0.,0.039,0.,0.039,,,
8250,0.01,0.,0.01,0.012,0.,0.012,0.022,0.,0.022,0.004,0.,0.004,0.032,0.,0.032,0.,0.,0.,0.,0.,0.,0.037,0.,0.037,,,
8300,0.01,0.,0.01,0.011,0.,0.011,0.025,0.,0.025,0.004,0.,0.004,0.035,0.,0.035,0.,0.,0.,0.,0.,0.,0.04,0.,0.04,,,
8350,0.01,0.,0.01,0.014,0.,0.014,0.029,0.,0.029,0.004,0.,0.004,0.04,0.,0.04,0.,0.,0.,0.,0.,0.,0.045,0.,0.045,,,
8400,0.01,0.,0.01,0.023,0.,0.023,0.038,0.,0.038,0.004,0.,0.004,0.049,0.,0.048,0.,0.,0.,0.,0.,0.,0.053,0.,0.053,,,
8450,0.01,0.,0.01,0.029,0.,0.029,0.04,0.,0.04,0.004,0.,0.004,0.051,0.,0.051,0.,0.,0.,0.,0.,0.,0.056,0.,0.056,,,
8500,0.01,0.,0.01,0.031,0.,0.031,0.042,0.,0.042,0.004,0.,0.004,0.053,0.,0.053,0.,0.,0.,0.,0.,0.,0.058,0.,0.058,,,
8550,0.012,0.,0.012,0.032,0.,0.032,0.031,0.,0.031,0.004,0.,0.004,0.044,0.,0.044,0.,0.,0.,0.,0.,0.,0.049,0.,0.049,,,
8600,0.011,0.,0.011,0.029,0.,0.029,0.028,0.,0.028,0.005,0.,0.005,0.039,0.,0.039,0.,0.,0.,0.,0.,0.,0.045,0.,0.045,,,
8650,0.01,0.,0.01,0.031,0.,0.031,0.016,0.,0.016,0.005,0.,0.005,0.027,0.,0.027,0.,0.,0.,0.,0.,0.,0.032,0.,0.032,,,
8700,0.01,0.,0.01,0.027,0.,0.027,0.023,0.,0.023,0.004,0.,0.004,0.034,0.,0.034,0.,0.,0.,0.,0.,0.,0.038,0.,0.038,,,
8750,0.01,0.,0.01,0.031,0.,0.031,0.024,0.,0.024,0.004,0.,0.004,0.034,0.,0.034,0.,0.,0.,0.,0.,0.,0.039,0.,0.039,,,
8800,0.01,0.,0.01,0.027,0.,0.027,0.022,0.,0.022,0.004,0.,0.004,0.032,0.,0.032,0.,0.,0.,0.,0.,0.,0.038,0.,0.038,,,
8850,0.01,0.,0.01,0.027,0.,0.027,0.02,0.,0.02,0.005,0.,0.005,0.031,0.,0.031,0.,0.,0.,0.,0.,0.,0.037,0.,0.037,,,
8900,0.011,0.,0.011,0.021,0.,0.021,0.021,0.,0.021,0.004,0.,0.004,0.033,0.,0.033,0.,0.,0.,0.,0.,0.,0.038,0.,0.038,,,
8950,0.01,0.,0.01,0.013,0.,0.013,0.02,0.,0.02,0.005,0.,0.005,0.031,0.,0.031,0.,0.,0.,0.,0.,0.,0.037,0.,0.037,,,
9000,0.01,0.,0.01,0.013,0.,0.013,0.02,0.,0.02,0.005,0.,0.005,0.031,0.,0.031,0.,0.,0.,0.,0.,0.,0.037,0.,0.037,,,
9050,0.011,0.,0.011,0.015,0.,0.015,0.021,0.,0.021,0.006,0.,0.006,0.033,0.,0.033,0.,0.,0.,0.,0.,0.,0.039,0.,0.039,,,
9100,0.014,0.,0.014,0.013,0.,0.013,0.018,0.,0.018,0.005,0.,0.005,0.032,0.,0.032,0.,0.,0.,0.,0.,0.,0.038,0.,0.038,,,
9150,0.013,0.,0.013,0.014,0.,0.014,0.018,0.,0.018,0.005,0.,0.005,0.032,0.,0.032,0.,0.,0.,0.,0.,0.,0.037,0.,0.037,,,
9200,0.011,0.003,0.007,0.015,0.,0.015,0.018,0.,0.018,0.005,0.,0.005,0.029,0.003,0.025,0.,0.,0.,0.,0.,0.,0.034,0.003,0.03,,,
9250,0.011,0.,0.011,0.014,0.,0.014,0.042,0.,0.042,0.003,0.,0.003,0.054,0.,0.054,0.,0.,0.,0.,0.,0.,0.058,0.,0.058,,,
9300,0.011,0.,0.011,0.02,0.,0.02,0.035,0.,0.035,0.004,0.,0.004,0.046,0.,0.046,0.,0.,0.,0.,0.,0.,0.051,0.,0.051,,,
9350,0.012,0.,0.012,0.013,0.,0.013,0.032,0.,0.032,0.004,0.,0.004,0.044,0.,0.044,0.,0.,0.,0.,0.,0.,0.049,0.,0.049,,,
9400,0.011,0.,0.011,0.013,0.,0.013,0.027,0.,0.027,0.005,0.,0.005,0.038,0.,0.038,0.,0.,0.,0.,0.,0.,0.044,0.,0.044,,,
9450,0.019,0.,0.019,0.015,0.,0.015,0.019,0.,0.019,0.006,0.,0.006,0.038,0.,0.038,0.,0.,0.,0.,0.,0.,0.045,0.,0.045,,,
9500,0.011,0.,0.011,0.023,0.,0.023,0.018,0.,0.018,0.024,0.,0.024,0.031,0.,0.031,0.,0.,0.,0.,0.,0.,0.055,0.,0.055,,,
9550,0.012,0.,0.012,0.045,0.,0.045,0.042,0.,0.042,0.004,0.,0.004,0.055,0.,0.055,0.,0.,0.,0.,0.,0.,0.059,0.,0.059,,,
9600,0.011,0.,0.011,0.014,0.,0.014,0.035,0.,0.035,0.003,0.,0.003,0.047,0.,0.047,0.,0.,0.,0.,0.,0.,0.051,0.,0.051,,,
9650,0.011,0.,0.011,0.014,0.,0.014,0.039,0.,0.039,0.003,0.,0.003,0.051,0.,0.051,0.,0.,0.,0.,0.,0.,0.055,0.,0.055,,,
9700,0.016,0.,0.016,0.014,0.,0.014,0.019,0.,0.019,0.003,0.,0.003,0.035,0.,0.035,0.,0.,0.,0.,0.,0.,0.039,0.,0.039,,,
9750,0.013,0.,0.013,0.026,0.,0.026,0.019,0.,0.019,0.006,0.,0.006,0.032,0.,0.032,0.,0.,0.,0.,0.,0.,0.039,0.,0.039,,,
9800,0.012,0.,0.012,0.015,0.,0.015,0.021,0.,0.021,0.005,0.,0.005,0.033,0.,0.033,0.,0.,0.,0.,0.,0.,0.039,0.,0.039,,,
9850,0.013,0.,0.013,0.014,0.,0.014,0.019,0.,0.019,0.005,0.,0.005,0.033,0.,0.032,0.,0.,0.,0.,0.,0.,0.038,0.,0.038,,,
9900,0.012,0.,0.012,0.014,0.,0.014,0.021,0.,0.021,0.019,0.,0.019,0.033,0.,0.033,0.,0.,0.,0.,0.,0.,0.053,0.,0.053,,,
9950,0.013,0.,0.013,0.021,0.,0.021,0.036,0.,0.036,0.004,0.,0.004,0.05,0.,0.05,0.,0.,0.,0.,0.,0.,0.054,0.,0.054,,,
10000,0.012,0.,0.012,0.015,0.,0.015,0.036,0.004,0.032,0.004,0.,0.004,0.048,0.004,0.044,0.,0.,0.,0.,0.,0.,0.054,0.004,0.05,,,
10100,0.011,0.,0.011,0.036,0.,0.036,0.019,0.,0.019,0.014,0.,0.014,0.031,0.,0.031,0.,0.,0.,0.,0.,0.,0.046,0.,0.046,,,
10200,0.013,0.,0.013,0.026,0.,0.026,0.026,0.,0.026,0.006,0.,0.006,0.039,0.,0.039,0.,0.,0.,0.,0.,0.,0.046,0.,0.046,,,
10300,0.017,0.,0.017,0.016,0.,0.016,0.02,0.,0.02,0.005,0.,0.005,0.038,0.,0.038,0.,0.,0.,0.,0.,0.,0.044,0.,0.044,,,
10400,0.013,0.003,0.01,0.017,0.,0.017,0.045,0.,0.045,0.004,0.,0.004,0.059,0.003,0.055,0.,0.,0.,0.,0.,0.,0.063,0.003,0.059,,,
10500,0.013,0.,0.013,0.016,0.,0.016,0.032,0.,0.032,0.003,0.,0.003,0.045,0.,0.045,0.,0.,0.,0.,0.,0.,0.049,0.,0.049,,,
10600,0.013,0.,0.013,0.034,0.,0.034,0.041,0.,0.041,0.004,0.,0.004,0.055,0.,0.055,0.,0.,0.,0.,0.,0.,0.059,0.,0.059,,,
10700,0.014,0.,0.014,0.051,0.,0.051,0.034,0.,0.034,0.004,0.,0.004,0.049,0.,0.049,0.,0.,0.,0.,0.,0.,0.054,0.,0.054,,,
10800,0.012,0.,0.012,0.035,0.,0.035,0.051,0.,0.051,0.005,0.,0.005,0.064,0.,0.064,0.,0.,0.,0.,0.,0.,0.069,0.,0.069,,,
10900,0.015,0.,0.015,0.02,0.,0.02,0.034,0.,0.034,0.007,0.,0.007,0.049,0.,0.049,0.,0.,0.,0.,0.,0.,0.057,0.,0.057,,,
11000,0.013,0.,0.013,0.023,0.,0.023,0.043,0.,0.043,0.004,0.,0.004,0.057,0.,0.057,0.,0.,0.,0.,0.,0.,0.061,0.,0.061,,,
11100,0.014,0.,0.014,0.017,0.,0.017,0.031,0.,0.031,0.004,0.,0.004,0.045,0.,0.045,0.,0.,0.,0.,0.,0.,0.05,0.,0.05,,,
11200,0.014,0.,0.014,0.045,0.,0.045,0.032,0.,0.032,0.006,0.,0.006,0.046,0.,0.046,0.,0.,0.,0.,0.,0.,0.053,0.,0.053,,,
11300,0.015,0.,0.015,0.018,0.,0.018,0.022,0.,0.022,0.006,0.,0.006,0.037,0.,0.037,0.,0.,0.,0.,0.,0.,0.044,0.,0.044,,,
11400,0.014,0.,0.014,0.017,0.,0.017,0.037,0.003,0.033,0.004,0.,0.004,0.052,0.003,0.048,0.,0.,0.,0.,0.,0.,0.057,0.003,0.053,,,
11500,0.014,0.,0.014,0.037,0.,0.037,0.03,0.,0.03,0.006,0.,0.006,0.044,0.,0.044,0.,0.,0.,0.,0.,0.,0.051,0.,0.051,,,
11600,0.019,0.,0.019,0.017,0.,0.017,0.023,0.,0.023,0.007,0.,0.007,0.042,0.,0.042,0.,0.,0.,0.,0.,0.,0.05,0.,0.05,,,
11700,0.015,0.,0.015,0.018,0.,0.018,0.043,0.003,0.039,0.004,0.,0.004,0.059,0.003,0.055,0.,0.,0.,0.,0.,0.,0.064,0.004,0.06,,,
11800,0.015,0.,0.015,0.047,0.,0.047,0.033,0.,0.033,0.006,0.,0.006,0.049,0.,0.049,0.,0.,0.,0.,0.,0.,0.056,0.,0.056,,,
11900,0.019,0.,0.019,0.019,0.,0.019,0.049,0.,0.049,0.004,0.,0.004,0.069,0.,0.069,0.,0.,0.,0.,0.,0.,0.074,0.,0.074,,,
12000,0.023,0.,0.023,0.018,0.,0.018,0.022,0.,0.022,0.004,0.,0.004,0.046,0.,0.046,0.,0.,0.,0.,0.,0.,0.051,0.,0.051,,,
12100,0.016,0.,0.016,0.023,0.,0.023,0.025,0.,0.025,0.007,0.,0.007,0.042,0.,0.042,0.,0.,0.,0.,0.,0.,0.049,0.,0.049,,,
12200,0.016,0.,0.016,0.023,0.,0.023,0.042,0.,0.042,0.005,0.,0.005,0.059,0.,0.059,0.,0.,0.,0.,0.,0.,0.064,0.,0.064,,,
12300,0.015,0.,0.015,0.041,0.,0.041,0.043,0.,0.043,0.005,0.,0.005,0.059,0.,0.059,0.,0.,0.,0.,0.,0.,0.065,0.,0.065,,,
12400,0.017,0.,0.017,0.034,0.,0.034,0.059,0.,0.059,0.007,0.,0.007,0.077,0.,0.077,0.,0.,0.,0.,0.,0.,0.085,0.,0.085,,,
12500,0.031,0.,0.031,0.019,0.,0.019,0.048,0.,0.048,0.004,0.,0.004,0.08,0.,0.08,0.,0.,0.,0.,0.,0.,0.085,0.,0.085,,,
12600,0.025,0.,0.025,0.019,0.,0.019,0.033,0.,0.033,0.004,0.,0.004,0.058,0.,0.058,0.,0.,0.,0.,0.,0.,0.063,0.,0.063,,,
12700,0.021,0.,0.021,0.019,0.,0.019,0.025,0.,0.025,0.021,0.,0.021,0.046,0.,0.046,0.,0.,0.,0.,0.,0.,0.068,0.,0.068,,,
12800,0.033,0.,0.033,0.021,0.,0.021,0.024,0.,0.024,0.021,0.,0.021,0.057,0.,0.057,0.,0.,0.,0.,0.,0.,0.079,0.,0.079,,,
12900,0.023,0.,0.023,0.02,0.,0.02,0.025,0.,0.025,0.025,0.,0.025,0.048,0.,0.048,0.,0.,0.,0.,0.,0.,0.074,0.,0.074,,,
13000,0.029,0.,0.029,0.02,0.,0.02,0.023,0.,0.023,0.012,0.,0.012,0.053,0.,0.053,0.,0.,0.,0.,0.,0.,0.066,0.,0.066,,,
13100,0.02,0.,0.02,0.021,0.,0.021,0.026,0.,0.026,0.024,0.,0.024,0.047,0.,0.047,0.,0.,0.,0.,0.,0.,0.071,0.,0.071,,,
13200,0.037,0.,0.037,0.021,0.,0.021,0.033,0.,0.033,0.005,0.,0.005,0.07,0.,0.07,0.,0.,0.,0.,0.,0.,0.076,0.,0.076,,,
13300,0.02,0.,0.02,0.021,0.,0.021,0.057,0.,0.057,0.005,0.,0.005,0.078,0.,0.078,0.,0.,0.,0.,0.,0.,0.084,0.,0.084,,,
13400,0.025,0.,0.025,0.022,0.,0.022,0.031,0.,0.031,0.005,0.,0.005,0.057,0.,0.057,0.,0.,0.,0.,0.,0.,0.063,0.,0.063,,,
13500,0.019,0.,0.019,0.024,0.,0.024,0.049,0.,0.049,0.005,0.,0.005,0.069,0.,0.069,0.,0.,0.,0.,0.,0.,0.075,0.,0.075,,,
13600,0.02,0.,0.02,0.044,0.,0.044,0.033,0.,0.033,0.009,0.,0.009,0.053,0.,0.053,0.,0.,0.,0.,0.,0.,0.063,0.,0.063,,,
13700,0.019,0.,0.019,0.024,0.,0.024,0.04,0.,0.04,0.005,0.,0.005,0.06,0.,0.06,0.,0.,0.,0.,0.,0.,0.065,0.,0.065,,,
13800,0.018,0.,0.018,0.046,0.,0.046,0.041,0.,0.041,0.024,0.,0.024,0.06,0.,0.06,0.,0.,0.,0.,0.,0.,0.085,0.,0.085,,,
13900,0.063,0.,0.063,0.021,0.,0.021,0.055,0.,0.055,0.005,0.,0.005,0.118,0.,0.118,0.,0.,0.,0.,0.,0.,0.124,0.,0.124,,,
14000,0.017,0.,0.017,0.032,0.,0.032,0.039,0.,0.039,0.007,0.,0.007,0.057,0.,0.057,0.,0.,0.,0.,0.,0.,0.065,0.,0.065,,,
14100,0.018,0.,0.018,0.028,0.,0.028,0.045,0.,0.045,0.005,0.,0.005,0.064,0.,0.064,0.,0.,0.,0.,0.,0.,0.069,0.,0.069,,,
14200,0.022,0.,0.022,0.049,0.,0.049,0.048,0.,0.048,0.037,0.,0.037,0.071,0.,0.071,0.,0.,0.,0.,0.,0.,0.108,0.,0.108,,,
14300,0.028,0.,0.028,0.022,0.,0.022,0.028,0.,0.028,0.005,0.,0.005,0.056,0.,0.056,0.,0.,0.,0.,0.,0.,0.062,0.,0.062,,,
14400,0.019,0.,0.019,0.026,0.,0.026,0.046,0.,0.046,0.005,0.,0.005,0.065,0.,0.065,0.,0.,0.,0.,0.,0.,0.071,0.,0.071,,,
14500,0.019,0.,0.019,0.049,0.,0.049,0.041,0.,0.041,0.037,0.003,0.033,0.061,0.,0.061,0.,0.,0.,0.,0.,0.,0.099,0.003,0.095,,,
14600,0.029,0.,0.029,0.022,0.,0.022,0.035,0.,0.035,0.005,0.,0.005,0.064,0.,0.064,0.,0.,0.,0.,0.,0.,0.07,0.,0.07,,,
14700,0.019,0.,0.019,0.025,0.,0.025,0.043,0.,0.043,0.005,0.,0.005,0.063,0.,0.063,0.,0.,0.,0.,0.,0.,0.069,0.,0.069,,,
14800,0.027,0.,0.027,0.022,0.,0.022,0.056,0.,0.056,0.005,0.,0.005,0.084,0.,0.084,0.,0.,0.,0.,0.,0.,0.09,0.,0.09,,,
14900,0.02,0.,0.02,0.033,0.,0.033,0.032,0.003,0.028,0.008,0.,0.008,0.052,0.003,0.048,0.,0.,0.,0.,0.,0.,0.061,0.003,0.057,,,
15000,0.046,0.,0.046,0.035,0.,0.035,0.067,0.,0.067,0.006,0.,0.006,0.114,0.,0.114,0.,0.,0.,0.,0.,0.,0.121,0.,0.121,,,
15100,0.02,0.,0.02,0.032,0.,0.032,0.052,0.,0.052,0.011,0.,0.011,0.072,0.,0.072,0.,0.,0.,0.,0.,0.,0.084,0.,0.084,,,
15200,0.03,0.,0.03,0.03,0.,0.03,0.04,0.,0.04,0.005,0.,0.005,0.07,0.,0.07,0.,0.,0.,0.,0.,0.,0.076,0.,0.076,,,
15300,0.02,0.,0.02,0.029,0.,0.029,0.047,0.,0.047,0.007,0.,0.007,0.068,0.,0.068,0.,0.,0.,0.,0.,0.,0.075,0.,0.075,,,
15400,0.041,0.,0.041,0.043,0.,0.043,0.061,0.,0.061,0.006,0.,0.006,0.103,0.,0.103,0.,0.,0.,0.,0.,0.,0.11,0.,0.11,,,
15500,0.021,0.,0.021,0.04,0.,0.04,0.031,0.,0.031,0.009,0.,0.009,0.052,0.,0.052,0.,0.,0.,0.,0.,0.,0.062,0.,0.062,,,
15600,0.035,0.,0.035,0.027,0.,0.027,0.04,0.,0.04,0.006,0.,0.006,0.076,0.,0.076,0.,0.,0.,0.,0.,0.,0.082,0.,0.082,,,
15700,0.022,0.,0.022,0.027,0.,0.027,0.047,0.,0.047,0.006,0.,0.006,0.069,0.,0.069,0.,0.,0.,0.,0.,0.,0.075,0.,0.075,,,
15800,0.021,0.,0.021,0.035,0.,0.035,0.051,0.,0.051,0.006,0.,0.006,0.073,0.,0.073,0.,0.,0.,0.,0.,0.,0.079,0.,0.079,,,
15900,0.029,0.,0.029,0.026,0.,0.026,0.061,0.,0.061,0.008,0.,0.008,0.091,0.,0.091,0.,0.,0.,0.,0.,0.,0.099,0.,0.099,,,
16000,0.024,0.,0.024,0.047,0.,0.047,0.082,0.,0.082,0.006,0.,0.006,0.107,0.,0.107,0.,0.,0.,0.,0.,0.,0.113,0.,0.113,,,
16100,0.025,0.,0.025,0.045,0.,0.045,0.06,0.,0.06,0.008,0.,0.008,0.085,0.,0.085,0.,0.,0.,0.,0.,0.,0.094,0.,0.094,,,
16200,0.023,0.,0.023,0.066,0.,0.066,0.055,0.,0.055,0.006,0.,0.006,0.078,0.,0.078,0.,0.,0.,0.,0.,0.,0.085,0.,0.085,,,
16300,0.042,0.,0.042,0.043,0.,0.043,0.064,0.,0.064,0.007,0.,0.007,0.106,0.,0.106,0.,0.,0.,0.,0.,0.,0.113,0.,0.113,,,
16400,0.044,0.,0.044,0.051,0.,0.051,0.079,0.,0.079,0.006,0.,0.006,0.124,0.,0.124,0.,0.,0.,0.,0.,0.,0.131,0.,0.131,,,
16500,0.023,0.,0.023,0.045,0.003,0.041,0.031,0.,0.031,0.043,0.,0.043,0.054,0.,0.054,0.,0.,0.,0.,0.,0.,0.098,0.,0.098,,,
16600,0.023,0.,0.023,0.052,0.003,0.048,0.042,0.,0.042,0.012,0.,0.012,0.066,0.,0.066,0.,0.,0.,0.,0.,0.,0.078,0.,0.078,,,
16700,0.024,0.,0.024,0.036,0.,0.036,0.038,0.,0.038,0.01,0.,0.01,0.062,0.,0.062,0.,0.,0.,0.,0.,0.,0.073,0.,0.073,,,
16800,0.033,0.,0.033,0.027,0.,0.027,0.039,0.,0.039,0.006,0.,0.006,0.072,0.,0.072,0.,0.,0.,0.,0.,0.,0.08,0.,0.08,,,
16900,0.033,0.,0.033,0.028,0.,0.028,0.038,0.,0.038,0.006,0.,0.006,0.072,0.,0.072,0.,0.,0.,0.,0.,0.,0.078,0.,0.078,,,
17000,0.031,0.,0.031,0.029,0.,0.029,0.037,0.,0.037,0.006,0.003,0.002,0.068,0.,0.068,0.,0.,0.,0.,0.,0.,0.075,0.003,0.071,,,
17100,0.031,0.003,0.027,0.028,0.,0.028,0.036,0.,0.036,0.007,0.,0.007,0.068,0.003,0.064,0.,0.,0.,0.,0.,0.,0.075,0.003,0.071,,,
17200,0.035,0.,0.035,0.03,0.,0.03,0.036,0.,0.036,0.006,0.,0.006,0.072,0.,0.072,0.,0.,0.,0.,0.,0.,0.079,0.,0.079,,,
17300,0.031,0.,0.031,0.031,0.,0.031,0.036,0.,0.036,0.007,0.,0.007,0.068,0.,0.068,0.,0.,0.,0.,0.,0.,0.075,0.,0.075,,,
17400,0.032,0.,0.032,0.03,0.,0.03,0.036,0.,0.036,0.007,0.,0.007,0.069,0.,0.069,0.,0.,0.,0.,0.,0.,0.077,0.,0.077,,,
17500,0.031,0.,0.031,0.03,0.,0.03,0.037,0.,0.037,0.007,0.,0.007,0.069,0.,0.069,0.,0.,0.,0.,0.,0.,0.076,0.,0.076,,,
17600,0.032,0.,0.032,0.03,0.,0.03,0.054,0.,0.054,0.008,0.,0.008,0.086,0.,0.086,0.,0.,0.,0.,0.,0.,0.095,0.,0.095,,,
17700,0.058,0.,0.058,0.028,0.,0.028,0.061,0.,0.061,0.007,0.,0.007,0.12,0.,0.12,0.,0.,0.,0.,0.,0.,0.127,0.,0.127,,,
17800,0.025,0.,0.025,0.044,0.,0.044,0.056,0.,0.056,0.007,0.,0.007,0.082,0.,0.082,0.,0.,0.,0.,0.,0.,0.09,0.,0.09,,,
17900,0.025,0.,0.025,0.048,0.,0.048,0.05,0.,0.05,0.024,0.,0.024,0.075,0.,0.075,0.,0.,0.,0.,0.,0.,0.1,0.,0.1,,,
18000,0.025,0.,0.025,0.038,0.,0.038,0.045,0.,0.045,0.007,0.,0.007,0.071,0.,0.071,0.,0.,0.,0.,0.,0.,0.078,0.,0.078,,,
18100,0.025,0.,0.025,0.042,0.,0.042,0.047,0.,0.047,0.006,0.,0.006,0.072,0.,0.072,0.,0.,0.,0.,0.,0.,0.079,0.,0.079,,,
18200,0.032,0.,0.032,0.031,0.,0.031,0.04,0.,0.04,0.007,0.,0.007,0.073,0.,0.073,0.,0.,0.,0.,0.,0.,0.081,0.,0.081,,,
18300,0.033,0.,0.033,0.029,0.,0.029,0.041,0.,0.041,0.008,0.,0.008,0.075,0.,0.075,0.,0.,0.,0.,0.,0.,0.083,0.,0.083,,,
18400,0.029,0.,0.029,0.048,0.,0.048,0.043,0.,0.043,0.036,0.,0.036,0.073,0.,0.073,0.,0.,0.,0.,0.,0.,0.11,0.,0.11,,,
18500,0.026,0.,0.026,0.055,0.,0.055,0.088,0.,0.088,0.007,0.,0.007,0.115,0.,0.115,0.,0.,0.,0.,0.,0.,0.122,0.,0.122,,,
18600,0.035,0.,0.035,0.046,0.,0.046,0.071,0.,0.071,0.007,0.,0.007,0.106,0.,0.106,0.,0.,0.,0.,0.,0.,0.114,0.,0.114,,,
18700,0.026,0.,0.026,0.041,0.,0.041,0.056,0.,0.056,0.046,0.,0.046,0.082,0.,0.082,0.,0.,0.,0.,0.,0.,0.129,0.,0.129,,,
18800,0.029,0.,0.029,0.054,0.,0.054,0.121,0.,0.121,0.007,0.,0.007,0.15,0.,0.15,0.,0.,0.,0.,0.,0.,0.158,0.,0.158,,,
18900,0.043,0.,0.043,0.044,0.,0.044,0.07,0.,0.07,0.007,0.,0.007,0.114,0.,0.114,0.,0.,0.,0.,0.,0.,0.122,0.,0.122,,,
19000,0.027,0.,0.027,0.038,0.,0.038,0.054,0.,0.054,0.007,0.,0.007,0.081,0.,0.081,0.,0.,0.,0.,0.,0.,0.089,0.,0.089,,,
19100,0.038,0.,0.038,0.045,0.,0.045,0.041,0.,0.041,0.008,0.,0.008,0.08,0.,0.08,0.,0.,0.,0.,0.,0.,0.089,0.,0.089,,,
19200,0.023,0.,0.023,0.042,0.,0.042,0.042,0.,0.042,0.043,0.,0.043,0.066,0.,0.066,0.,0.,0.,0.,0.,0.,0.109,0.,0.109,,,
19300,0.028,0.,0.028,0.049,0.,0.049,0.096,0.,0.096,0.008,0.,0.008,0.125,0.,0.125,0.,0.,0.,0.,0.,0.,0.134,0.,0.134,,,
19400,0.034,0.,0.034,0.031,0.,0.031,0.06,0.,0.06,0.007,0.,0.007,0.095,0.,0.095,0.,0.,0.,0.,0.,0.,0.103,0.,0.103,,,
19500,0.027,0.,0.027,0.038,0.,0.038,0.049,0.,0.049,0.008,0.,0.008,0.077,0.,0.077,0.,0.,0.,0.,0.,0.,0.086,0.,0.086,,,
19600,0.024,0.,0.024,0.042,0.,0.042,0.043,0.,0.043,0.041,0.,0.041,0.067,0.,0.067,0.,0.,0.,0.,0.,0.,0.108,0.,0.108,,,
19700,0.035,0.,0.035,0.048,0.,0.048,0.059,0.,0.059,0.007,0.,0.007,0.094,0.,0.094,0.,0.,0.,0.,0.,0.,0.102,0.,0.102,,,
19800,0.03,0.,0.03,0.042,0.,0.042,0.067,0.,0.067,0.03,0.,0.03,0.098,0.,0.098,0.,0.,0.,0.,0.,0.,0.129,0.,0.129,,,
19900,0.06,0.,0.06,0.061,0.,0.061,0.075,0.,0.075,0.007,0.,0.007,0.136,0.,0.136,0.,0.,0.,0.,0.,0.,0.144,0.,0.144,,,
20000,0.03,0.,0.03,0.051,0.,0.051,0.059,0.,0.059,0.009,0.,0.009,0.09,0.,0.09,0.,0.,0.,0.,0.,0.,0.1,0.,0.1,,,