param-n,autorewrite-noop-regression-quadratic-real,autorewrite-noop-regression-quadratic-sys,autorewrite-noop-regression-quadratic-user,try-rewrite!-evar-noop-regression-quadratic-real,try-rewrite!-evar-noop-regression-quadratic-sys,try-rewrite!-evar-noop-regression-quadratic-user,try-rewrite!-noop-regression-quadratic-real,try-rewrite!-noop-regression-quadratic-sys,try-rewrite!-noop-regression-quadratic-user,try-rewrite-evar-noop-regression-quadratic-real,try-rewrite-evar-noop-regression-quadratic-sys,try-rewrite-evar-noop-regression-quadratic-user,try-rewrite-noop-regression-quadratic-real,try-rewrite-noop-regression-quadratic-sys,try-rewrite-noop-regression-quadratic-user,try-rewrite?-evar-noop-regression-quadratic-real,try-rewrite?-evar-noop-regression-quadratic-sys,try-rewrite?-evar-noop-regression-quadratic-user,try-rewrite?-noop-regression-quadratic-real,try-rewrite?-noop-regression-quadratic-sys,try-rewrite?-noop-regression-quadratic-user,try-ssr-rewrite!-evar-noop-regression-linear-real,try-ssr-rewrite!-evar-noop-regression-linear-sys,try-ssr-rewrite!-evar-noop-regression-linear-user,try-ssr-rewrite!-noop-regression-linear-real,try-ssr-rewrite!-noop-regression-linear-sys,try-ssr-rewrite!-noop-regression-linear-user,try-ssr-rewrite-evar-noop-regression-linear-real,try-ssr-rewrite-evar-noop-regression-linear-sys,try-ssr-rewrite-evar-noop-regression-linear-user,try-ssr-rewrite-noop-regression-linear-real,try-ssr-rewrite-noop-regression-linear-sys,try-ssr-rewrite-noop-regression-linear-user,try-ssr-rewrite?-evar-noop-regression-linear-real,try-ssr-rewrite?-evar-noop-regression-linear-sys,try-ssr-rewrite?-evar-noop-regression-linear-user,try-ssr-rewrite?-noop-regression-linear-real,try-ssr-rewrite?-noop-regression-linear-sys,try-ssr-rewrite?-noop-regression-linear-user
1,0.,0.,0.,0.,0.,0.,0.,0.,0.,0.,0.,0.,0.,0.,0.,0.,0.,0.,0.,0.,0.,0.,0.,0.,0.,0.,0.,0.,0.,0.,0.,0.,0.,0.,0.,0.,0.,0.,0.
2,0.,0.,0.,0.,0.,0.,0.,0.,0.,0.,0.,0.,0.,0.,0.,0.,0.,0.,0.,0.,0.,0.,0.,0.,0.,0.,0.,0.,0.,0.,0.,0.,0.,0.,0.,0.,0.,0.,0.
3,0.,0.,0.,0.,0.,0.,0.,0.,0.,0.,0.,0.,0.,0.,0.,0.,0.,0.,0.,0.,0.,0.,0.,0.,0.,0.,0.,0.,0.,0.,0.,0.,0.,0.,0.,0.,0.,0.,0.
4,0.,0.,0.,0.,0.,0.,0.,0.,0.,0.,0.,0.,0.,0.,0.,0.,0.,0.,0.,0.,0.,0.,0.,0.,0.,0.,0.,0.,0.,0.,0.,0.,0.,0.,0.,0.,0.,0.,0.
8,0.,0.,0.,0.,0.,0.,0.,0.,0.,0.,0.,0.,0.,0.,0.,0.,0.,0.,0.,0.,0.,0.,0.,0.,0.,0.,0.,0.,0.,0.,0.,0.,0.,0.,0.,0.,0.,0.,0.
12,0.,0.,0.,0.,0.,0.,0.,0.,0.,0.,0.,0.,0.,0.,0.,0.027,0.,0.027,0.,0.,0.,0.,0.,0.,0.,0.,0.,0.,0.,0.,0.,0.,0.,0.,0.,0.,0.,0.,0.
16,0.,0.,0.,0.,0.,0.,0.,0.,0.,0.,0.,0.,0.,0.,0.,0.,0.,0.,0.,0.,0.,0.,0.,0.,0.,0.,0.,0.,0.,0.,0.,0.,0.,0.,0.,0.,0.,0.,0.
20,0.,0.,0.,0.,0.,0.,0.,0.,0.,0.,0.,0.,0.,0.,0.,0.,0.,0.,0.,0.,0.,0.,0.,0.,0.,0.,0.,0.,0.,0.,0.,0.,0.,0.,0.,0.,0.,0.,0.
24,0.,0.,0.,0.,0.,0.,0.,0.,0.,0.,0.,0.,0.,0.,0.,0.,0.,0.,0.,0.,0.,0.,0.,0.,0.,0.,0.,0.,0.,0.,0.,0.,0.,0.,0.,0.,0.,0.,0.
28,0.,0.,0.,0.,0.,0.,0.,0.,0.,0.,0.,0.,0.,0.,0.,0.,0.,0.,0.,0.,0.,0.,0.,0.,0.,0.,0.,0.,0.,0.,0.,0.,0.,0.,0.,0.,0.,0.,0.
32,0.,0.,0.,0.,0.,0.,0.,0.,0.,0.,0.,0.,0.,0.,0.,0.,0.,0.,0.,0.,0.,0.,0.,0.,0.,0.,0.,0.,0.,0.,0.,0.,0.,0.,0.,0.,0.,0.,0.
36,0.,0.,0.,0.,0.,0.,0.,0.,0.,0.,0.,0.,0.,0.,0.,0.,0.,0.,0.,0.,0.,0.,0.,0.,0.,0.,0.,0.,0.,0.,0.,0.,0.,0.,0.,0.,0.,0.,0.
40,0.,0.,0.,0.,0.,0.,0.,0.,0.,0.,0.,0.,0.,0.,0.,0.,0.,0.,0.,0.,0.,0.,0.,0.,0.,0.,0.,0.,0.,0.,0.,0.,0.,0.,0.,0.,0.,0.,0.
44,0.,0.,0.,0.,0.,0.,0.,0.,0.,0.,0.,0.,0.,0.,0.,0.,0.,0.,0.,0.,0.,0.,0.,0.,0.,0.,0.,0.,0.,0.,0.,0.,0.,0.,0.,0.,0.,0.,0.
48,0.,0.,0.,0.,0.,0.,0.,0.,0.,0.,0.,0.,0.,0.,0.,0.,0.,0.,0.,0.,0.,0.,0.,0.,0.,0.,0.,0.,0.,0.,0.,0.,0.,0.,0.,0.,0.,0.,0.
50,0.,0.,0.,0.,0.,0.,0.,0.,0.,0.,0.,0.,0.,0.,0.,0.,0.,0.,0.,0.,0.,0.,0.,0.,0.,0.,0.,0.,0.,0.,0.,0.,0.,0.,0.,0.,0.,0.,0.
52,0.,0.,0.,0.,0.,0.,0.,0.,0.,0.,0.,0.,0.,0.,0.,0.,0.,0.,0.,0.,0.,0.,0.,0.,0.,0.,0.,0.,0.,0.,0.,0.,0.,0.,0.,0.,0.,0.,0.
56,0.,0.,0.,0.,0.,0.,0.,0.,0.,0.,0.,0.,0.,0.,0.,0.,0.,0.,0.,0.,0.,0.,0.,0.,0.,0.,0.,0.,0.,0.,0.,0.,0.,0.,0.,0.,0.,0.,0.
60,0.,0.,0.,0.,0.,0.,0.,0.,0.,0.,0.,0.,0.,0.,0.,0.,0.,0.,0.,0.,0.,0.,0.,0.,0.,0.,0.,0.,0.,0.,0.,0.,0.,0.,0.,0.,0.,0.,0.
64,0.,0.,0.,0.,0.,0.,0.,0.,0.,0.,0.,0.,0.,0.,0.,0.,0.,0.,0.,0.,0.,0.,0.,0.,0.,0.,0.,0.,0.,0.,0.,0.,0.,0.,0.,0.,0.,0.,0.
68,0.035,0.001,0.033,0.,0.,0.,0.,0.,0.,0.,0.,0.,0.,0.,0.,0.,0.,0.,0.,0.,0.,0.,0.,0.,0.,0.,0.,0.,0.,0.,0.,0.,0.,0.,0.,0.,0.,0.,0.
72,0.,0.,0.,0.,0.,0.,0.,0.,0.,0.,0.,0.,0.,0.,0.,0.,0.,0.,0.,0.,0.,0.,0.,0.,0.,0.,0.,0.,0.,0.,0.,0.,0.,0.,0.,0.,0.,0.,0.
76,0.,0.,0.,0.001,0.,0.001,0.,0.,0.,0.001,0.,0.001,0.,0.,0.,0.001,0.,0.001,0.,0.,0.,0.,0.,0.,0.,0.,0.,0.,0.,0.,0.,0.,0.,0.,0.,0.,0.,0.,0.
80,0.,0.,0.,0.001,0.,0.001,0.,0.,0.,0.001,0.,0.001,0.,0.,0.,0.001,0.,0.001,0.,0.,0.,0.,0.,0.,0.,0.,0.,0.,0.,0.,0.,0.,0.,0.,0.,0.,0.,0.,0.
84,0.,0.,0.,0.001,0.,0.001,0.,0.,0.,0.001,0.,0.001,0.,0.,0.,0.001,0.,0.001,0.,0.,0.,0.,0.,0.,0.,0.,0.,0.,0.,0.,0.,0.,0.,0.,0.,0.,0.,0.,0.
88,0.,0.,0.,0.001,0.,0.001,0.,0.,0.,0.001,0.,0.001,0.,0.,0.,0.001,0.,0.001,0.,0.,0.,0.,0.,0.,0.,0.,0.,0.,0.,0.,0.,0.,0.,0.,0.,0.,0.,0.,0.
92,0.,0.,0.,0.001,0.,0.001,0.,0.,0.,0.001,0.,0.001,0.,0.,0.,0.001,0.,0.001,0.,0.,0.,0.,0.,0.,0.,0.,0.,0.,0.,0.,0.,0.,0.,0.,0.,0.,0.,0.,0.
96,0.,0.,0.,0.001,0.,0.001,0.,0.,0.,0.001,0.,0.001,0.,0.,0.,0.001,0.,0.001,0.039,0.,0.039,0.,0.,0.,0.,0.,0.,0.,0.,0.,0.,0.,0.,0.,0.,0.,0.,0.,0.
100,0.001,0.,0.001,0.001,0.,0.001,0.001,0.,0.,0.001,0.,0.001,0.001,0.,0.001,0.001,0.,0.001,0.001,0.,0.001,0.,0.,0.,0.,0.,0.,0.,0.,0.,0.,0.,0.,0.,0.,0.,0.,0.,0.
104,0.,0.,0.,0.001,0.,0.001,0.,0.,0.,0.001,0.,0.001,0.,0.,0.,0.001,0.,0.001,0.,0.,0.,0.,0.,0.,0.,0.,0.,0.,0.,0.,0.,0.,0.,0.,0.,0.,0.,0.,0.
108,0.001,0.,0.001,0.001,0.,0.001,0.001,0.,0.001,0.001,0.,0.001,0.001,0.,0.001,0.001,0.,0.001,0.001,0.,0.001,0.,0.,0.,0.,0.,0.,0.,0.,0.,0.,0.,0.,0.,0.,0.,0.,0.,0.
112,0.001,0.,0.001,0.001,0.,0.001,0.001,0.,0.001,0.001,0.,0.001,0.001,0.,0.001,0.001,0.,0.001,0.001,0.,0.001,0.,0.,0.,0.,0.,0.,0.,0.,0.,0.,0.,0.,0.,0.,0.,0.,0.,0.
116,0.001,0.,0.001,0.001,0.,0.001,0.001,0.,0.001,0.001,0.,0.001,0.001,0.,0.001,0.001,0.,0.001,0.001,0.,0.001,0.,0.,0.,0.,0.,0.,0.,0.,0.,0.,0.,0.,0.,0.,0.,0.,0.,0.
120,0.001,0.,0.001,0.001,0.,0.001,0.001,0.,0.001,0.001,0.,0.001,0.001,0.,0.001,0.001,0.,0.001,0.001,0.,0.001,0.,0.,0.,0.,0.,0.,0.,0.,0.,0.,0.,0.,0.,0.,0.,0.,0.,0.
124,0.001,0.,0.001,0.001,0.,0.001,0.001,0.,0.001,0.001,0.,0.001,0.001,0.,0.001,0.001,0.,0.001,0.001,0.,0.001,0.,0.,0.,0.,0.,0.,0.,0.,0.,0.,0.,0.,0.,0.,0.,0.,0.,0.
128,0.001,0.,0.001,0.001,0.,0.001,0.001,0.,0.001,0.001,0.,0.001,0.001,0.,0.001,0.001,0.,0.001,0.001,0.,0.001,0.,0.,0.,0.,0.,0.,0.,0.,0.,0.,0.,0.,0.,0.,0.,0.,0.,0.
132,0.001,0.,0.001,0.002,0.,0.002,0.001,0.,0.001,0.001,0.,0.001,0.001,0.,0.001,0.002,0.,0.002,0.001,0.,0.001,0.,0.,0.,0.,0.,0.,0.,0.,0.,0.,0.,0.,0.,0.,0.,0.,0.,0.
136,0.001,0.,0.001,0.002,0.,0.002,0.001,0.,0.001,0.002,0.,0.002,0.001,0.,0.001,0.002,0.,0.002,0.001,0.,0.001,0.,0.,0.,0.,0.,0.,0.,0.,0.,0.,0.,0.,0.,0.,0.,0.,0.,0.
140,0.001,0.,0.001,0.002,0.,0.002,0.001,0.,0.001,0.002,0.,0.002,0.001,0.,0.001,0.002,0.,0.002,0.001,0.,0.001,0.,0.,0.,0.,0.,0.,0.,0.,0.,0.,0.,0.,0.,0.,0.,0.,0.,0.
144,0.001,0.,0.001,0.002,0.,0.002,0.001,0.,0.001,0.002,0.,0.002,0.001,0.,0.001,0.002,0.,0.002,0.001,0.,0.001,0.,0.,0.,0.,0.,0.,0.,0.,0.,0.,0.,0.,0.,0.,0.,0.,0.,0.
148,0.001,0.,0.001,0.002,0.,0.002,0.001,0.,0.001,0.002,0.,0.002,0.001,0.,0.001,0.002,0.,0.002,0.001,0.,0.001,0.,0.,0.,0.,0.,0.,0.,0.,0.,0.,0.,0.,0.,0.,0.,0.,0.,0.
150,0.001,0.,0.001,0.002,0.,0.002,0.001,0.,0.001,0.002,0.001,0.001,0.001,0.,0.001,0.002,0.,0.002,0.001,0.,0.001,0.,0.,0.,0.,0.,0.,0.,0.,0.,0.,0.,0.,0.,0.,0.,0.,0.,0.
152,0.001,0.,0.001,0.002,0.,0.002,0.001,0.,0.001,0.002,0.,0.002,0.001,0.,0.001,0.002,0.,0.002,0.001,0.,0.001,0.,0.,0.,0.,0.,0.,0.,0.,0.,0.,0.,0.,0.,0.,0.,0.,0.,0.
156,0.001,0.,0.001,0.002,0.,0.002,0.001,0.,0.001,0.002,0.,0.002,0.001,0.,0.001,0.002,0.,0.002,0.001,0.,0.,0.,0.,0.,0.,0.,0.,0.,0.,0.,0.,0.,0.,0.,0.,0.,0.,0.,0.
160,0.001,0.,0.001,0.002,0.,0.002,0.001,0.,0.001,0.002,0.,0.002,0.001,0.,0.001,0.002,0.,0.002,0.001,0.,0.001,0.,0.,0.,0.,0.,0.,0.,0.,0.,0.,0.,0.,0.,0.,0.,0.,0.,0.
164,0.001,0.,0.001,0.002,0.,0.002,0.001,0.,0.001,0.002,0.,0.002,0.001,0.,0.001,0.002,0.,0.002,0.001,0.,0.001,0.,0.,0.,0.,0.,0.,0.,0.,0.,0.,0.,0.,0.,0.,0.,0.,0.,0.
168,0.001,0.,0.001,0.002,0.,0.002,0.001,0.,0.001,0.002,0.,0.002,0.001,0.,0.001,0.002,0.,0.002,0.001,0.,0.001,0.,0.,0.,0.,0.,0.,0.,0.,0.,0.,0.,0.,0.,0.,0.,0.,0.,0.
172,0.001,0.,0.001,0.002,0.,0.002,0.001,0.,0.,0.002,0.,0.002,0.001,0.,0.001,0.003,0.,0.003,0.001,0.,0.001,0.,0.,0.,0.,0.,0.,0.,0.,0.,0.,0.,0.,0.,0.,0.,0.,0.,0.
176,0.001,0.,0.001,0.002,0.,0.002,0.001,0.,0.001,0.002,0.,0.002,0.001,0.,0.001,0.002,0.,0.002,0.001,0.,0.001,0.,0.,0.,0.,0.,0.,0.,0.,0.,0.,0.,0.,0.,0.,0.,0.,0.,0.
180,0.001,0.,0.001,0.003,0.,0.003,0.001,0.,0.001,0.003,0.,0.003,0.001,0.,0.001,0.002,0.,0.002,0.002,0.,0.002,0.,0.,0.,0.,0.,0.,0.,0.,0.,0.,0.,0.,0.,0.,0.,0.,0.,0.
184,0.002,0.,0.002,0.003,0.,0.003,0.002,0.,0.002,0.003,0.,0.003,0.002,0.,0.002,0.003,0.,0.003,0.002,0.,0.002,0.,0.,0.,0.,0.,0.,0.,0.,0.,0.,0.,0.,0.,0.,0.,0.,0.,0.
188,0.002,0.,0.002,0.003,0.,0.003,0.002,0.,0.002,0.003,0.,0.003,0.002,0.,0.002,0.003,0.,0.003,0.002,0.,0.002,0.,0.,0.,0.,0.,0.,0.,0.,0.,0.,0.,0.,0.,0.,0.,0.,0.,0.
192,0.002,0.,0.002,0.003,0.,0.003,0.002,0.,0.002,0.003,0.,0.003,0.002,0.,0.002,0.003,0.,0.003,0.002,0.,0.002,0.,0.,0.,0.,0.,0.,0.,0.,0.,0.,0.,0.,0.,0.,0.,0.,0.,0.
196,0.002,0.,0.002,0.003,0.,0.003,0.002,0.,0.002,0.003,0.,0.003,0.002,0.,0.002,0.003,0.,0.003,0.002,0.,0.002,0.,0.,0.,0.,0.,0.,0.,0.,0.,0.,0.,0.,0.,0.,0.,0.,0.,0.
200,0.037,0.,0.037,0.003,0.,0.003,0.002,0.,0.002,0.003,0.,0.003,0.002,0.,0.002,0.003,0.,0.003,0.002,0.,0.002,0.,0.,0.,0.,0.,0.,0.,0.,0.,0.,0.,0.,0.,0.,0.,0.,0.,0.
204,0.002,0.,0.002,0.003,0.,0.003,0.002,0.,0.002,0.004,0.,0.004,0.002,0.,0.002,0.003,0.,0.003,0.002,0.,0.002,0.,0.,0.,0.,0.,0.,0.,0.,0.,0.,0.,0.,0.,0.,0.,0.,0.,0.
208,0.002,0.,0.002,0.003,0.,0.003,0.002,0.,0.002,0.003,0.,0.003,0.002,0.,0.002,0.003,0.,0.003,0.002,0.,0.002,0.,0.,0.,0.,0.,0.,0.,0.,0.,0.,0.,0.,0.,0.,0.,0.,0.,0.
212,0.002,0.,0.002,0.003,0.,0.003,0.002,0.,0.002,0.003,0.,0.003,0.002,0.,0.002,0.003,0.,0.003,0.002,0.,0.002,0.,0.,0.,0.,0.,0.,0.,0.,0.,0.,0.,0.,0.,0.,0.,0.,0.,0.
216,0.002,0.,0.002,0.003,0.,0.003,0.002,0.,0.002,0.004,0.,0.004,0.002,0.,0.002,0.003,0.,0.003,0.002,0.,0.002,0.,0.,0.,0.,0.,0.,0.,0.,0.,0.,0.,0.,0.,0.,0.,0.,0.,0.
220,0.002,0.,0.002,0.003,0.,0.003,0.002,0.,0.002,0.003,0.,0.003,0.002,0.,0.002,0.003,0.,0.003,0.002,0.,0.002,0.,0.,0.,0.,0.,0.,0.,0.,0.,0.,0.,0.,0.,0.,0.,0.,0.,0.
224,0.002,0.,0.002,0.004,0.,0.004,0.002,0.,0.002,0.004,0.,0.004,0.002,0.,0.002,0.004,0.,0.004,0.002,0.,0.002,0.,0.,0.,0.,0.,0.,0.,0.,0.,0.,0.,0.,0.,0.,0.,0.,0.,0.
228,0.002,0.,0.002,0.004,0.,0.004,0.002,0.,0.002,0.004,0.,0.004,0.002,0.,0.002,0.004,0.,0.004,0.002,0.,0.002,0.,0.,0.,0.,0.,0.,0.,0.,0.,0.,0.,0.,0.,0.,0.,0.,0.,0.
232,0.002,0.,0.002,0.004,0.,0.004,0.002,0.,0.002,0.004,0.,0.004,0.002,0.,0.002,0.004,0.,0.004,0.002,0.,0.002,0.,0.,0.,0.,0.,0.,0.,0.,0.,0.,0.,0.,0.,0.,0.,0.,0.,0.
236,0.002,0.,0.002,0.004,0.,0.004,0.002,0.,0.002,0.004,0.,0.004,0.002,0.,0.002,0.004,0.,0.004,0.002,0.,0.002,0.,0.,0.,0.,0.,0.,0.,0.,0.,0.,0.,0.,0.,0.,0.,0.,0.,0.
240,0.002,0.,0.002,0.004,0.,0.004,0.002,0.,0.002,0.004,0.,0.004,0.002,0.,0.002,0.004,0.,0.004,0.003,0.,0.003,0.,0.,0.,0.,0.,0.,0.,0.,0.,0.,0.,0.,0.,0.,0.,0.,0.,0.
244,0.002,0.,0.002,0.004,0.,0.004,0.002,0.,0.002,0.004,0.,0.004,0.003,0.,0.003,0.004,0.,0.004,0.003,0.,0.003,0.,0.,0.,0.,0.,0.,0.,0.,0.,0.,0.,0.,0.,0.,0.,0.,0.,0.
248,0.003,0.,0.003,0.004,0.,0.004,0.003,0.,0.003,0.004,0.,0.004,0.003,0.,0.003,0.004,0.,0.004,0.003,0.,0.003,0.,0.,0.,0.,0.,0.,0.,0.,0.,0.,0.,0.,0.,0.,0.,0.,0.,0.
250,0.003,0.,0.003,0.004,0.,0.004,0.003,0.,0.003,0.004,0.,0.004,0.003,0.,0.003,0.004,0.,0.004,0.003,0.,0.003,0.,0.,0.,0.,0.,0.,0.,0.,0.,0.,0.,0.,0.,0.,0.,0.,0.,0.
252,0.003,0.,0.003,0.004,0.,0.004,0.003,0.,0.003,0.004,0.,0.004,0.003,0.,0.003,0.004,0.,0.004,0.003,0.,0.003,0.,0.,0.,0.,0.,0.,0.,0.,0.,0.,0.,0.,0.,0.,0.,0.,0.,0.
256,0.003,0.,0.003,0.005,0.,0.005,0.003,0.,0.003,0.004,0.,0.004,0.003,0.,0.003,0.004,0.,0.004,0.003,0.,0.003,0.,0.,0.,0.,0.,0.,0.,0.,0.,0.,0.,0.,0.,0.,0.,0.,0.,0.
260,0.003,0.,0.003,0.005,0.,0.005,0.003,0.,0.003,0.005,0.,0.005,0.003,0.,0.003,0.005,0.,0.005,0.003,0.,0.003,0.,0.,0.,0.,0.,0.,0.,0.,0.,0.,0.,0.,0.,0.,0.,0.,0.,0.
264,0.003,0.,0.003,0.005,0.,0.005,0.003,0.,0.003,0.005,0.,0.005,0.003,0.,0.003,0.005,0.,0.005,0.003,0.,0.003,0.,0.,0.,0.,0.,0.,0.,0.,0.,0.,0.,0.,0.,0.,0.,0.,0.,0.
268,0.003,0.,0.003,0.005,0.,0.005,0.003,0.,0.003,0.005,0.,0.005,0.003,0.,0.003,0.005,0.,0.005,0.003,0.,0.003,0.,0.,0.,0.,0.,0.,0.,0.,0.,0.,0.,0.,0.,0.,0.,0.,0.,0.
272,0.004,0.,0.004,0.005,0.,0.005,0.003,0.,0.003,0.005,0.,0.005,0.003,0.,0.003,0.005,0.,0.005,0.003,0.,0.003,0.,0.,0.,0.,0.,0.,0.,0.,0.,0.,0.,0.,0.,0.,0.,0.,0.,0.
276,0.003,0.,0.003,0.005,0.,0.005,0.003,0.,0.003,0.005,0.,0.005,0.003,0.,0.003,0.005,0.,0.005,0.003,0.,0.003,0.,0.,0.,0.,0.,0.,0.,0.,0.,0.,0.,0.,0.,0.,0.,0.,0.,0.
280,0.003,0.,0.003,0.006,0.,0.006,0.003,0.,0.003,0.005,0.,0.005,0.003,0.,0.003,0.005,0.,0.005,0.003,0.,0.003,0.,0.,0.,0.,0.,0.,0.,0.,0.,0.,0.,0.,0.,0.,0.,0.,0.,0.
284,0.003,0.,0.003,0.005,0.,0.005,0.003,0.,0.003,0.005,0.,0.005,0.003,0.,0.003,0.005,0.,0.005,0.003,0.,0.003,0.,0.,0.,0.,0.,0.,0.,0.,0.,0.,0.,0.,0.,0.,0.,0.,0.,0.
288,0.003,0.,0.003,0.005,0.,0.005,0.003,0.,0.003,0.006,0.,0.006,0.003,0.,0.003,0.005,0.,0.005,0.003,0.,0.003,0.,0.,0.,0.,0.,0.,0.,0.,0.,0.,0.,0.,0.,0.,0.,0.,0.,0.
292,0.003,0.,0.003,0.006,0.,0.006,0.003,0.,0.002,0.005,0.,0.005,0.003,0.,0.003,0.005,0.,0.005,0.003,0.,0.003,0.,0.,0.,0.,0.,0.,0.,0.,0.,0.,0.,0.,0.,0.,0.,0.,0.,0.
296,0.003,0.,0.003,0.006,0.,0.005,0.004,0.,0.004,0.006,0.,0.006,0.003,0.,0.003,0.006,0.,0.006,0.003,0.,0.003,0.,0.,0.,0.,0.,0.,0.,0.,0.,0.,0.,0.,0.,0.,0.,0.,0.,0.
300,0.003,0.,0.003,0.006,0.,0.006,0.004,0.,0.004,0.007,0.,0.007,0.003,0.,0.003,0.006,0.,0.006,0.004,0.,0.004,0.,0.,0.,0.,0.,0.,0.,0.,0.,0.,0.,0.,0.,0.,0.,0.,0.,0.
304,0.004,0.,0.004,0.006,0.,0.006,0.004,0.,0.004,0.006,0.,0.006,0.004,0.,0.004,0.006,0.,0.006,0.004,0.,0.004,0.,0.,0.,0.,0.,0.,0.,0.,0.,0.,0.,0.,0.,0.,0.,0.,0.,0.
308,0.004,0.,0.004,0.006,0.,0.006,0.004,0.,0.004,0.006,0.,0.006,0.004,0.,0.004,0.006,0.,0.006,0.004,0.,0.004,0.,0.,0.,0.,0.,0.,0.,0.,0.,0.,0.,0.,0.,0.,0.,0.,0.,0.
312,0.004,0.,0.004,0.006,0.,0.006,0.004,0.,0.004,0.006,0.,0.006,0.004,0.,0.004,0.006,0.,0.006,0.004,0.,0.004,0.,0.,0.,0.,0.,0.,0.,0.,0.,0.,0.,0.,0.,0.,0.,0.,0.,0.
316,0.004,0.,0.004,0.006,0.,0.006,0.004,0.,0.004,0.006,0.,0.006,0.004,0.,0.004,0.006,0.,0.006,0.004,0.,0.004,0.,0.,0.,0.,0.,0.,0.,0.,0.,0.,0.,0.,0.,0.,0.,0.,0.,0.
320,0.004,0.,0.004,0.007,0.,0.007,0.004,0.,0.004,0.006,0.,0.006,0.005,0.,0.005,0.006,0.,0.006,0.004,0.,0.004,0.,0.,0.,0.,0.,0.,0.,0.,0.,0.,0.,0.,0.,0.,0.,0.,0.,0.
324,0.004,0.,0.004,0.007,0.,0.007,0.004,0.,0.004,0.006,0.,0.006,0.004,0.,0.004,0.006,0.,0.006,0.004,0.,0.004,0.,0.,0.,0.,0.,0.,0.,0.,0.,0.,0.,0.,0.,0.,0.,0.,0.,0.
328,0.004,0.,0.004,0.007,0.,0.007,0.004,0.,0.004,0.007,0.,0.007,0.005,0.,0.005,0.007,0.,0.007,0.004,0.,0.004,0.,0.,0.,0.,0.,0.,0.,0.,0.,0.,0.,0.,0.,0.,0.,0.,0.,0.
332,0.004,0.,0.004,0.007,0.,0.007,0.004,0.,0.004,0.007,0.,0.007,0.004,0.,0.004,0.007,0.,0.007,0.004,0.,0.004,0.,0.,0.,0.,0.,0.,0.,0.,0.,0.,0.,0.,0.,0.,0.,0.,0.,0.
336,0.004,0.,0.004,0.007,0.,0.007,0.004,0.,0.004,0.007,0.,0.007,0.005,0.,0.005,0.007,0.,0.007,0.004,0.,0.004,0.,0.,0.,0.,0.,0.,0.,0.,0.,0.,0.,0.,0.,0.,0.,0.,0.,0.
340,0.004,0.,0.004,0.007,0.,0.007,0.005,0.,0.005,0.007,0.,0.007,0.005,0.,0.005,0.008,0.,0.008,0.004,0.,0.004,0.,0.,0.,0.,0.,0.,0.,0.,0.,0.,0.,0.,0.,0.,0.,0.,0.,0.
344,0.005,0.,0.005,0.007,0.,0.007,0.005,0.,0.005,0.007,0.,0.007,0.004,0.,0.004,0.007,0.,0.007,0.004,0.,0.004,0.,0.,0.,0.,0.,0.,0.,0.,0.,0.,0.,0.,0.,0.,0.,0.,0.,0.
348,0.005,0.,0.005,0.007,0.,0.007,0.004,0.,0.004,0.007,0.,0.007,0.005,0.,0.005,0.007,0.,0.007,0.005,0.,0.005,0.,0.,0.,0.,0.,0.,0.,0.,0.,0.,0.,0.,0.,0.,0.,0.,0.,0.
350,0.004,0.,0.004,0.007,0.,0.007,0.005,0.,0.005,0.008,0.,0.008,0.004,0.,0.004,0.008,0.,0.008,0.004,0.,0.004,0.,0.,0.,0.,0.,0.,0.,0.,0.,0.,0.,0.,0.,0.,0.,0.,0.,0.
352,0.005,0.,0.005,0.008,0.,0.008,0.005,0.,0.005,0.007,0.,0.007,0.005,0.,0.005,0.007,0.,0.007,0.005,0.,0.005,0.,0.,0.,0.,0.,0.,0.,0.,0.,0.,0.,0.,0.,0.,0.,0.,0.,0.
356,0.005,0.,0.005,0.008,0.,0.008,0.005,0.,0.005,0.008,0.,0.008,0.005,0.,0.005,0.008,0.,0.008,0.005,0.,0.005,0.,0.,0.,0.,0.,0.,0.,0.,0.,0.,0.,0.,0.,0.,0.,0.,0.,0.
360,0.005,0.,0.005,0.008,0.,0.008,0.005,0.,0.005,0.008,0.,0.008,0.005,0.,0.005,0.008,0.,0.008,0.005,0.,0.005,0.,0.,0.,0.,0.,0.,0.,0.,0.,0.,0.,0.,0.,0.,0.,0.,0.,0.
364,0.005,0.,0.005,0.008,0.,0.008,0.005,0.,0.005,0.008,0.,0.008,0.005,0.,0.005,0.008,0.,0.008,0.005,0.,0.005,0.,0.,0.,0.,0.,0.,0.,0.,0.,0.,0.,0.,0.,0.,0.,0.,0.,0.
368,0.005,0.,0.005,0.009,0.,0.009,0.005,0.,0.005,0.008,0.,0.008,0.005,0.,0.005,0.008,0.,0.007,0.005,0.,0.005,0.,0.,0.,0.,0.,0.,0.,0.,0.,0.,0.,0.,0.,0.,0.,0.,0.,0.
372,0.005,0.,0.005,0.009,0.,0.009,0.005,0.,0.005,0.008,0.,0.008,0.005,0.,0.005,0.008,0.,0.008,0.005,0.,0.005,0.,0.,0.,0.,0.,0.,0.,0.,0.,0.,0.,0.,0.,0.,0.,0.,0.,0.
376,0.005,0.,0.005,0.009,0.,0.009,0.005,0.,0.005,0.008,0.,0.008,0.005,0.,0.005,0.008,0.,0.008,0.005,0.,0.005,0.,0.,0.,0.,0.,0.,0.,0.,0.,0.,0.,0.,0.,0.,0.,0.,0.,0.
380,0.005,0.,0.005,0.009,0.,0.009,0.005,0.,0.005,0.008,0.,0.008,0.005,0.,0.005,0.008,0.,0.008,0.006,0.,0.006,0.,0.,0.,0.,0.,0.,0.,0.,0.,0.,0.,0.,0.,0.,0.,0.,0.,0.
384,0.005,0.,0.005,0.009,0.,0.009,0.005,0.,0.005,0.009,0.,0.009,0.005,0.,0.005,0.009,0.,0.009,0.005,0.,0.005,0.,0.,0.,0.,0.,0.,0.,0.,0.,0.,0.,0.,0.,0.,0.,0.,0.,0.
388,0.006,0.,0.006,0.009,0.,0.009,0.005,0.,0.005,0.009,0.,0.009,0.006,0.,0.006,0.009,0.,0.009,0.006,0.,0.006,0.,0.,0.,0.,0.,0.,0.,0.,0.,0.,0.,0.,0.,0.,0.,0.,0.,0.
392,0.005,0.,0.005,0.009,0.,0.009,0.005,0.,0.005,0.009,0.,0.009,0.006,0.,0.006,0.01,0.,0.01,0.005,0.,0.005,0.,0.,0.,0.,0.,0.,0.,0.,0.,0.,0.,0.,0.,0.,0.,0.,0.,0.
396,0.006,0.,0.006,0.009,0.,0.009,0.006,0.,0.006,0.009,0.,0.009,0.006,0.,0.006,0.009,0.,0.009,0.006,0.,0.006,0.,0.,0.,0.,0.,0.,0.,0.,0.,0.,0.,0.,0.,0.,0.,0.,0.,0.
400,0.006,0.,0.006,0.009,0.,0.009,0.006,0.,0.006,0.009,0.,0.009,0.006,0.,0.006,0.009,0.,0.009,0.006,0.,0.006,0.,0.,0.,0.,0.,0.,0.,0.,0.,0.,0.,0.,0.,0.,0.,0.,0.,0.
404,0.006,0.,0.006,0.01,0.,0.01,0.006,0.,0.006,0.009,0.,0.009,0.006,0.,0.006,0.009,0.,0.008,0.006,0.,0.006,0.,0.,0.,0.,0.,0.,0.,0.,0.,0.,0.,0.,0.,0.,0.,0.,0.,0.
408,0.006,0.,0.006,0.01,0.,0.01,0.006,0.,0.006,0.009,0.,0.009,0.006,0.,0.006,0.009,0.,0.009,0.006,0.,0.006,0.,0.,0.,0.,0.,0.,0.,0.,0.,0.,0.,0.,0.,0.,0.,0.,0.,0.
412,0.007,0.,0.007,0.01,0.,0.01,0.006,0.,0.006,0.01,0.,0.01,0.006,0.,0.006,0.01,0.,0.01,0.006,0.,0.006,0.,0.,0.,0.,0.,0.,0.,0.,0.,0.,0.,0.,0.,0.,0.,0.,0.,0.
416,0.006,0.,0.006,0.01,0.,0.01,0.006,0.,0.006,0.011,0.,0.011,0.006,0.,0.006,0.01,0.,0.01,0.006,0.,0.006,0.,0.,0.,0.,0.,0.,0.,0.,0.,0.,0.,0.,0.,0.,0.,0.,0.,0.
420,0.006,0.,0.006,0.01,0.,0.01,0.006,0.,0.006,0.01,0.,0.01,0.006,0.,0.006,0.01,0.,0.01,0.006,0.,0.006,0.,0.,0.,0.,0.,0.,0.,0.,0.,0.,0.,0.,0.,0.,0.,0.,0.,0.
424,0.006,0.,0.006,0.011,0.,0.011,0.006,0.,0.006,0.01,0.,0.01,0.007,0.,0.007,0.01,0.,0.01,0.006,0.,0.006,0.,0.,0.,0.,0.,0.,0.,0.,0.,0.,0.,0.,0.,0.,0.,0.,0.,0.
428,0.006,0.,0.006,0.011,0.,0.011,0.007,0.,0.007,0.01,0.,0.01,0.007,0.,0.007,0.011,0.,0.011,0.007,0.,0.007,0.,0.,0.,0.,0.,0.,0.,0.,0.,0.,0.,0.,0.,0.,0.,0.,0.,0.
432,0.006,0.,0.006,0.01,0.,0.01,0.006,0.,0.006,0.01,0.,0.01,0.007,0.,0.007,0.01,0.,0.01,0.007,0.,0.006,0.,0.,0.,0.,0.,0.,0.,0.,0.,0.,0.,0.,0.,0.,0.,0.,0.,0.
436,0.007,0.,0.007,0.011,0.,0.011,0.007,0.,0.007,0.011,0.,0.011,0.007,0.,0.007,0.011,0.,0.011,0.008,0.,0.008,0.,0.,0.,0.,0.,0.,0.,0.,0.,0.,0.,0.,0.,0.,0.,0.,0.,0.
440,0.007,0.,0.007,0.011,0.,0.011,0.007,0.,0.007,0.011,0.,0.011,0.007,0.,0.007,0.011,0.,0.011,0.007,0.,0.007,0.,0.,0.,0.,0.,0.,0.,0.,0.,0.,0.,0.,0.,0.,0.,0.,0.,0.
444,0.007,0.,0.007,0.011,0.,0.011,0.007,0.,0.007,0.011,0.,0.011,0.007,0.,0.007,0.011,0.,0.011,0.007,0.,0.007,0.,0.,0.,0.,0.,0.,0.,0.,0.,0.,0.,0.,0.,0.,0.,0.,0.,0.
448,0.007,0.,0.007,0.011,0.,0.011,0.007,0.,0.007,0.011,0.,0.011,0.007,0.,0.007,0.011,0.,0.011,0.008,0.,0.008,0.,0.,0.,0.,0.,0.,0.,0.,0.,0.,0.,0.,0.,0.,0.,0.,0.,0.
452,0.007,0.,0.007,0.012,0.,0.012,0.007,0.,0.007,0.011,0.,0.011,0.007,0.,0.007,0.012,0.,0.012,0.007,0.,0.007,0.,0.,0.,0.,0.,0.,0.,0.,0.,0.,0.,0.,0.,0.,0.,0.,0.,0.
456,0.007,0.,0.007,0.012,0.,0.011,0.007,0.,0.007,0.011,0.,0.011,0.007,0.,0.007,0.011,0.,0.011,0.007,0.,0.007,0.,0.,0.,0.,0.,0.,0.,0.,0.,0.,0.,0.,0.,0.,0.,0.,0.,0.
460,0.007,0.,0.007,0.012,0.,0.012,0.007,0.,0.007,0.012,0.,0.012,0.008,0.,0.008,0.012,0.,0.012,0.008,0.,0.008,0.,0.,0.,0.,0.,0.,0.,0.,0.,0.,0.,0.,0.,0.,0.,0.,0.,0.
464,0.007,0.,0.007,0.012,0.,0.012,0.008,0.,0.008,0.012,0.,0.012,0.008,0.,0.008,0.012,0.,0.012,0.008,0.,0.008,0.,0.,0.,0.,0.,0.,0.,0.,0.,0.,0.,0.,0.,0.,0.,0.,0.,0.
468,0.007,0.,0.007,0.012,0.,0.012,0.007,0.,0.007,0.012,0.,0.012,0.007,0.,0.007,0.012,0.,0.012,0.008,0.,0.008,0.,0.,0.,0.,0.,0.,0.,0.,0.,0.,0.,0.,0.,0.,0.,0.,0.,0.
472,0.008,0.,0.008,0.013,0.,0.013,0.008,0.,0.008,0.015,0.,0.015,0.008,0.,0.008,0.012,0.,0.012,0.008,0.,0.008,0.,0.,0.,0.,0.,0.,0.,0.,0.,0.,0.,0.,0.,0.,0.,0.,0.,0.
476,0.008,0.,0.007,0.013,0.,0.013,0.008,0.,0.008,0.012,0.,0.012,0.008,0.,0.008,0.012,0.,0.012,0.008,0.,0.008,0.,0.,0.,0.,0.,0.,0.,0.,0.,0.,0.,0.,0.,0.,0.,0.,0.,0.
480,0.008,0.,0.008,0.013,0.,0.012,0.008,0.,0.008,0.012,0.,0.012,0.008,0.,0.008,0.012,0.,0.012,0.008,0.,0.008,0.,0.,0.,0.,0.,0.,0.,0.,0.,0.,0.,0.,0.,0.,0.,0.,0.,0.
484,0.008,0.,0.008,0.013,0.,0.013,0.008,0.,0.008,0.013,0.,0.013,0.008,0.,0.008,0.013,0.,0.013,0.008,0.,0.008,0.,0.,0.,0.,0.,0.,0.,0.,0.,0.,0.,0.,0.,0.,0.,0.,0.,0.
488,0.008,0.,0.008,0.013,0.,0.013,0.008,0.,0.008,0.013,0.,0.013,0.009,0.,0.009,0.013,0.,0.013,0.008,0.,0.008,0.,0.,0.,0.,0.,0.,0.,0.,0.,0.,0.,0.,0.,0.,0.,0.,0.,0.
492,0.008,0.,0.008,0.013,0.,0.013,0.008,0.,0.008,0.014,0.,0.014,0.008,0.,0.008,0.013,0.,0.013,0.008,0.,0.008,0.,0.,0.,0.,0.,0.,0.,0.,0.,0.,0.,0.,0.,0.,0.,0.,0.,0.
496,0.008,0.,0.008,0.014,0.,0.014,0.009,0.,0.009,0.013,0.,0.013,0.009,0.,0.009,0.013,0.,0.013,0.009,0.,0.009,0.,0.,0.,0.,0.,0.,0.,0.,0.,0.,0.,0.,0.,0.,0.,0.,0.,0.
500,0.009,0.,0.009,0.014,0.,0.014,0.009,0.,0.009,0.013,0.,0.013,0.009,0.,0.009,0.013,0.,0.013,0.009,0.,0.009,0.,0.,0.,0.,0.,0.,0.,0.,0.,0.,0.,0.,0.,0.,0.,0.,0.,0.
504,0.008,0.,0.008,0.014,0.,0.014,0.008,0.,0.008,0.014,0.,0.014,0.009,0.,0.009,0.014,0.,0.014,0.009,0.,0.009,0.,0.,0.,0.,0.,0.,0.,0.,0.,0.,0.,0.,0.,0.,0.,0.,0.,0.
508,0.009,0.,0.009,0.014,0.,0.014,0.009,0.,0.009,0.014,0.,0.014,0.008,0.,0.008,0.014,0.,0.014,0.009,0.,0.009,0.,0.,0.,0.,0.,0.,0.,0.,0.,0.,0.,0.,0.,0.,0.,0.,0.,0.
512,0.009,0.,0.009,0.015,0.,0.015,0.009,0.,0.009,0.014,0.,0.014,0.009,0.,0.009,0.014,0.,0.014,0.009,0.,0.009,0.,0.,0.,0.,0.,0.,0.,0.,0.,0.,0.,0.,0.,0.,0.,0.,0.,0.
516,0.009,0.,0.009,0.014,0.,0.014,0.009,0.,0.009,0.014,0.,0.014,0.009,0.,0.009,0.014,0.,0.014,0.009,0.,0.009,0.,0.,0.,0.,0.,0.,0.,0.,0.,0.,0.,0.,0.,0.,0.,0.,0.,0.
520,0.009,0.,0.009,0.015,0.,0.015,0.009,0.,0.009,0.014,0.,0.014,0.009,0.,0.009,0.014,0.,0.014,0.009,0.,0.009,0.,0.,0.,0.,0.,0.,0.,0.,0.,0.,0.,0.,0.,0.,0.,0.,0.,0.
524,0.009,0.,0.009,0.015,0.,0.015,0.009,0.,0.009,0.015,0.,0.015,0.009,0.,0.009,0.014,0.,0.014,0.009,0.,0.009,0.,0.,0.,0.,0.,0.,0.,0.,0.,0.,0.,0.,0.,0.,0.,0.,0.,0.
528,0.009,0.,0.009,0.016,0.,0.016,0.009,0.,0.009,0.015,0.,0.015,0.009,0.,0.009,0.015,0.,0.015,0.009,0.,0.009,0.,0.,0.,0.,0.,0.,0.,0.,0.,0.,0.,0.,0.,0.,0.,0.,0.,0.
532,0.009,0.,0.009,0.015,0.,0.015,0.009,0.,0.009,0.015,0.,0.015,0.009,0.,0.009,0.015,0.,0.015,0.009,0.,0.009,0.,0.,0.,0.,0.,0.,0.,0.,0.,0.,0.,0.,0.,0.,0.,0.,0.,0.
536,0.01,0.,0.01,0.016,0.,0.016,0.01,0.,0.01,0.015,0.,0.015,0.009,0.,0.009,0.015,0.,0.015,0.009,0.,0.009,0.,0.,0.,0.,0.,0.,0.,0.,0.,0.,0.,0.,0.,0.,0.,0.,0.,0.
540,0.01,0.,0.01,0.016,0.,0.016,0.01,0.,0.01,0.016,0.,0.016,0.011,0.,0.011,0.016,0.,0.016,0.01,0.,0.01,0.,0.,0.,0.,0.,0.,0.,0.,0.,0.,0.,0.,0.,0.,0.,0.,0.,0.
544,0.01,0.,0.009,0.016,0.,0.016,0.01,0.,0.01,0.015,0.,0.015,0.01,0.,0.01,0.015,0.,0.015,0.01,0.,0.01,0.,0.,0.,0.,0.,0.,0.,0.,0.,0.,0.,0.,0.,0.,0.,0.,0.,0.
548,0.01,0.,0.01,0.016,0.,0.016,0.01,0.,0.01,0.016,0.,0.016,0.01,0.,0.01,0.016,0.,0.016,0.01,0.,0.01,0.,0.,0.,0.,0.,0.,0.,0.,0.,0.,0.,0.,0.,0.,0.,0.,0.,0.
552,0.01,0.,0.01,0.016,0.,0.016,0.01,0.,0.01,0.016,0.,0.016,0.01,0.,0.01,0.016,0.,0.016,0.01,0.,0.01,0.,0.,0.,0.,0.,0.,0.,0.,0.,0.,0.,0.,0.,0.,0.,0.,0.,0.
556,0.01,0.,0.01,0.017,0.,0.017,0.01,0.,0.01,0.016,0.,0.016,0.01,0.,0.01,0.016,0.,0.016,0.01,0.,0.01,0.,0.,0.,0.,0.,0.,0.,0.,0.,0.,0.,0.,0.,0.,0.,0.,0.,0.
560,0.01,0.,0.01,0.017,0.,0.017,0.01,0.,0.01,0.016,0.,0.016,0.012,0.,0.012,0.016,0.,0.016,0.011,0.,0.011,0.,0.,0.,0.,0.,0.,0.,0.,0.,0.,0.,0.,0.,0.,0.,0.,0.,0.
564,0.01,0.,0.01,0.017,0.,0.017,0.01,0.,0.01,0.017,0.,0.017,0.01,0.,0.01,0.017,0.,0.017,0.011,0.,0.011,0.,0.,0.,0.,0.,0.,0.,0.,0.,0.,0.,0.,0.,0.,0.,0.,0.,0.
568,0.01,0.,0.01,0.018,0.,0.018,0.01,0.,0.01,0.016,0.,0.016,0.01,0.,0.01,0.017,0.,0.017,0.01,0.,0.01,0.,0.,0.,0.,0.,0.,0.,0.,0.,0.,0.,0.,0.,0.,0.,0.,0.,0.
572,0.01,0.,0.01,0.018,0.,0.018,0.01,0.,0.01,0.017,0.,0.017,0.01,0.,0.01,0.017,0.,0.017,0.01,0.,0.01,0.,0.,0.,0.,0.,0.,0.,0.,0.,0.,0.,0.,0.,0.,0.,0.,0.,0.
576,0.01,0.,0.01,0.018,0.,0.018,0.011,0.,0.011,0.017,0.,0.017,0.011,0.,0.011,0.017,0.,0.017,0.011,0.,0.011,0.,0.,0.,0.,0.,0.,0.,0.,0.,0.,0.,0.,0.,0.,0.,0.,0.,0.
580,0.011,0.,0.011,0.018,0.,0.018,0.011,0.,0.011,0.017,0.,0.017,0.011,0.,0.011,0.017,0.,0.017,0.011,0.,0.011,0.,0.,0.,0.,0.,0.,0.,0.,0.,0.,0.,0.,0.,0.,0.,0.,0.,0.
584,0.011,0.,0.011,0.018,0.,0.018,0.011,0.,0.011,0.017,0.,0.016,0.011,0.,0.011,0.017,0.,0.017,0.011,0.,0.011,0.,0.,0.,0.,0.,0.,0.,0.,0.,0.,0.,0.,0.,0.,0.,0.,0.,0.
588,0.011,0.,0.011,0.018,0.,0.018,0.011,0.,0.011,0.017,0.,0.017,0.011,0.,0.011,0.018,0.,0.018,0.011,0.,0.011,0.,0.,0.,0.,0.,0.,0.,0.,0.,0.,0.,0.,0.,0.,0.,0.,0.,0.
592,0.011,0.,0.011,0.018,0.,0.018,0.011,0.,0.011,0.018,0.,0.018,0.012,0.,0.012,0.018,0.,0.018,0.011,0.,0.011,0.,0.,0.,0.,0.,0.,0.,0.,0.,0.,0.,0.,0.,0.,0.,0.,0.,0.
596,0.012,0.,0.012,0.019,0.,0.019,0.012,0.,0.012,0.018,0.,0.018,0.012,0.,0.012,0.018,0.,0.018,0.012,0.,0.012,0.,0.,0.,0.,0.,0.,0.,0.,0.,0.,0.,0.,0.,0.,0.,0.,0.,0.
600,0.011,0.,0.011,0.019,0.,0.019,0.011,0.,0.011,0.018,0.,0.018,0.011,0.,0.011,0.018,0.,0.018,0.011,0.,0.011,0.,0.,0.,0.,0.,0.,0.,0.,0.,0.,0.,0.,0.,0.,0.,0.,0.,0.
604,0.012,0.,0.012,0.019,0.,0.019,0.012,0.,0.012,0.019,0.,0.019,0.012,0.,0.012,0.018,0.,0.018,0.012,0.,0.012,0.,0.,0.,0.,0.,0.,0.,0.,0.,0.,0.,0.,0.,0.,0.,0.,0.,0.
608,0.012,0.,0.012,0.019,0.,0.019,0.012,0.,0.012,0.019,0.,0.019,0.012,0.,0.012,0.019,0.,0.019,0.012,0.,0.012,0.,0.,0.,0.,0.,0.,0.,0.,0.,0.,0.,0.,0.,0.,0.,0.,0.,0.
612,0.012,0.,0.012,0.019,0.,0.019,0.012,0.,0.012,0.019,0.,0.019,0.012,0.,0.012,0.019,0.,0.019,0.012,0.,0.012,0.,0.,0.,0.,0.,0.,0.,0.,0.,0.,0.,0.,0.,0.,0.,0.,0.,0.
616,0.012,0.,0.012,0.02,0.,0.02,0.012,0.,0.012,0.019,0.,0.019,0.012,0.,0.012,0.019,0.,0.019,0.012,0.,0.012,0.,0.,0.,0.,0.,0.,0.,0.,0.,0.,0.,0.,0.,0.,0.,0.,0.,0.
620,0.012,0.,0.012,0.02,0.,0.02,0.013,0.,0.013,0.02,0.,0.02,0.012,0.,0.012,0.02,0.,0.02,0.012,0.,0.012,0.,0.,0.,0.,0.,0.,0.,0.,0.,0.,0.,0.,0.,0.,0.,0.,0.,0.
624,0.013,0.,0.013,0.02,0.,0.02,0.012,0.,0.012,0.019,0.,0.019,0.012,0.,0.012,0.019,0.,0.019,0.012,0.,0.012,0.,0.,0.,0.,0.,0.,0.,0.,0.,0.,0.,0.,0.,0.,0.,0.,0.,0.
628,0.013,0.,0.013,0.02,0.,0.02,0.013,0.,0.013,0.02,0.,0.02,0.013,0.,0.013,0.02,0.,0.02,0.012,0.,0.012,0.,0.,0.,0.,0.,0.,0.,0.,0.,0.,0.,0.,0.,0.,0.,0.,0.,0.
632,0.013,0.,0.013,0.021,0.,0.021,0.014,0.,0.014,0.02,0.,0.02,0.013,0.,0.013,0.022,0.,0.022,0.013,0.,0.013,0.,0.,0.,0.,0.,0.,0.,0.,0.,0.,0.,0.,0.,0.,0.,0.,0.,0.
636,0.013,0.,0.013,0.021,0.,0.021,0.014,0.,0.014,0.02,0.,0.02,0.013,0.,0.013,0.02,0.,0.02,0.014,0.,0.014,0.,0.,0.,0.,0.,0.,0.,0.,0.,0.,0.,0.,0.,0.,0.,0.,0.,0.
640,0.013,0.,0.013,0.021,0.,0.021,0.013,0.,0.013,0.021,0.,0.021,0.013,0.,0.013,0.021,0.,0.021,0.014,0.,0.014,0.,0.,0.,0.,0.,0.,0.,0.,0.,0.,0.,0.,0.,0.,0.,0.,0.,0.
644,0.013,0.,0.013,0.021,0.,0.021,0.013,0.,0.013,0.02,0.,0.02,0.014,0.,0.014,0.021,0.,0.021,0.013,0.,0.013,0.,0.,0.,0.,0.,0.,0.,0.,0.,0.,0.,0.,0.,0.,0.,0.,0.,0.
648,0.012,0.,0.012,0.02,0.,0.02,0.012,0.,0.012,0.02,0.,0.02,0.012,0.,0.012,0.02,0.,0.02,0.013,0.,0.013,0.,0.,0.,0.,0.,0.,0.,0.,0.,0.,0.,0.,0.,0.,0.,0.,0.,0.
652,0.012,0.,0.012,0.02,0.,0.02,0.012,0.,0.012,0.02,0.,0.02,0.012,0.,0.012,0.02,0.,0.02,0.013,0.,0.013,0.,0.,0.,0.,0.,0.,0.,0.,0.,0.,0.,0.,0.,0.,0.,0.,0.,0.
656,0.012,0.,0.012,0.021,0.,0.021,0.012,0.,0.012,0.021,0.,0.021,0.013,0.,0.013,0.022,0.,0.022,0.013,0.,0.013,0.,0.,0.,0.,0.,0.,0.,0.,0.,0.,0.,0.,0.,0.,0.,0.,0.,0.
660,0.013,0.,0.013,0.021,0.,0.021,0.013,0.,0.013,0.021,0.,0.021,0.014,0.,0.014,0.021,0.,0.021,0.015,0.,0.014,0.,0.,0.,0.,0.,0.,0.,0.,0.,0.,0.,0.,0.,0.,0.,0.,0.,0.
664,0.013,0.,0.013,0.021,0.,0.021,0.013,0.,0.013,0.021,0.,0.021,0.013,0.,0.013,0.021,0.,0.021,0.013,0.,0.013,0.,0.,0.,0.,0.,0.,0.,0.,0.,0.,0.,0.,0.,0.,0.,0.,0.,0.
668,0.013,0.,0.013,0.022,0.,0.022,0.013,0.,0.013,0.021,0.,0.021,0.013,0.,0.013,0.021,0.,0.021,0.013,0.,0.013,0.,0.,0.,0.,0.,0.,0.,0.,0.,0.,0.,0.,0.,0.,0.,0.,0.,0.
672,0.014,0.,0.014,0.023,0.,0.023,0.014,0.,0.014,0.022,0.,0.022,0.014,0.,0.014,0.022,0.,0.022,0.014,0.,0.014,0.,0.,0.,0.001,0.,0.001,0.,0.,0.,0.,0.,0.,0.,0.,0.,0.,0.,0.
676,0.014,0.,0.014,0.023,0.,0.023,0.014,0.,0.014,0.023,0.,0.023,0.014,0.,0.014,0.023,0.,0.023,0.015,0.,0.015,0.,0.,0.,0.,0.,0.,0.,0.,0.,0.,0.,0.,0.,0.,0.,0.,0.,0.
680,0.014,0.,0.014,0.023,0.,0.023,0.014,0.,0.014,0.022,0.,0.022,0.014,0.,0.014,0.023,0.,0.023,0.014,0.,0.014,0.,0.,0.,0.,0.,0.,0.,0.,0.,0.,0.,0.,0.,0.,0.,0.,0.,0.
684,0.014,0.,0.014,0.023,0.,0.023,0.014,0.,0.014,0.023,0.,0.023,0.014,0.,0.014,0.023,0.,0.023,0.015,0.,0.015,0.,0.,0.,0.,0.,0.,0.,0.,0.,0.,0.,0.,0.,0.,0.,0.,0.,0.
688,0.014,0.,0.014,0.024,0.,0.024,0.014,0.,0.014,0.023,0.,0.023,0.014,0.,0.014,0.023,0.,0.023,0.015,0.,0.015,0.,0.,0.,0.,0.,0.,0.,0.,0.,0.,0.,0.,0.,0.,0.,0.,0.,0.
692,0.014,0.,0.014,0.024,0.,0.024,0.014,0.,0.014,0.023,0.,0.023,0.014,0.,0.014,0.023,0.,0.023,0.015,0.,0.015,0.,0.,0.,0.,0.,0.,0.,0.,0.,0.,0.,0.,0.,0.,0.,0.,0.,0.
696,0.015,0.,0.015,0.025,0.,0.025,0.015,0.,0.015,0.026,0.,0.026,0.016,0.,0.016,0.024,0.,0.024,0.015,0.,0.015,0.,0.,0.,0.,0.,0.,0.,0.,0.,0.,0.,0.,0.,0.,0.,0.,0.,0.
700,0.015,0.,0.015,0.024,0.,0.024,0.015,0.,0.015,0.024,0.,0.024,0.016,0.,0.016,0.023,0.,0.023,0.015,0.,0.015,0.,0.,0.,0.,0.,0.,0.,0.,0.,0.,0.,0.,0.,0.,0.,0.,0.,0.
704,0.016,0.,0.016,0.025,0.,0.025,0.016,0.,0.016,0.024,0.,0.024,0.016,0.,0.016,0.024,0.,0.024,0.016,0.,0.016,0.,0.,0.,0.,0.,0.,0.,0.,0.,0.,0.,0.,0.,0.,0.,0.,0.,0.
708,0.015,0.,0.015,0.024,0.,0.024,0.016,0.,0.016,0.024,0.,0.024,0.016,0.,0.016,0.024,0.,0.024,0.015,0.,0.015,0.,0.,0.,0.,0.,0.,0.,0.,0.,0.,0.,0.,0.,0.,0.,0.,0.,0.
712,0.016,0.,0.016,0.026,0.,0.026,0.016,0.,0.016,0.025,0.,0.025,0.016,0.,0.016,0.024,0.,0.024,0.016,0.,0.016,0.,0.,0.,0.,0.,0.,0.,0.,0.,0.,0.,0.,0.,0.,0.,0.,0.,0.
716,0.017,0.,0.016,0.025,0.,0.025,0.016,0.,0.016,0.025,0.,0.025,0.016,0.,0.016,0.025,0.,0.025,0.016,0.,0.016,0.,0.,0.,0.,0.,0.,0.,0.,0.,0.,0.,0.,0.,0.,0.,0.,0.,0.
720,0.016,0.,0.016,0.026,0.,0.026,0.017,0.,0.017,0.025,0.,0.025,0.017,0.,0.017,0.025,0.,0.025,0.016,0.,0.016,0.,0.,0.,0.,0.,0.,0.,0.,0.,0.,0.,0.,0.,0.,0.,0.,0.,0.
724,0.016,0.,0.016,0.025,0.,0.025,0.017,0.,0.017,0.024,0.,0.024,0.016,0.,0.016,0.024,0.,0.024,0.017,0.,0.017,0.,0.,0.,0.,0.,0.,0.,0.,0.,0.,0.,0.,0.,0.,0.,0.,0.,0.
728,0.015,0.,0.015,0.025,0.,0.025,0.015,0.,0.015,0.024,0.,0.024,0.015,0.,0.015,0.025,0.,0.025,0.015,0.,0.015,0.,0.,0.,0.,0.,0.,0.,0.,0.,0.,0.,0.,0.,0.,0.,0.,0.,0.
732,0.017,0.,0.017,0.027,0.,0.027,0.017,0.,0.017,0.026,0.,0.026,0.017,0.,0.017,0.026,0.,0.025,0.017,0.,0.017,0.,0.,0.,0.,0.,0.,0.,0.,0.,0.,0.,0.,0.,0.,0.,0.,0.,0.
736,0.017,0.,0.017,0.028,0.,0.028,0.018,0.,0.018,0.027,0.,0.027,0.018,0.,0.018,0.026,0.,0.026,0.017,0.,0.017,0.,0.,0.,0.,0.,0.,0.,0.,0.,0.,0.,0.,0.,0.,0.,0.,0.,0.
740,0.017,0.,0.017,0.027,0.,0.027,0.017,0.,0.017,0.026,0.,0.026,0.017,0.,0.017,0.026,0.,0.026,0.016,0.,0.016,0.,0.,0.,0.,0.,0.,0.,0.,0.,0.,0.,0.,0.,0.,0.,0.,0.,0.
744,0.017,0.,0.017,0.027,0.,0.027,0.017,0.,0.017,0.027,0.,0.027,0.017,0.,0.017,0.027,0.,0.027,0.017,0.,0.017,0.,0.,0.,0.,0.,0.,0.,0.,0.,0.,0.,0.,0.,0.,0.,0.,0.,0.
748,0.017,0.,0.017,0.027,0.,0.027,0.017,0.,0.017,0.026,0.,0.026,0.017,0.,0.017,0.026,0.,0.026,0.018,0.,0.018,0.,0.,0.,0.,0.,0.,0.,0.,0.,0.,0.,0.,0.,0.,0.,0.,0.,0.
752,0.017,0.,0.017,0.027,0.,0.027,0.019,0.,0.019,0.027,0.,0.027,0.019,0.,0.019,0.027,0.,0.027,0.018,0.,0.018,0.,0.,0.,0.,0.,0.,0.,0.,0.,0.,0.,0.,0.,0.,0.,0.,0.,0.
756,0.018,0.,0.018,0.028,0.,0.028,0.018,0.,0.018,0.027,0.,0.027,0.018,0.,0.018,0.028,0.,0.028,0.018,0.,0.018,0.,0.,0.,0.,0.,0.,0.,0.,0.,0.,0.,0.,0.,0.,0.,0.,0.,0.
760,0.018,0.,0.018,0.028,0.,0.028,0.017,0.,0.017,0.027,0.,0.027,0.017,0.,0.017,0.028,0.,0.028,0.017,0.,0.017,0.,0.,0.,0.,0.,0.,0.,0.,0.,0.,0.,0.,0.,0.,0.,0.,0.,0.
764,0.017,0.,0.017,0.029,0.,0.029,0.018,0.,0.018,0.028,0.,0.028,0.02,0.,0.02,0.029,0.,0.029,0.018,0.,0.018,0.,0.,0.,0.,0.,0.,0.,0.,0.,0.,0.,0.,0.,0.,0.,0.,0.,0.
768,0.018,0.,0.018,0.029,0.,0.029,0.018,0.,0.018,0.028,0.,0.028,0.018,0.,0.018,0.028,0.,0.028,0.019,0.,0.019,0.,0.,0.,0.,0.,0.,0.,0.,0.,0.,0.,0.,0.,0.,0.,0.,0.,0.
772,0.016,0.,0.016,0.027,0.,0.027,0.016,0.,0.016,0.028,0.,0.028,0.016,0.,0.016,0.027,0.,0.027,0.016,0.,0.016,0.,0.,0.,0.,0.,0.,0.,0.,0.,0.,0.,0.,0.,0.,0.,0.,0.,0.
776,0.017,0.,0.017,0.027,0.,0.027,0.017,0.,0.017,0.028,0.,0.028,0.016,0.,0.016,0.028,0.,0.028,0.017,0.,0.017,0.,0.,0.,0.,0.,0.,0.,0.,0.,0.,0.,0.,0.,0.,0.,0.,0.,0.
780,0.017,0.,0.017,0.028,0.,0.028,0.017,0.,0.017,0.027,0.,0.027,0.017,0.,0.017,0.027,0.,0.027,0.017,0.,0.017,0.,0.,0.,0.,0.,0.,0.,0.,0.,0.,0.,0.,0.,0.,0.,0.,0.,0.
784,0.017,0.,0.017,0.03,0.,0.03,0.017,0.,0.017,0.028,0.,0.028,0.017,0.,0.017,0.028,0.,0.028,0.017,0.,0.017,0.,0.,0.,0.,0.,0.,0.,0.,0.,0.,0.,0.,0.,0.,0.,0.,0.,0.
788,0.017,0.,0.017,0.028,0.,0.028,0.017,0.,0.017,0.028,0.,0.028,0.017,0.,0.017,0.028,0.,0.028,0.017,0.,0.017,0.,0.,0.,0.,0.,0.,0.,0.,0.,0.,0.,0.,0.,0.,0.,0.,0.,0.
792,0.017,0.,0.017,0.03,0.,0.029,0.017,0.,0.017,0.029,0.,0.029,0.017,0.,0.017,0.029,0.,0.029,0.017,0.,0.017,0.,0.,0.,0.,0.,0.,0.,0.,0.,0.,0.,0.,0.,0.,0.,0.,0.,0.
796,0.017,0.,0.017,0.03,0.,0.03,0.017,0.,0.017,0.028,0.,0.028,0.017,0.,0.017,0.029,0.,0.029,0.017,0.,0.017,0.,0.,0.,0.,0.,0.,0.,0.,0.,0.,0.,0.,0.,0.,0.,0.,0.,0.
800,0.017,0.,0.017,0.029,0.,0.029,0.017,0.,0.017,0.029,0.,0.029,0.017,0.,0.017,0.029,0.,0.029,0.019,0.,0.019,0.,0.,0.,0.,0.,0.,0.,0.,0.,0.,0.,0.,0.,0.,0.,0.,0.,0.
804,0.017,0.,0.017,0.034,0.,0.034,0.018,0.,0.018,0.031,0.,0.031,0.017,0.,0.017,0.031,0.,0.031,0.018,0.,0.018,0.,0.,0.,0.,0.,0.,0.,0.,0.,0.,0.,0.,0.,0.,0.,0.,0.,0.
808,0.019,0.,0.019,0.031,0.,0.031,0.019,0.,0.019,0.031,0.,0.031,0.019,0.,0.019,0.031,0.,0.031,0.019,0.,0.019,0.,0.,0.,0.,0.,0.,0.,0.,0.,0.,0.,0.,0.,0.,0.,0.,0.,0.
812,0.019,0.,0.019,0.034,0.,0.034,0.019,0.,0.019,0.031,0.,0.031,0.019,0.,0.019,0.031,0.,0.031,0.019,0.,0.019,0.,0.,0.,0.,0.,0.,0.,0.,0.,0.,0.,0.,0.,0.,0.,0.,0.,0.
816,0.019,0.,0.019,0.034,0.,0.034,0.019,0.,0.019,0.031,0.,0.031,0.019,0.,0.019,0.031,0.,0.031,0.019,0.,0.019,0.,0.,0.,0.,0.,0.,0.,0.,0.,0.,0.,0.,0.,0.,0.,0.,0.,0.
820,0.019,0.,0.019,0.033,0.,0.033,0.02,0.,0.02,0.031,0.,0.031,0.019,0.,0.019,0.031,0.,0.031,0.02,0.,0.02,0.,0.,0.,0.,0.,0.,0.,0.,0.,0.,0.,0.,0.,0.,0.,0.,0.,0.
824,0.02,0.,0.02,0.032,0.,0.032,0.02,0.,0.02,0.03,0.,0.03,0.022,0.,0.022,0.03,0.,0.03,0.018,0.,0.018,0.,0.,0.,0.,0.,0.,0.,0.,0.,0.,0.,0.,0.,0.,0.,0.,0.,0.
828,0.02,0.,0.02,0.033,0.,0.033,0.02,0.,0.02,0.033,0.,0.033,0.02,0.,0.02,0.032,0.,0.032,0.02,0.,0.02,0.,0.,0.,0.,0.,0.,0.,0.,0.,0.,0.,0.,0.,0.,0.,0.,0.,0.
832,0.02,0.,0.02,0.035,0.,0.035,0.02,0.,0.02,0.032,0.,0.032,0.02,0.,0.02,0.032,0.,0.032,0.02,0.,0.02,0.,0.,0.,0.,0.,0.,0.,0.,0.,0.,0.,0.,0.,0.,0.,0.,0.,0.
836,0.02,0.,0.02,0.033,0.,0.033,0.02,0.,0.02,0.033,0.,0.033,0.02,0.,0.02,0.033,0.,0.033,0.02,0.,0.02,0.,0.,0.,0.,0.,0.,0.,0.,0.,0.,0.,0.,0.,0.,0.,0.,0.,0.
840,0.021,0.,0.021,0.035,0.,0.035,0.022,0.,0.022,0.033,0.,0.033,0.022,0.,0.022,0.033,0.,0.033,0.021,0.,0.021,0.,0.,0.,0.,0.,0.,0.,0.,0.,0.,0.,0.,0.,0.,0.,0.,0.,0.
844,0.021,0.,0.021,0.036,0.,0.036,0.021,0.,0.021,0.036,0.,0.036,0.021,0.,0.021,0.034,0.,0.034,0.021,0.,0.021,0.,0.,0.,0.,0.,0.,0.,0.,0.,0.,0.,0.,0.,0.,0.,0.,0.,0.
848,0.021,0.,0.021,0.035,0.,0.035,0.021,0.,0.021,0.034,0.,0.034,0.021,0.,0.021,0.033,0.,0.033,0.021,0.,0.021,0.,0.,0.,0.,0.,0.,0.,0.,0.,0.,0.,0.,0.,0.,0.,0.,0.,0.
852,0.021,0.,0.021,0.034,0.,0.034,0.021,0.,0.021,0.034,0.,0.034,0.021,0.,0.021,0.034,0.,0.034,0.022,0.,0.022,0.,0.,0.,0.,0.,0.,0.,0.,0.,0.,0.,0.,0.,0.,0.,0.,0.,0.
856,0.021,0.,0.021,0.037,0.,0.037,0.021,0.,0.021,0.034,0.,0.034,0.021,0.,0.021,0.034,0.,0.034,0.021,0.,0.021,0.,0.,0.,0.,0.,0.,0.,0.,0.,0.,0.,0.,0.,0.,0.,0.,0.,0.
860,0.021,0.,0.021,0.036,0.,0.036,0.021,0.,0.021,0.035,0.,0.035,0.021,0.,0.021,0.034,0.,0.034,0.021,0.,0.021,0.,0.,0.,0.,0.,0.,0.,0.,0.,0.,0.,0.,0.,0.,0.,0.,0.,0.
864,0.022,0.,0.022,0.038,0.,0.038,0.022,0.,0.022,0.035,0.,0.035,0.022,0.,0.022,0.035,0.,0.035,0.022,0.,0.022,0.,0.,0.,0.,0.,0.,0.,0.,0.,0.,0.,0.,0.,0.,0.,0.,0.,0.
868,0.021,0.,0.021,0.037,0.,0.037,0.022,0.,0.022,0.034,0.,0.034,0.022,0.,0.022,0.035,0.,0.035,0.021,0.,0.021,0.,0.,0.,0.,0.,0.,0.,0.,0.,0.,0.,0.,0.,0.,0.,0.,0.,0.
872,0.023,0.,0.023,0.038,0.,0.038,0.023,0.,0.023,0.036,0.,0.036,0.023,0.,0.023,0.035,0.,0.035,0.023,0.,0.023,0.,0.,0.,0.,0.,0.,0.,0.,0.,0.,0.,0.,0.,0.,0.,0.,0.,0.
876,0.023,0.,0.023,0.038,0.,0.038,0.023,0.,0.023,0.037,0.,0.037,0.023,0.,0.023,0.037,0.,0.037,0.023,0.,0.023,0.,0.,0.,0.,0.,0.,0.,0.,0.,0.,0.,0.,0.,0.,0.,0.,0.,0.
880,0.022,0.,0.022,0.037,0.,0.037,0.022,0.,0.022,0.035,0.,0.035,0.022,0.,0.022,0.036,0.,0.036,0.022,0.,0.022,0.,0.,0.,0.,0.,0.,0.,0.,0.,0.,0.,0.,0.,0.,0.,0.,0.,0.
884,0.023,0.,0.023,0.037,0.,0.037,0.023,0.,0.023,0.036,0.,0.036,0.022,0.,0.022,0.036,0.,0.036,0.023,0.,0.023,0.,0.,0.,0.,0.,0.,0.,0.,0.,0.,0.,0.,0.,0.,0.,0.,0.,0.
888,0.022,0.,0.022,0.038,0.,0.038,0.025,0.,0.025,0.036,0.,0.036,0.023,0.,0.023,0.037,0.,0.037,0.023,0.,0.023,0.,0.,0.,0.,0.,0.,0.,0.,0.,0.,0.,0.,0.,0.,0.,0.,0.,0.
892,0.023,0.,0.023,0.037,0.,0.037,0.023,0.,0.023,0.038,0.,0.038,0.023,0.,0.023,0.037,0.,0.037,0.023,0.,0.023,0.,0.,0.,0.,0.,0.,0.,0.,0.,0.,0.,0.,0.,0.,0.,0.,0.,0.
896,0.023,0.,0.023,0.039,0.,0.039,0.025,0.,0.025,0.039,0.,0.039,0.024,0.,0.024,0.039,0.,0.039,0.024,0.,0.024,0.,0.,0.,0.,0.,0.,0.,0.,0.,0.,0.,0.,0.,0.,0.,0.,0.,0.
900,0.024,0.,0.024,0.036,0.,0.036,0.025,0.,0.025,0.036,0.,0.036,0.024,0.,0.024,0.035,0.,0.035,0.025,0.,0.025,0.,0.,0.,0.,0.,0.,0.,0.,0.,0.,0.,0.,0.,0.,0.,0.,0.,0.
904,0.022,0.,0.022,0.037,0.,0.037,0.021,0.,0.021,0.036,0.,0.036,0.023,0.,0.023,0.036,0.,0.036,0.022,0.,0.022,0.,0.,0.,0.,0.,0.,0.,0.,0.,0.,0.,0.,0.,0.,0.,0.,0.,0.
908,0.022,0.,0.022,0.037,0.,0.037,0.023,0.,0.023,0.036,0.,0.036,0.023,0.,0.023,0.036,0.,0.036,0.022,0.,0.022,0.,0.,0.,0.,0.,0.,0.,0.,0.,0.,0.,0.,0.,0.,0.,0.,0.,0.
912,0.022,0.,0.022,0.038,0.,0.038,0.022,0.,0.022,0.037,0.,0.037,0.022,0.,0.022,0.036,0.,0.036,0.022,0.,0.022,0.,0.,0.,0.,0.,0.,0.,0.,0.,0.,0.,0.,0.,0.,0.,0.,0.,0.
916,0.022,0.,0.022,0.038,0.,0.038,0.022,0.,0.022,0.037,0.,0.037,0.022,0.,0.022,0.036,0.,0.036,0.022,0.,0.022,0.,0.,0.,0.,0.,0.,0.,0.,0.,0.,0.,0.,0.,0.,0.,0.,0.,0.
920,0.022,0.,0.022,0.04,0.,0.04,0.023,0.,0.023,0.036,0.,0.036,0.022,0.,0.022,0.037,0.,0.037,0.022,0.,0.022,0.,0.,0.,0.,0.,0.,0.,0.,0.,0.,0.,0.,0.,0.,0.,0.,0.,0.
924,0.022,0.,0.022,0.039,0.,0.039,0.022,0.,0.022,0.037,0.,0.037,0.022,0.,0.022,0.037,0.,0.037,0.022,0.,0.022,0.,0.,0.,0.,0.,0.,0.,0.,0.,0.,0.,0.,0.,0.,0.,0.,0.,0.
928,0.022,0.,0.022,0.039,0.,0.039,0.022,0.,0.022,0.037,0.,0.037,0.023,0.,0.023,0.037,0.,0.037,0.022,0.,0.022,0.,0.,0.,0.,0.,0.,0.,0.,0.,0.,0.,0.,0.,0.,0.,0.,0.,0.
932,0.023,0.,0.023,0.04,0.,0.04,0.023,0.,0.023,0.039,0.,0.039,0.023,0.,0.023,0.037,0.,0.037,0.023,0.,0.023,0.,0.,0.,0.,0.,0.,0.,0.,0.,0.,0.,0.,0.,0.,0.,0.,0.,0.
936,0.023,0.,0.023,0.04,0.001,0.039,0.023,0.,0.023,0.038,0.,0.038,0.023,0.,0.023,0.038,0.,0.038,0.023,0.,0.023,0.,0.,0.,0.,0.,0.,0.,0.,0.,0.,0.,0.,0.,0.,0.,0.,0.,0.
940,0.023,0.,0.023,0.039,0.,0.039,0.023,0.,0.023,0.039,0.,0.039,0.023,0.,0.023,0.041,0.,0.041,0.023,0.,0.023,0.,0.,0.,0.,0.,0.,0.,0.,0.,0.,0.,0.,0.,0.,0.,0.,0.,0.
944,0.023,0.,0.023,0.038,0.,0.038,0.023,0.,0.023,0.039,0.,0.039,0.023,0.,0.023,0.04,0.,0.04,0.023,0.,0.023,0.,0.,0.,0.,0.,0.,0.,0.,0.,0.,0.,0.,0.,0.,0.,0.,0.,0.
948,0.023,0.,0.023,0.04,0.,0.04,0.024,0.,0.024,0.039,0.,0.039,0.024,0.,0.024,0.042,0.,0.042,0.024,0.,0.024,0.,0.,0.,0.,0.,0.,0.,0.,0.,0.,0.,0.,0.,0.,0.,0.,0.,0.
952,0.024,0.,0.024,0.041,0.,0.041,0.024,0.,0.023,0.042,0.,0.042,0.024,0.,0.023,0.042,0.,0.042,0.024,0.,0.024,0.,0.,0.,0.,0.,0.,0.,0.,0.,0.,0.,0.,0.,0.,0.,0.,0.,0.
956,0.026,0.,0.026,0.044,0.,0.044,0.026,0.,0.026,0.041,0.,0.041,0.026,0.,0.026,0.041,0.,0.041,0.027,0.,0.027,0.,0.,0.,0.,0.,0.,0.,0.,0.,0.,0.,0.,0.,0.,0.,0.,0.,0.
960,0.028,0.,0.028,0.043,0.,0.043,0.028,0.,0.028,0.041,0.,0.041,0.028,0.,0.028,0.042,0.,0.042,0.027,0.,0.027,0.,0.,0.,0.,0.,0.,0.,0.,0.,0.,0.,0.,0.,0.,0.,0.,0.,0.
964,0.026,0.,0.026,0.046,0.,0.046,0.026,0.,0.026,0.043,0.,0.043,0.026,0.,0.026,0.042,0.,0.042,0.027,0.,0.027,0.,0.,0.,0.,0.,0.,0.,0.,0.,0.,0.,0.,0.,0.,0.,0.,0.,0.
968,0.026,0.,0.026,0.042,0.,0.042,0.026,0.,0.026,0.04,0.,0.04,0.026,0.,0.026,0.04,0.,0.04,0.027,0.,0.027,0.,0.,0.,0.,0.,0.,0.,0.,0.,0.,0.,0.,0.,0.,0.,0.,0.,0.
972,0.025,0.,0.025,0.043,0.,0.043,0.025,0.,0.025,0.041,0.,0.041,0.024,0.,0.024,0.041,0.,0.041,0.025,0.,0.025,0.,0.,0.,0.,0.,0.,0.,0.,0.,0.,0.,0.,0.,0.,0.,0.,0.,0.
976,0.025,0.,0.025,0.041,0.,0.041,0.025,0.,0.025,0.042,0.,0.042,0.025,0.,0.025,0.041,0.,0.041,0.025,0.,0.025,0.,0.,0.,0.,0.,0.,0.,0.,0.,0.,0.,0.,0.,0.,0.,0.,0.,0.
980,0.025,0.,0.025,0.043,0.,0.043,0.025,0.,0.025,0.042,0.,0.042,0.025,0.,0.025,0.041,0.,0.041,0.026,0.,0.026,0.,0.,0.,0.,0.,0.,0.,0.,0.,0.,0.,0.,0.,0.,0.,0.,0.,0.
984,0.025,0.,0.025,0.044,0.,0.044,0.026,0.,0.026,0.041,0.,0.041,0.026,0.,0.026,0.042,0.,0.042,0.025,0.,0.025,0.,0.,0.,0.,0.,0.,0.,0.,0.,0.,0.,0.,0.,0.,0.,0.,0.,0.
988,0.026,0.,0.026,0.045,0.,0.045,0.025,0.,0.025,0.042,0.,0.042,0.025,0.,0.025,0.042,0.,0.042,0.025,0.,0.025,0.,0.,0.,0.,0.,0.,0.,0.,0.,0.,0.,0.,0.,0.,0.,0.,0.,0.
992,0.026,0.,0.026,0.043,0.,0.043,0.026,0.,0.026,0.043,0.,0.043,0.026,0.,0.026,0.043,0.,0.043,0.026,0.,0.026,0.,0.,0.,0.,0.,0.,0.,0.,0.,0.,0.,0.,0.,0.,0.,0.,0.,0.
996,0.026,0.,0.026,0.044,0.,0.044,0.026,0.,0.026,0.044,0.,0.044,0.025,0.,0.025,0.044,0.,0.044,0.026,0.,0.026,0.,0.,0.,0.,0.,0.,0.,0.,0.,0.,0.,0.,0.,0.,0.,0.,0.,0.
1000,0.028,0.,0.028,0.046,0.,0.046,0.03,0.,0.03,0.045,0.,0.045,0.028,0.,0.028,0.044,0.,0.044,0.029,0.,0.029,0.,0.,0.,0.,0.,0.,0.,0.,0.,0.,0.,0.,0.,0.,0.,0.,0.,0.
1100,0.033,0.,0.033,0.053,0.,0.053,0.034,0.,0.034,0.054,0.,0.054,0.033,0.,0.033,0.053,0.,0.053,0.033,0.,0.033,0.,0.,0.,0.,0.,0.,0.,0.,0.,0.,0.,0.,0.,0.,0.,0.,0.,0.
1200,0.039,0.,0.039,0.066,0.,0.066,0.039,0.,0.039,0.062,0.,0.062,0.039,0.,0.039,0.064,0.,0.064,0.041,0.,0.041,0.,0.,0.,0.,0.,0.,0.,0.,0.,0.,0.,0.,0.,0.,0.,0.,0.,0.
1300,0.047,0.,0.047,0.075,0.,0.075,0.048,0.,0.048,0.071,0.,0.071,0.047,0.,0.047,0.078,0.,0.078,0.047,0.,0.047,0.,0.,0.,0.,0.,0.,0.,0.,0.,0.,0.,0.,0.,0.,0.,0.,0.,0.
1400,0.055,0.,0.055,0.084,0.,0.084,0.056,0.,0.056,0.083,0.,0.083,0.052,0.,0.052,0.083,0.,0.083,0.052,0.,0.052,0.,0.,0.,0.,0.,0.,0.,0.,0.,0.,0.,0.,0.,0.,0.,0.,0.,0.
1500,0.06,0.,0.06,0.1,0.,0.1,0.062,0.,0.062,0.099,0.,0.099,0.061,0.,0.061,0.1,0.,0.1,0.062,0.,0.062,0.,0.,0.,0.,0.,0.,0.,0.,0.,0.,0.,0.,0.,0.,0.,0.,0.,0.
1600,0.064,0.,0.064,0.111,0.,0.111,0.066,0.,0.066,0.107,0.,0.107,0.067,0.,0.067,0.107,0.,0.107,0.069,0.,0.069,0.,0.,0.,0.,0.,0.,0.,0.,0.,0.,0.,0.,0.,0.,0.,0.,0.,0.
1700,0.068,0.,0.068,0.126,0.,0.126,0.067,0.,0.067,0.119,0.,0.119,0.068,0.,0.068,0.115,0.,0.115,0.067,0.,0.067,0.,0.,0.,0.,0.,0.,0.,0.,0.,0.,0.,0.,0.,0.,0.,0.,0.,0.
1800,0.075,0.,0.075,0.134,0.,0.134,0.077,0.,0.077,0.128,0.,0.128,0.075,0.,0.075,0.138,0.,0.138,0.075,0.,0.075,0.,0.,0.,0.,0.,0.,0.,0.,0.,0.,0.,0.,0.,0.,0.,0.,0.,0.
1900,0.097,0.,0.097,0.155,0.,0.155,0.096,0.,0.096,0.162,0.,0.162,0.095,0.,0.095,0.153,0.,0.153,0.096,0.,0.096,0.,0.,0.,0.,0.,0.,0.,0.,0.,0.,0.,0.,0.,0.,0.,0.,0.,0.
2000,0.102,0.,0.102,0.178,0.,0.178,0.108,0.,0.107,0.17,0.,0.17,0.108,0.,0.108,0.171,0.,0.171,0.108,0.,0.108,0.,0.,0.,0.,0.,0.,0.,0.,0.,0.,0.,0.,0.,0.,0.,0.,0.,0.
2100,0.117,0.,0.117,0.188,0.,0.188,0.118,0.,0.118,0.183,0.,0.183,0.119,0.,0.119,0.182,0.,0.182,0.121,0.,0.121,0.,0.,0.,0.,0.,0.,0.,0.,0.,0.,0.,0.,0.,0.,0.,0.,0.,0.
2200,0.126,0.,0.126,0.199,0.,0.199,0.12,0.,0.12,0.201,0.,0.201,0.129,0.,0.129,0.205,0.,0.205,0.127,0.,0.127,0.,0.,0.,0.,0.,0.,0.,0.,0.,0.,0.,0.,0.,0.,0.,0.,0.,0.
2300,0.133,0.,0.133,0.226,0.,0.226,0.137,0.,0.137,0.224,0.,0.224,0.136,0.,0.136,0.221,0.,0.221,0.143,0.,0.143,0.,0.,0.,0.,0.,0.,0.,0.,0.,0.,0.,0.,0.,0.,0.,0.,0.,0.
2400,0.141,0.,0.141,0.235,0.,0.235,0.149,0.,0.149,0.24,0.,0.24,0.142,0.,0.142,0.25,0.,0.25,0.146,0.,0.146,0.,0.,0.,0.,0.,0.,0.,0.,0.,0.,0.,0.,0.,0.,0.,0.,0.,0.
2500,0.152,0.,0.152,0.281,0.,0.281,0.152,0.,0.152,0.264,0.,0.264,0.152,0.,0.152,0.268,0.,0.268,0.158,0.,0.158,0.,0.,0.,0.,0.,0.,0.,0.,0.,0.,0.,0.,0.,0.,0.,0.,0.,0.
2600,0.164,0.,0.164,0.276,0.,0.276,0.173,0.,0.173,0.275,0.,0.275,0.165,0.,0.164,0.271,0.,0.271,0.162,0.,0.162,0.,0.,0.,0.,0.,0.,0.,0.,0.,0.,0.,0.,0.,0.,0.,0.,0.,0.
2700,0.174,0.,0.174,0.294,0.,0.294,0.176,0.,0.175,0.293,0.,0.293,0.174,0.,0.174,0.309,0.,0.309,0.186,0.,0.186,0.001,0.,0.001,0.,0.,0.,0.,0.,0.,0.,0.,0.,0.,0.,0.,0.,0.,0.
2800,0.188,0.,0.188,0.321,0.,0.321,0.19,0.,0.19,0.316,0.,0.316,0.189,0.,0.189,0.317,0.,0.317,0.189,0.,0.189,0.001,0.,0.001,0.,0.,0.,0.,0.,0.,0.,0.,0.,0.,0.,0.,0.,0.,0.
2900,0.201,0.,0.2,0.359,0.001,0.358,0.201,0.,0.201,0.346,0.,0.346,0.213,0.,0.213,0.365,0.,0.365,0.204,0.,0.204,0.001,0.,0.001,0.001,0.,0.001,0.,0.,0.,0.,0.,0.,0.,0.,0.,0.,0.,0.
3000,0.213,0.,0.213,0.377,0.,0.376,0.219,0.,0.219,0.365,0.,0.365,0.212,0.,0.212,0.378,0.,0.378,0.229,0.,0.229,0.001,0.,0.001,0.001,0.,0.001,0.001,0.,0.001,0.,0.,0.,0.,0.,0.,0.,0.,0.
3100,0.228,0.,0.228,0.36,0.,0.36,0.235,0.,0.234,0.359,0.,0.359,0.244,0.,0.244,0.398,0.,0.398,0.231,0.,0.231,0.001,0.,0.001,0.,0.,0.,0.,0.,0.,0.,0.,0.,0.,0.,0.,0.,0.,0.
3200,0.239,0.,0.239,0.431,0.,0.431,0.242,0.,0.242,0.401,0.,0.401,0.244,0.,0.244,0.407,0.,0.407,0.243,0.,0.243,0.001,0.,0.001,0.001,0.,0.001,0.001,0.,0.001,0.,0.,0.,0.,0.,0.,0.001,0.,0.001
3300,0.277,0.,0.277,0.463,0.,0.463,0.268,0.,0.268,0.462,0.,0.462,0.275,0.,0.275,0.485,0.,0.485,0.268,0.,0.268,0.001,0.,0.001,0.001,0.,0.001,0.001,0.,0.,0.,0.,0.,0.,0.,0.,0.,0.,0.
3400,0.298,0.,0.298,0.473,0.,0.473,0.305,0.,0.305,0.481,0.,0.481,0.295,0.,0.295,0.473,0.,0.473,0.289,0.,0.289,0.001,0.,0.001,0.001,0.,0.001,0.001,0.,0.001,0.001,0.,0.001,0.001,0.,0.001,0.001,0.,0.001
3500,0.293,0.,0.293,0.493,0.,0.493,0.301,0.,0.301,0.508,0.,0.508,0.3,0.,0.3,0.506,0.,0.506,0.3,0.,0.3,0.001,0.,0.001,0.001,0.,0.001,0.001,0.,0.001,0.001,0.,0.001,0.001,0.,0.001,0.001,0.,0.001
3600,0.339,0.,0.339,0.518,0.,0.518,0.331,0.,0.331,0.552,0.,0.552,0.337,0.,0.337,0.538,0.,0.538,0.327,0.,0.327,0.001,0.,0.001,0.001,0.,0.001,0.001,0.,0.001,0.001,0.,0.001,0.001,0.,0.001,0.,0.,0.
3700,0.323,0.,0.323,0.538,0.,0.538,0.325,0.,0.325,0.561,0.,0.561,0.351,0.,0.351,0.559,0.,0.559,0.342,0.,0.342,0.001,0.,0.001,0.001,0.,0.001,0.001,0.,0.001,0.001,0.,0.001,0.001,0.,0.001,0.001,0.,0.001
3800,0.362,0.,0.362,0.589,0.,0.589,0.344,0.,0.344,0.611,0.,0.611,0.344,0.,0.344,0.623,0.,0.623,0.356,0.,0.356,0.001,0.,0.001,0.001,0.,0.001,0.001,0.,0.001,0.001,0.,0.001,0.001,0.,0.001,0.001,0.,0.001
3900,0.386,0.,0.386,0.63,0.,0.63,0.388,0.,0.388,0.63,0.,0.63,0.391,0.,0.391,0.627,0.,0.627,0.384,0.,0.384,0.001,0.,0.001,0.001,0.,0.001,0.001,0.,0.001,0.001,0.,0.001,0.001,0.,0.001,0.001,0.,0.001
4000,0.357,0.,0.357,0.61,0.,0.61,0.365,0.,0.365,0.601,0.,0.601,0.36,0.,0.36,0.629,0.,0.629,0.359,0.,0.359,0.001,0.,0.001,0.001,0.,0.001,0.001,0.,0.001,0.001,0.,0.001,0.001,0.,0.001,0.001,0.,0.001
4100,0.376,0.,0.376,0.672,0.,0.671,0.38,0.,0.38,0.661,0.,0.661,0.368,0.,0.368,0.696,0.,0.695,0.38,0.,0.38,0.001,0.,0.001,0.001,0.,0.001,0.001,0.,0.001,0.001,0.,0.001,0.001,0.,0.001,0.001,0.,0.001
4200,0.458,0.,0.458,0.749,0.,0.749,0.441,0.,0.441,0.773,0.,0.773,0.43,0.,0.43,0.772,0.,0.772,0.454,0.,0.454,0.001,0.,0.001,0.001,0.,0.001,0.001,0.,0.001,0.001,0.,0.001,0.001,0.,0.001,0.001,0.,0.001
4300,0.464,0.,0.464,0.788,0.,0.788,0.448,0.,0.448,0.802,0.,0.802,0.45,0.,0.45,0.778,0.,0.778,0.472,0.,0.472,0.001,0.,0.001,0.001,0.,0.001,0.001,0.,0.001,0.001,0.,0.001,0.001,0.,0.001,0.001,0.,0.001
4400,0.501,0.,0.501,0.781,0.,0.781,0.487,0.,0.487,0.829,0.,0.829,0.474,0.,0.474,0.826,0.,0.826,0.465,0.,0.465,0.001,0.,0.001,0.004,0.,0.004,0.001,0.,0.001,0.001,0.,0.001,0.001,0.,0.001,0.001,0.,0.001
4500,0.51,0.,0.51,0.805,0.,0.805,0.525,0.,0.525,0.805,0.,0.805,0.515,0.,0.515,0.844,0.,0.844,0.472,0.,0.472,0.001,0.,0.001,0.001,0.,0.001,0.001,0.,0.001,0.001,0.,0.001,0.001,0.,0.001,0.001,0.,0.001
4600,0.476,0.,0.476,0.892,0.,0.892,0.47,0.,0.47,0.872,0.,0.872,0.481,0.,0.481,0.877,0.,0.877,0.476,0.,0.476,0.001,0.,0.001,0.001,0.,0.001,0.001,0.,0.001,0.001,0.,0.001,0.001,0.,0.001,0.001,0.,0.001
4700,0.564,0.,0.564,0.912,0.,0.912,0.55,0.,0.55,0.908,0.,0.907,0.544,0.,0.544,0.904,0.,0.904,0.534,0.,0.534,0.001,0.,0.001,0.001,0.,0.001,0.001,0.,0.001,0.001,0.,0.001,0.001,0.,0.001,0.001,0.,0.001
4800,0.567,0.,0.567,0.926,0.,0.926,0.585,0.,0.585,0.912,0.,0.911,0.587,0.,0.586,0.949,0.,0.949,0.575,0.,0.575,0.001,0.,0.001,0.001,0.,0.001,0.001,0.,0.001,0.001,0.,0.001,0.001,0.,0.001,0.001,0.,0.001
4900,0.604,0.,0.604,1.027,0.,1.027,0.607,0.,0.607,1.029,0.,1.029,0.587,0.,0.587,1.037,0.,1.037,0.561,0.,0.561,0.001,0.,0.001,0.001,0.,0.001,0.001,0.,0.001,0.001,0.,0.001,0.001,0.,0.001,0.001,0.,0.001
5000,0.623,0.,0.623,1.018,0.,1.018,0.627,0.,0.627,1.037,0.,1.036,0.639,0.,0.639,1.062,0.,1.062,0.623,0.,0.623,0.001,0.,0.001,0.001,0.,0.001,0.001,0.,0.,0.001,0.,0.001,0.001,0.,0.001,0.001,0.,0.001
5500,0.65,0.,0.65,1.324,0.,1.324,0.664,0.,0.664,1.324,0.,1.324,0.669,0.001,0.668,1.322,0.,1.322,0.641,0.,0.64,0.001,0.,0.001,0.001,0.,0.001,0.001,0.,0.001,0.001,0.,0.001,0.001,0.,0.001,0.001,0.,0.001
6000,0.905,0.,0.905,1.495,0.,1.495,0.861,0.,0.861,1.464,0.,1.464,0.82,0.,0.82,1.459,0.,1.459,0.828,0.,0.828,0.002,0.,0.002,0.001,0.,0.001,0.001,0.,0.001,0.001,0.,0.001,0.001,0.,0.001,0.001,0.,0.001
6500,1.054,0.,1.054,1.687,0.,1.687,1.044,0.,1.044,1.748,0.,1.748,0.995,0.,0.995,1.721,0.,1.721,0.996,0.,0.996,0.002,0.,0.002,0.002,0.,0.002,0.002,0.,0.002,0.002,0.,0.002,0.001,0.,0.001,0.001,0.,0.001
7000,1.123,0.,1.123,2.039,0.,2.039,1.18,0.,1.18,2.008,0.,2.008,1.132,0.,1.132,2.043,0.,2.043,1.118,0.,1.118,0.002,0.,0.002,0.002,0.,0.002,0.002,0.,0.002,0.002,0.,0.002,0.002,0.,0.002,0.002,0.,0.002
7500,1.387,0.,1.386,2.369,0.001,2.368,1.292,0.,1.292,2.245,0.001,2.244,1.315,0.,1.315,2.249,0.001,2.248,1.34,0.,1.34,0.002,0.,0.002,0.002,0.,0.002,0.002,0.,0.002,0.002,0.,0.002,0.002,0.,0.002,0.002,0.,0.002
8000,1.577,0.,1.577,2.649,0.,2.649,1.502,0.001,1.501,2.593,0.,2.593,1.502,0.,1.502,2.397,0.,2.397,1.488,0.,1.488,0.002,0.,0.002,0.002,0.,0.002,0.002,0.,0.002,0.002,0.,0.002,0.002,0.,0.002,0.002,0.,0.002
8500,1.604,0.,1.604,2.909,0.,2.909,1.452,0.,1.452,3.176,0.,3.175,1.508,0.,1.508,3.061,0.,3.061,1.59,0.,1.59,0.002,0.,0.002,0.002,0.,0.002,0.002,0.,0.002,0.002,0.,0.002,0.003,0.,0.003,0.002,0.,0.002
9000,2.008,0.,2.008,3.435,0.,3.435,1.924,0.,1.924,3.5,0.,3.5,1.924,0.,1.924,3.361,0.,3.361,1.901,0.001,1.9,0.002,0.,0.002,0.002,0.,0.002,0.002,0.,0.002,0.002,0.,0.002,0.002,0.,0.002,0.002,0.,0.002
9500,2.092,0.,2.091,3.636,0.,3.636,2.149,0.,2.149,3.862,0.,3.862,2.082,0.001,2.081,3.636,0.001,3.635,2.136,0.,2.136,0.003,0.,0.003,0.002,0.,0.002,0.002,0.,0.002,0.002,0.,0.002,0.003,0.,0.003,0.002,0.,0.002
10000,2.381,0.,2.38,4.21,0.,4.21,2.314,0.001,2.313,4.203,0.,4.201,2.293,0.,2.293,4.249,0.,4.248,2.308,0.,2.308,0.003,0.,0.003,0.002,0.,0.002,0.002,0.,0.002,0.002,0.,0.002,0.002,0.,0.002,0.002,0.,0.002