param-n,abstract-regression-cubic-real,abstract-regression-cubic-sys,abstract-regression-cubic-user,close-abstract-regression-cubic-real,close-abstract-regression-cubic-sys,close-abstract-regression-cubic-user,fast-rewrite-regression-cubic-real,fast-rewrite-regression-cubic-sys,fast-rewrite-regression-cubic-user,pose-build-and-refine-regression-cubic-real,pose-build-and-refine-regression-cubic-sys,pose-build-and-refine-regression-cubic-user,refine-regression-quadratic-regression-linear-real,refine-regression-quadratic-regression-linear-sys,refine-regression-quadratic-regression-linear-user
1,0.,0.,0.,0.,0.,0.,0.,0.,0.,0.,0.,0.,0.,0.,0.
2,0.,0.,0.,0.,0.,0.,0.,0.,0.,0.,0.,0.,0.,0.,0.
3,0.,0.,0.,0.,0.,0.,0.,0.,0.,0.,0.,0.,0.,0.,0.
4,0.,0.,0.,0.,0.,0.,0.,0.,0.,0.,0.,0.,0.,0.,0.
5,0.,0.,0.,0.,0.,0.,0.,0.,0.,0.,0.,0.,0.,0.,0.
6,0.001,0.001,0.,0.,0.,0.,0.,0.,0.,0.,0.,0.,0.,0.,0.
7,0.001,0.001,0.,0.,0.,0.,0.,0.,0.,0.,0.,0.,0.,0.,0.
8,0.001,0.001,0.,0.,0.,0.,0.001,0.001,0.,0.001,0.001,0.,0.,0.,0.
9,0.001,0.,0.001,0.,0.,0.,0.001,0.,0.001,0.001,0.,0.001,0.,0.,0.
10,0.001,0.,0.001,0.,0.,0.,0.001,0.,0.001,0.001,0.,0.001,0.,0.,0.
11,0.001,0.,0.001,0.,0.,0.,0.001,0.,0.001,0.001,0.,0.001,0.,0.,0.
12,0.002,0.001,0.,0.,0.,0.,0.001,0.001,0.,0.001,0.001,0.,0.,0.,0.
13,0.002,0.001,0.,0.,0.,0.,0.001,0.001,0.,0.001,0.001,0.,0.,0.,0.
14,0.002,0.,0.002,0.,0.,0.,0.001,0.,0.001,0.001,0.,0.001,0.,0.,0.
15,0.042,0.003,0.039,0.,0.,0.,0.042,0.003,0.039,0.042,0.003,0.039,0.04,0.003,0.037
16,0.002,0.,0.001,0.,0.,0.,0.001,0.,0.001,0.001,0.,0.001,0.,0.,0.
17,0.002,0.,0.002,0.,0.,0.,0.001,0.,0.001,0.001,0.,0.001,0.,0.,0.
18,0.002,0.,0.002,0.,0.,0.,0.001,0.,0.001,0.001,0.,0.001,0.,0.,0.
19,0.002,0.,0.002,0.,0.,0.,0.001,0.,0.001,0.001,0.,0.001,0.,0.,0.
20,0.002,0.,0.002,0.,0.,0.,0.002,0.,0.002,0.002,0.,0.002,0.,0.,0.
21,0.002,0.,0.002,0.,0.,0.,0.002,0.,0.002,0.002,0.,0.002,0.,0.,0.
22,0.003,0.,0.003,0.,0.,0.,0.002,0.,0.002,0.002,0.,0.002,0.,0.,0.
23,0.003,0.,0.003,0.,0.,0.,0.002,0.,0.002,0.002,0.,0.002,0.,0.,0.
24,0.003,0.,0.003,0.,0.,0.,0.002,0.,0.002,0.002,0.,0.002,0.,0.,0.
25,0.003,0.,0.003,0.,0.,0.,0.002,0.,0.002,0.002,0.,0.002,0.,0.,0.
26,0.003,0.,0.003,0.,0.,0.,0.002,0.,0.002,0.002,0.,0.002,0.,0.,0.
27,0.004,0.,0.004,0.,0.,0.,0.002,0.,0.002,0.002,0.,0.002,0.,0.,0.
28,0.006,0.,0.006,0.001,0.,0.001,0.004,0.,0.004,0.004,0.,0.004,0.,0.,0.
29,0.004,0.,0.004,0.001,0.,0.001,0.003,0.,0.003,0.003,0.,0.003,0.,0.,0.
30,0.004,0.,0.004,0.001,0.,0.001,0.003,0.,0.003,0.003,0.,0.003,0.,0.,0.
31,0.004,0.,0.004,0.001,0.,0.001,0.003,0.,0.003,0.003,0.,0.003,0.,0.,0.
32,0.005,0.,0.005,0.001,0.,0.001,0.003,0.,0.003,0.003,0.,0.003,0.,0.,0.
33,0.005,0.,0.005,0.001,0.,0.001,0.003,0.,0.003,0.003,0.,0.003,0.,0.,0.
34,0.005,0.,0.005,0.001,0.,0.001,0.003,0.,0.003,0.003,0.,0.003,0.,0.,0.
35,0.005,0.,0.005,0.001,0.,0.001,0.003,0.,0.003,0.003,0.,0.003,0.,0.,0.
36,0.01,0.,0.01,0.001,0.,0.001,0.008,0.,0.008,0.008,0.,0.008,0.,0.,0.
37,0.006,0.,0.006,0.001,0.,0.001,0.004,0.,0.004,0.004,0.,0.004,0.,0.,0.
38,0.006,0.,0.006,0.001,0.,0.001,0.004,0.,0.004,0.004,0.,0.004,0.,0.,0.
39,0.006,0.,0.006,0.001,0.,0.001,0.004,0.,0.004,0.004,0.,0.004,0.,0.,0.
40,0.006,0.,0.006,0.001,0.,0.001,0.004,0.,0.004,0.004,0.,0.004,0.,0.,0.
41,0.007,0.,0.007,0.001,0.,0.001,0.004,0.,0.004,0.004,0.,0.004,0.,0.,0.
42,0.007,0.,0.007,0.002,0.,0.002,0.004,0.,0.004,0.004,0.,0.004,0.,0.,0.
43,0.009,0.,0.009,0.002,0.,0.002,0.006,0.,0.006,0.006,0.,0.006,0.,0.,0.
44,0.007,0.,0.007,0.002,0.,0.002,0.005,0.,0.005,0.005,0.,0.005,0.,0.,0.
45,0.008,0.,0.008,0.002,0.,0.002,0.005,0.,0.005,0.005,0.,0.005,0.,0.,0.
46,0.008,0.,0.008,0.002,0.,0.002,0.005,0.,0.005,0.005,0.,0.005,0.,0.,0.
47,0.008,0.,0.008,0.002,0.,0.002,0.005,0.,0.005,0.005,0.,0.005,0.,0.,0.
48,0.013,0.,0.013,0.002,0.,0.002,0.01,0.,0.01,0.01,0.,0.01,0.,0.,0.
49,0.009,0.,0.009,0.002,0.,0.002,0.006,0.,0.006,0.006,0.,0.006,0.,0.,0.
50,0.011,0.004,0.007,0.003,0.,0.003,0.007,0.003,0.003,0.007,0.003,0.003,0.,0.,0.
51,0.009,0.,0.009,0.003,0.,0.003,0.006,0.,0.006,0.006,0.,0.006,0.,0.,0.
52,0.009,0.,0.009,0.003,0.,0.003,0.006,0.,0.006,0.006,0.,0.006,0.,0.,0.
53,0.01,0.,0.01,0.003,0.,0.003,0.006,0.,0.006,0.006,0.,0.006,0.,0.,0.
54,0.011,0.,0.011,0.003,0.,0.003,0.008,0.,0.008,0.008,0.,0.008,0.,0.,0.
55,0.01,0.,0.01,0.003,0.,0.003,0.007,0.,0.007,0.007,0.,0.007,0.,0.,0.
56,0.011,0.,0.011,0.003,0.,0.003,0.007,0.,0.007,0.007,0.,0.007,0.,0.,0.
57,0.011,0.,0.011,0.003,0.,0.003,0.007,0.,0.007,0.007,0.,0.007,0.,0.,0.
58,0.015,0.,0.015,0.004,0.,0.004,0.011,0.,0.011,0.011,0.,0.011,0.,0.,0.
59,0.012,0.,0.012,0.004,0.,0.004,0.007,0.,0.007,0.007,0.,0.007,0.,0.,0.
60,0.012,0.,0.012,0.004,0.,0.004,0.008,0.,0.008,0.008,0.,0.008,0.,0.,0.
61,0.012,0.,0.012,0.004,0.,0.004,0.008,0.,0.008,0.008,0.,0.008,0.,0.,0.
62,0.014,0.,0.014,0.004,0.,0.004,0.008,0.,0.008,0.008,0.,0.008,0.,0.,0.
63,0.013,0.,0.013,0.004,0.,0.004,0.008,0.,0.008,0.008,0.,0.008,0.,0.,0.
64,0.014,0.,0.014,0.005,0.,0.005,0.008,0.,0.008,0.008,0.,0.008,0.,0.,0.
65,0.015,0.,0.015,0.005,0.,0.005,0.01,0.,0.01,0.01,0.,0.01,0.,0.,0.
66,0.014,0.,0.014,0.005,0.,0.005,0.009,0.,0.009,0.009,0.,0.009,0.,0.,0.
67,0.015,0.,0.015,0.005,0.,0.005,0.009,0.,0.009,0.009,0.,0.009,0.,0.,0.
68,0.017,0.,0.017,0.005,0.,0.005,0.011,0.,0.011,0.011,0.,0.011,0.,0.,0.
69,0.016,0.,0.016,0.005,0.,0.005,0.01,0.,0.01,0.01,0.,0.01,0.,0.,0.
70,0.016,0.,0.016,0.006,0.,0.006,0.01,0.,0.01,0.01,0.,0.01,0.,0.,0.
71,0.022,0.,0.022,0.006,0.,0.006,0.015,0.,0.015,0.015,0.,0.015,0.005,0.,0.005
72,0.017,0.,0.017,0.006,0.,0.006,0.01,0.,0.01,0.01,0.,0.01,0.,0.,0.
73,0.017,0.003,0.014,0.006,0.003,0.003,0.01,0.,0.01,0.01,0.,0.01,0.,0.,0.
74,0.02,0.,0.02,0.006,0.,0.006,0.013,0.,0.013,0.013,0.,0.013,0.,0.,0.
75,0.018,0.,0.018,0.007,0.,0.007,0.011,0.,0.011,0.011,0.,0.011,0.,0.,0.
76,0.019,0.,0.019,0.007,0.,0.007,0.011,0.,0.011,0.011,0.,0.011,0.,0.,0.
77,0.027,0.,0.027,0.007,0.,0.007,0.019,0.,0.019,0.019,0.,0.019,0.,0.,0.
78,0.02,0.,0.02,0.007,0.,0.007,0.011,0.,0.011,0.011,0.,0.011,0.,0.,0.
79,0.021,0.,0.021,0.009,0.,0.009,0.012,0.,0.012,0.012,0.,0.012,0.,0.,0.
80,0.021,0.,0.021,0.008,0.,0.008,0.012,0.,0.012,0.012,0.,0.012,0.,0.,0.
81,0.021,0.,0.021,0.008,0.,0.008,0.012,0.,0.012,0.012,0.,0.012,0.,0.,0.
82,0.023,0.,0.023,0.008,0.,0.008,0.014,0.,0.014,0.014,0.,0.014,0.,0.,0.
83,0.022,0.,0.022,0.008,0.,0.008,0.013,0.,0.013,0.013,0.,0.013,0.,0.,0.
84,0.025,0.,0.025,0.009,0.,0.009,0.016,0.,0.016,0.016,0.,0.016,0.003,0.,0.003
85,0.023,0.,0.023,0.009,0.,0.009,0.013,0.,0.013,0.013,0.,0.013,0.,0.,0.
86,0.024,0.,0.024,0.009,0.,0.009,0.014,0.,0.014,0.014,0.,0.014,0.,0.,0.
87,0.03,0.003,0.026,0.009,0.003,0.006,0.019,0.,0.019,0.019,0.,0.019,0.,0.,0.
88,0.025,0.,0.025,0.01,0.,0.01,0.014,0.,0.014,0.014,0.,0.014,0.,0.,0.
89,0.027,0.,0.027,0.01,0.,0.01,0.016,0.,0.016,0.016,0.,0.016,0.,0.,0.
90,0.026,0.,0.026,0.01,0.,0.01,0.014,0.,0.014,0.014,0.,0.014,0.,0.,0.
91,0.031,0.,0.031,0.011,0.,0.011,0.019,0.,0.019,0.019,0.,0.019,0.,0.,0.
92,0.027,0.,0.027,0.011,0.,0.011,0.015,0.,0.015,0.015,0.,0.015,0.,0.,0.
93,0.03,0.,0.03,0.011,0.,0.011,0.018,0.,0.018,0.018,0.,0.018,0.,0.,0.
94,0.028,0.,0.028,0.011,0.,0.011,0.015,0.,0.015,0.015,0.,0.015,0.,0.,0.
95,0.034,0.,0.034,0.012,0.,0.012,0.021,0.,0.021,0.021,0.,0.021,0.,0.,0.
96,0.029,0.,0.029,0.012,0.,0.012,0.016,0.,0.016,0.016,0.,0.016,0.,0.,0.
97,0.031,0.,0.031,0.012,0.,0.012,0.018,0.,0.018,0.018,0.,0.018,0.,0.,0.
98,0.031,0.,0.031,0.013,0.,0.013,0.017,0.,0.017,0.017,0.,0.017,0.,0.,0.
99,0.036,0.,0.036,0.013,0.,0.013,0.022,0.,0.022,0.022,0.,0.022,0.,0.,0.
100,0.074,0.008,0.066,0.013,0.,0.013,0.061,0.008,0.052,0.061,0.008,0.052,0.,0.,0.
110,0.04,0.,0.04,0.019,0.,0.019,0.02,0.,0.02,0.02,0.,0.02,0.,0.,0.
120,0.046,0.,0.046,0.021,0.,0.021,0.024,0.,0.024,0.024,0.,0.024,0.,0.,0.
130,0.075,0.003,0.071,0.026,0.,0.026,0.048,0.003,0.044,0.048,0.003,0.044,0.,0.,0.
140,0.086,0.,0.086,0.032,0.,0.032,0.053,0.,0.053,0.053,0.,0.053,0.,0.,0.
150,0.088,0.003,0.084,0.038,0.,0.038,0.049,0.003,0.045,0.049,0.003,0.045,0.,0.,0.
160,0.117,0.,0.117,0.045,0.,0.045,0.071,0.,0.071,0.071,0.,0.071,0.001,0.,0.001
170,0.115,0.,0.115,0.052,0.,0.052,0.061,0.,0.061,0.061,0.,0.061,0.001,0.,0.001
180,0.131,0.,0.131,0.061,0.,0.061,0.069,0.,0.069,0.069,0.,0.069,0.001,0.,0.001
190,0.151,0.003,0.147,0.071,0.,0.071,0.079,0.003,0.075,0.079,0.003,0.075,0.001,0.,0.001
200,0.195,0.,0.195,0.083,0.,0.083,0.112,0.,0.112,0.112,0.,0.112,0.001,0.,0.001
210,0.19,0.,0.19,0.093,0.,0.093,0.096,0.,0.096,0.096,0.,0.096,0.001,0.,0.001
220,0.233,0.,0.233,0.107,0.,0.107,0.124,0.,0.124,0.124,0.,0.124,0.001,0.,0.001
230,0.276,0.,0.276,0.12,0.,0.12,0.155,0.,0.155,0.155,0.,0.155,0.001,0.,0.001
240,0.305,0.003,0.301,0.136,0.,0.136,0.168,0.003,0.164,0.168,0.003,0.164,0.001,0.,0.001
250,0.325,0.,0.325,0.152,0.,0.152,0.173,0.,0.173,0.173,0.,0.173,0.001,0.,0.001
260,0.311,0.,0.311,0.167,0.,0.167,0.143,0.,0.143,0.143,0.,0.143,0.001,0.,0.001
270,0.349,0.,0.349,0.185,0.,0.185,0.163,0.,0.163,0.163,0.,0.163,0.001,0.,0.001
280,0.382,0.,0.382,0.207,0.,0.207,0.174,0.,0.174,0.174,0.,0.174,0.001,0.,0.001
290,0.469,0.,0.469,0.228,0.,0.228,0.24,0.,0.24,0.24,0.,0.24,0.002,0.,0.002
300,0.457,0.,0.457,0.249,0.,0.249,0.208,0.,0.208,0.208,0.,0.208,0.002,0.,0.002
310,0.517,0.,0.517,0.272,0.,0.272,0.244,0.,0.244,0.244,0.,0.244,0.002,0.,0.002
320,0.522,0.,0.522,0.298,0.,0.298,0.223,0.,0.223,0.223,0.,0.223,0.002,0.,0.002
330,0.621,0.,0.621,0.342,0.,0.342,0.278,0.,0.278,0.278,0.,0.278,0.002,0.,0.002
340,0.641,0.,0.641,0.355,0.,0.355,0.285,0.,0.285,0.285,0.,0.285,0.002,0.,0.002
350,0.735,0.007,0.728,0.44,0.,0.44,0.295,0.007,0.287,0.295,0.007,0.287,0.002,0.,0.002
360,0.696,0.,0.696,0.415,0.,0.415,0.279,0.,0.279,0.279,0.,0.279,0.002,0.,0.002
370,0.817,0.,0.817,0.472,0.,0.472,0.344,0.,0.344,0.344,0.,0.344,0.002,0.,0.002
380,0.818,0.,0.818,0.483,0.,0.483,0.334,0.,0.334,0.334,0.,0.334,0.002,0.,0.002
390,0.851,0.,0.85,0.527,0.,0.527,0.322,0.,0.322,0.322,0.,0.322,0.002,0.,0.002
400,0.938,0.,0.938,0.56,0.,0.56,0.378,0.,0.378,0.378,0.,0.378,0.002,0.,0.002
500,1.678,0.003,1.674,1.075,0.004,1.071,0.601,0.,0.601,0.601,0.,0.601,0.003,0.,0.003
600,2.623,0.006,2.616,1.82,0.003,1.816,0.801,0.001,0.799,0.801,0.001,0.799,0.004,0.,0.004
700,3.903,0.007,3.894,2.911,0.007,2.902,0.991,0.,0.991,0.991,0.,0.991,0.005,0.,0.005
800,5.58,0.007,5.571,4.27,0.007,4.262,1.308,0.,1.308,1.308,0.,1.308,0.005,0.,0.005
900,7.587,0.011,7.575,5.953,0.,5.952,1.633,0.011,1.621,1.633,0.011,1.621,0.006,0.,0.006
1000,10.023,0.003,10.019,8.025,0.003,8.02,1.997,0.,1.997,1.997,0.,1.997,0.007,0.,0.007