param-n,abstract+repeat-rewrite-strat-bottomup-regression-cubic-real,abstract+repeat-rewrite-strat-bottomup-regression-cubic-sys,abstract+repeat-rewrite-strat-bottomup-regression-cubic-user,abstract+repeat-rewrite-strat-topdown-regression-cubic-real,abstract+repeat-rewrite-strat-topdown-regression-cubic-sys,abstract+repeat-rewrite-strat-topdown-regression-cubic-user,close-abstract+repeat-rewrite-strat-bottomup-regression-quadratic-real,close-abstract+repeat-rewrite-strat-bottomup-regression-quadratic-sys,close-abstract+repeat-rewrite-strat-bottomup-regression-quadratic-user,close-abstract+repeat-rewrite-strat-topdown-regression-quadratic-real,close-abstract+repeat-rewrite-strat-topdown-regression-quadratic-sys,close-abstract+repeat-rewrite-strat-topdown-regression-quadratic-user,noop-repeat-rewrite-strat-bottomup-regression-cubic-real,noop-repeat-rewrite-strat-bottomup-regression-cubic-sys,noop-repeat-rewrite-strat-bottomup-regression-cubic-user,noop-repeat-rewrite-strat-topdown-regression-cubic-real,noop-repeat-rewrite-strat-topdown-regression-cubic-sys,noop-repeat-rewrite-strat-topdown-regression-cubic-user,repeat-rewrite-strat-bottomup-regression-cubic-real,repeat-rewrite-strat-bottomup-regression-cubic-sys,repeat-rewrite-strat-bottomup-regression-cubic-user,repeat-rewrite-strat-topdown-regression-cubic-real,repeat-rewrite-strat-topdown-regression-cubic-sys,repeat-rewrite-strat-topdown-regression-cubic-user
0,0.002,0.,0.001,0.002,0.,0.001,0.,0.,0.,0.,0.,0.,0.,0.,0.,0.,0.,0.,0.001,0.,0.001,0.001,0.,0.001
1,0.004,0.,0.004,0.004,0.,0.004,0.,0.,0.,0.,0.,0.,0.,0.,0.,0.,0.,0.,0.003,0.,0.003,0.003,0.,0.003
2,0.007,0.,0.007,0.007,0.,0.007,0.,0.,0.,0.,0.,0.,0.,0.,0.,0.,0.,0.,0.005,0.,0.005,0.005,0.,0.005
3,0.011,0.004,0.006,0.01,0.004,0.006,0.,0.,0.,0.,0.,0.,0.,0.,0.,0.,0.,0.,0.009,0.004,0.004,0.008,0.004,0.004
4,0.015,0.004,0.011,0.016,0.,0.016,0.001,0.,0.,0.001,0.,0.001,0.001,0.,0.,0.001,0.,0.001,0.013,0.003,0.009,0.013,0.,0.013
5,0.053,0.,0.053,0.052,0.,0.052,0.001,0.,0.001,0.001,0.,0.001,0.001,0.,0.001,0.001,0.,0.001,0.051,0.,0.051,0.05,0.,0.05
6,0.021,0.,0.021,0.021,0.,0.021,0.001,0.,0.001,0.001,0.,0.001,0.001,0.,0.001,0.001,0.,0.001,0.019,0.,0.019,0.018,0.,0.018
7,0.029,0.,0.029,0.028,0.,0.028,0.001,0.,0.001,0.001,0.,0.001,0.001,0.,0.001,0.001,0.,0.001,0.025,0.,0.025,0.025,0.,0.025
8,0.036,0.,0.036,0.035,0.,0.035,0.001,0.,0.001,0.001,0.,0.001,0.001,0.,0.001,0.001,0.,0.001,0.032,0.,0.032,0.031,0.,0.031
9,0.044,0.,0.044,0.043,0.,0.043,0.001,0.,0.001,0.001,0.,0.001,0.002,0.,0.002,0.002,0.,0.002,0.039,0.,0.039,0.038,0.,0.038
10,0.096,0.012,0.084,0.095,0.003,0.091,0.002,0.,0.002,0.002,0.,0.002,0.002,0.,0.002,0.002,0.,0.002,0.091,0.011,0.079,0.09,0.003,0.086
11,0.067,0.,0.067,0.066,0.,0.066,0.002,0.,0.002,0.002,0.,0.002,0.002,0.,0.002,0.003,0.,0.003,0.061,0.,0.061,0.06,0.,0.06
12,0.081,0.,0.081,0.08,0.,0.08,0.003,0.,0.003,0.002,0.,0.002,0.003,0.,0.003,0.003,0.,0.003,0.074,0.,0.074,0.073,0.,0.073
13,0.096,0.,0.096,0.095,0.,0.095,0.003,0.,0.003,0.003,0.,0.003,0.003,0.,0.003,0.003,0.,0.003,0.089,0.,0.089,0.088,0.,0.088
14,0.114,0.,0.114,0.114,0.,0.114,0.003,0.,0.003,0.003,0.,0.003,0.004,0.,0.004,0.004,0.,0.004,0.106,0.,0.106,0.105,0.,0.105
15,0.139,0.,0.139,0.135,0.,0.135,0.004,0.,0.004,0.004,0.,0.004,0.004,0.,0.004,0.004,0.,0.004,0.13,0.,0.13,0.126,0.,0.126
16,0.162,0.,0.162,0.159,0.,0.159,0.004,0.,0.004,0.004,0.,0.004,0.005,0.,0.005,0.005,0.,0.005,0.151,0.,0.151,0.149,0.,0.149
17,0.19,0.,0.19,0.187,0.,0.187,0.005,0.,0.005,0.005,0.,0.005,0.006,0.,0.006,0.006,0.,0.006,0.179,0.,0.179,0.176,0.,0.176
18,0.222,0.,0.222,0.217,0.,0.217,0.005,0.,0.005,0.005,0.,0.005,0.006,0.,0.006,0.006,0.,0.006,0.209,0.,0.209,0.205,0.,0.205
19,0.258,0.,0.258,0.253,0.,0.253,0.006,0.,0.006,0.005,0.,0.005,0.007,0.,0.007,0.007,0.,0.007,0.244,0.,0.244,0.239,0.,0.239
20,0.299,0.,0.299,0.297,0.,0.297,0.006,0.,0.006,0.006,0.,0.006,0.008,0.,0.008,0.008,0.,0.008,0.283,0.,0.283,0.281,0.,0.281
21,0.344,0.,0.344,0.338,0.,0.338,0.007,0.,0.007,0.006,0.,0.006,0.009,0.,0.009,0.009,0.,0.009,0.327,0.,0.327,0.321,0.,0.321
22,0.395,0.,0.395,0.388,0.,0.388,0.008,0.,0.008,0.007,0.,0.007,0.01,0.,0.01,0.01,0.,0.01,0.376,0.,0.376,0.37,0.,0.37
23,0.448,0.,0.448,0.443,0.,0.443,0.008,0.,0.008,0.008,0.,0.008,0.011,0.,0.011,0.011,0.,0.011,0.428,0.,0.428,0.423,0.,0.423
24,0.514,0.,0.514,0.504,0.,0.504,0.008,0.,0.008,0.008,0.,0.008,0.012,0.,0.012,0.012,0.,0.012,0.493,0.,0.493,0.482,0.,0.482
25,0.584,0.,0.584,0.572,0.,0.572,0.01,0.,0.01,0.009,0.,0.009,0.013,0.,0.013,0.013,0.,0.013,0.56,0.,0.56,0.549,0.,0.549
30,1.032,0.,1.032,1.044,0.,1.044,0.012,0.,0.012,0.012,0.,0.012,0.02,0.,0.02,0.021,0.,0.021,0.999,0.,0.999,1.009,0.,1.009
35,1.764,0.,1.764,1.736,0.,1.734,0.016,0.,0.016,0.016,0.,0.016,0.031,0.,0.031,0.031,0.,0.031,1.715,0.,1.715,1.688,0.,1.686
40,2.793,0.,2.793,2.795,0.004,2.791,0.02,0.,0.02,0.02,0.003,0.017,0.042,0.,0.042,0.043,0.,0.043,2.729,0.,2.729,2.731,0.,2.731
45,4.276,0.003,4.271,4.211,0.,4.211,0.026,0.,0.026,0.025,0.,0.025,0.061,0.,0.061,0.059,0.,0.059,4.188,0.003,4.184,4.126,0.,4.126
50,6.254,0.,6.253,6.218,0.,6.217,0.031,0.,0.031,0.031,0.,0.031,0.078,0.,0.078,0.076,0.,0.076,6.142,0.,6.142,6.109,0.,6.108