param-n,autorewrite-noop-regression-quadratic-real,autorewrite-noop-regression-quadratic-sys,autorewrite-noop-regression-quadratic-user,try-rewrite!-evar-noop-regression-quadratic-real,try-rewrite!-evar-noop-regression-quadratic-sys,try-rewrite!-evar-noop-regression-quadratic-user,try-rewrite!-noop-regression-quadratic-real,try-rewrite!-noop-regression-quadratic-sys,try-rewrite!-noop-regression-quadratic-user,try-rewrite-evar-noop-regression-quadratic-real,try-rewrite-evar-noop-regression-quadratic-sys,try-rewrite-evar-noop-regression-quadratic-user,try-rewrite-noop-regression-quadratic-real,try-rewrite-noop-regression-quadratic-sys,try-rewrite-noop-regression-quadratic-user,try-rewrite?-evar-noop-regression-quadratic-real,try-rewrite?-evar-noop-regression-quadratic-sys,try-rewrite?-evar-noop-regression-quadratic-user,try-rewrite?-noop-regression-quadratic-real,try-rewrite?-noop-regression-quadratic-sys,try-rewrite?-noop-regression-quadratic-user,try-ssr-rewrite!-evar-noop-regression-linear-real,try-ssr-rewrite!-evar-noop-regression-linear-sys,try-ssr-rewrite!-evar-noop-regression-linear-user,try-ssr-rewrite!-noop-regression-linear-real,try-ssr-rewrite!-noop-regression-linear-sys,try-ssr-rewrite!-noop-regression-linear-user,try-ssr-rewrite-evar-noop-regression-linear-real,try-ssr-rewrite-evar-noop-regression-linear-sys,try-ssr-rewrite-evar-noop-regression-linear-user,try-ssr-rewrite-noop-regression-linear-real,try-ssr-rewrite-noop-regression-linear-sys,try-ssr-rewrite-noop-regression-linear-user,try-ssr-rewrite?-evar-noop-regression-linear-real,try-ssr-rewrite?-evar-noop-regression-linear-sys,try-ssr-rewrite?-evar-noop-regression-linear-user,try-ssr-rewrite?-noop-regression-linear-real,try-ssr-rewrite?-noop-regression-linear-sys,try-ssr-rewrite?-noop-regression-linear-user
1,0.,0.,0.,0.,0.,0.,0.,0.,0.,0.,0.,0.,0.,0.,0.,0.,0.,0.,0.,0.,0.,0.,0.,0.,0.,0.,0.,0.,0.,0.,0.,0.,0.,0.,0.,0.,0.,0.,0.
2,0.,0.,0.,0.,0.,0.,0.,0.,0.,0.,0.,0.,0.,0.,0.,0.,0.,0.,0.,0.,0.,0.,0.,0.,0.,0.,0.,0.,0.,0.,0.,0.,0.,0.,0.,0.,0.,0.,0.
3,0.,0.,0.,0.,0.,0.,0.,0.,0.,0.,0.,0.,0.,0.,0.,0.,0.,0.,0.,0.,0.,0.,0.,0.,0.,0.,0.,0.,0.,0.,0.,0.,0.,0.,0.,0.,0.,0.,0.
4,0.,0.,0.,0.,0.,0.,0.,0.,0.,0.,0.,0.,0.,0.,0.,0.,0.,0.,0.,0.,0.,0.,0.,0.,0.,0.,0.,0.,0.,0.,0.,0.,0.,0.,0.,0.,0.,0.,0.
8,0.,0.,0.,0.,0.,0.,0.,0.,0.,0.,0.,0.,0.,0.,0.,0.,0.,0.,0.,0.,0.,0.,0.,0.,0.,0.,0.,0.,0.,0.,0.,0.,0.,0.,0.,0.,0.,0.,0.
12,0.,0.,0.,0.,0.,0.,0.,0.,0.,0.,0.,0.,0.,0.,0.,0.,0.,0.,0.,0.,0.,0.,0.,0.,0.,0.,0.,0.,0.,0.,0.,0.,0.,0.,0.,0.,0.,0.,0.
16,0.,0.,0.,0.,0.,0.,0.,0.,0.,0.,0.,0.,0.,0.,0.,0.,0.,0.,0.,0.,0.,0.,0.,0.,0.,0.,0.,0.,0.,0.,0.,0.,0.,0.,0.,0.,0.,0.,0.
20,0.,0.,0.,0.,0.,0.,0.,0.,0.,0.,0.,0.,0.,0.,0.,0.,0.,0.,0.,0.,0.,0.,0.,0.,0.,0.,0.,0.,0.,0.,0.,0.,0.,0.,0.,0.,0.,0.,0.
24,0.,0.,0.,0.,0.,0.,0.,0.,0.,0.,0.,0.,0.,0.,0.,0.,0.,0.,0.,0.,0.,0.,0.,0.,0.,0.,0.,0.,0.,0.,0.,0.,0.,0.,0.,0.,0.,0.,0.
28,0.,0.,0.,0.,0.,0.,0.,0.,0.,0.,0.,0.,0.,0.,0.,0.,0.,0.,0.,0.,0.,0.,0.,0.,0.,0.,0.,0.,0.,0.,0.,0.,0.,0.,0.,0.,0.,0.,0.
32,0.,0.,0.,0.,0.,0.,0.,0.,0.,0.,0.,0.,0.,0.,0.,0.,0.,0.,0.,0.,0.,0.,0.,0.,0.,0.,0.,0.,0.,0.,0.,0.,0.,0.,0.,0.,0.,0.,0.
36,0.,0.,0.,0.,0.,0.,0.,0.,0.,0.,0.,0.,0.,0.,0.,0.,0.,0.,0.,0.,0.,0.,0.,0.,0.,0.,0.,0.,0.,0.,0.,0.,0.,0.,0.,0.,0.,0.,0.
40,0.,0.,0.,0.,0.,0.,0.,0.,0.,0.,0.,0.,0.,0.,0.,0.,0.,0.,0.,0.,0.,0.,0.,0.,0.,0.,0.,0.,0.,0.,0.,0.,0.,0.,0.,0.,0.,0.,0.
44,0.,0.,0.,0.,0.,0.,0.,0.,0.,0.,0.,0.,0.,0.,0.,0.,0.,0.,0.,0.,0.,0.,0.,0.,0.,0.,0.,0.,0.,0.,0.,0.,0.,0.,0.,0.,0.,0.,0.
48,0.,0.,0.,0.,0.,0.,0.,0.,0.,0.,0.,0.,0.,0.,0.,0.,0.,0.,0.,0.,0.,0.,0.,0.,0.,0.,0.,0.,0.,0.,0.,0.,0.,0.,0.,0.,0.,0.,0.
50,0.,0.,0.,0.,0.,0.,0.,0.,0.,0.,0.,0.,0.,0.,0.,0.,0.,0.,0.,0.,0.,0.,0.,0.,0.,0.,0.,0.,0.,0.,0.,0.,0.,0.,0.,0.,0.,0.,0.
52,0.,0.,0.,0.,0.,0.,0.,0.,0.,0.,0.,0.,0.,0.,0.,0.039,0.,0.039,0.,0.,0.,0.,0.,0.,0.,0.,0.,0.,0.,0.,0.,0.,0.,0.,0.,0.,0.,0.,0.
56,0.,0.,0.,0.,0.,0.,0.,0.,0.,0.,0.,0.,0.,0.,0.,0.,0.,0.,0.,0.,0.,0.,0.,0.,0.,0.,0.,0.,0.,0.,0.,0.,0.,0.,0.,0.,0.,0.,0.
60,0.,0.,0.,0.,0.,0.,0.,0.,0.,0.,0.,0.,0.,0.,0.,0.,0.,0.,0.,0.,0.,0.,0.,0.,0.,0.,0.,0.,0.,0.,0.,0.,0.,0.,0.,0.,0.,0.,0.
64,0.,0.,0.,0.,0.,0.,0.,0.,0.,0.,0.,0.,0.,0.,0.,0.,0.,0.,0.,0.,0.,0.,0.,0.,0.,0.,0.,0.,0.,0.,0.,0.,0.,0.,0.,0.,0.,0.,0.
68,0.,0.,0.,0.001,0.,0.001,0.,0.,0.,0.,0.,0.,0.,0.,0.,0.,0.,0.,0.,0.,0.,0.,0.,0.,0.,0.,0.,0.,0.,0.,0.,0.,0.,0.,0.,0.,0.,0.,0.
72,0.,0.,0.,0.001,0.,0.001,0.,0.,0.,0.001,0.,0.001,0.,0.,0.,0.001,0.,0.001,0.,0.,0.,0.,0.,0.,0.,0.,0.,0.,0.,0.,0.,0.,0.,0.,0.,0.,0.,0.,0.
76,0.,0.,0.,0.001,0.,0.001,0.,0.,0.,0.001,0.,0.001,0.,0.,0.,0.001,0.,0.001,0.,0.,0.,0.,0.,0.,0.,0.,0.,0.,0.,0.,0.,0.,0.,0.,0.,0.,0.,0.,0.
80,0.,0.,0.,0.001,0.,0.001,0.,0.,0.,0.039,0.,0.039,0.,0.,0.,0.001,0.,0.001,0.,0.,0.,0.,0.,0.,0.,0.,0.,0.,0.,0.,0.,0.,0.,0.,0.,0.,0.,0.,0.
84,0.,0.,0.,0.001,0.,0.001,0.,0.,0.,0.001,0.,0.001,0.,0.,0.,0.001,0.,0.001,0.,0.,0.,0.,0.,0.,0.,0.,0.,0.,0.,0.,0.,0.,0.,0.,0.,0.,0.,0.,0.
88,0.,0.,0.,0.001,0.,0.001,0.,0.,0.,0.001,0.,0.001,0.,0.,0.,0.001,0.,0.001,0.,0.,0.,0.,0.,0.,0.,0.,0.,0.,0.,0.,0.,0.,0.,0.,0.,0.,0.,0.,0.
92,0.,0.,0.,0.001,0.,0.001,0.,0.,0.,0.001,0.,0.001,0.,0.,0.,0.001,0.,0.001,0.,0.,0.,0.,0.,0.,0.,0.,0.,0.,0.,0.,0.,0.,0.,0.,0.,0.,0.,0.,0.
96,0.,0.,0.,0.001,0.,0.001,0.,0.,0.,0.001,0.,0.001,0.,0.,0.,0.001,0.,0.001,0.,0.,0.,0.,0.,0.,0.,0.,0.,0.,0.,0.,0.,0.,0.,0.,0.,0.,0.,0.,0.
100,0.001,0.,0.001,0.001,0.,0.001,0.001,0.,0.001,0.001,0.,0.001,0.001,0.,0.001,0.001,0.,0.001,0.001,0.,0.001,0.,0.,0.,0.,0.,0.,0.,0.,0.,0.,0.,0.,0.,0.,0.,0.,0.,0.
104,0.001,0.,0.001,0.001,0.,0.001,0.001,0.,0.001,0.002,0.,0.002,0.001,0.,0.001,0.001,0.,0.001,0.001,0.,0.001,0.,0.,0.,0.,0.,0.,0.,0.,0.,0.,0.,0.,0.,0.,0.,0.,0.,0.
108,0.001,0.,0.001,0.001,0.,0.001,0.001,0.,0.001,0.001,0.,0.001,0.001,0.,0.001,0.001,0.,0.001,0.001,0.,0.001,0.,0.,0.,0.,0.,0.,0.,0.,0.,0.,0.,0.,0.,0.,0.,0.,0.,0.
112,0.001,0.,0.001,0.001,0.,0.001,0.001,0.,0.001,0.001,0.,0.001,0.001,0.,0.001,0.001,0.,0.001,0.001,0.,0.001,0.,0.,0.,0.,0.,0.,0.,0.,0.,0.,0.,0.,0.,0.,0.,0.,0.,0.
116,0.001,0.,0.001,0.002,0.,0.002,0.001,0.,0.001,0.001,0.,0.001,0.001,0.,0.001,0.001,0.,0.001,0.001,0.,0.001,0.,0.,0.,0.,0.,0.,0.,0.,0.,0.,0.,0.,0.,0.,0.,0.,0.,0.
120,0.001,0.,0.001,0.002,0.,0.002,0.001,0.,0.001,0.001,0.,0.001,0.001,0.,0.001,0.001,0.,0.001,0.001,0.,0.001,0.,0.,0.,0.,0.,0.,0.,0.,0.,0.,0.,0.,0.,0.,0.,0.,0.,0.
124,0.001,0.,0.001,0.002,0.,0.002,0.001,0.,0.001,0.002,0.,0.002,0.001,0.,0.001,0.002,0.,0.002,0.001,0.,0.001,0.,0.,0.,0.,0.,0.,0.,0.,0.,0.,0.,0.,0.,0.,0.,0.,0.,0.
128,0.001,0.,0.001,0.002,0.,0.002,0.001,0.,0.001,0.002,0.,0.002,0.001,0.,0.001,0.002,0.,0.002,0.001,0.,0.001,0.,0.,0.,0.,0.,0.,0.,0.,0.,0.,0.,0.,0.,0.,0.,0.,0.,0.
132,0.001,0.,0.001,0.002,0.,0.002,0.001,0.,0.001,0.002,0.,0.002,0.001,0.,0.001,0.002,0.,0.002,0.001,0.,0.001,0.,0.,0.,0.,0.,0.,0.,0.,0.,0.,0.,0.,0.,0.,0.,0.,0.,0.
136,0.001,0.,0.001,0.002,0.,0.002,0.001,0.,0.001,0.002,0.,0.002,0.001,0.,0.001,0.002,0.,0.002,0.001,0.,0.001,0.,0.,0.,0.,0.,0.,0.,0.,0.,0.,0.,0.,0.,0.,0.,0.,0.,0.
140,0.001,0.,0.001,0.002,0.,0.002,0.001,0.,0.001,0.002,0.,0.002,0.001,0.,0.001,0.002,0.,0.002,0.001,0.,0.001,0.,0.,0.,0.,0.,0.,0.,0.,0.,0.,0.,0.,0.,0.,0.,0.,0.,0.
144,0.001,0.,0.001,0.002,0.,0.002,0.001,0.,0.001,0.002,0.,0.002,0.001,0.,0.001,0.002,0.,0.002,0.001,0.,0.001,0.,0.,0.,0.,0.,0.,0.,0.,0.,0.,0.,0.,0.,0.,0.,0.,0.,0.
148,0.002,0.,0.002,0.002,0.,0.002,0.001,0.,0.001,0.002,0.,0.002,0.001,0.,0.001,0.002,0.,0.002,0.001,0.,0.001,0.,0.,0.,0.,0.,0.,0.,0.,0.,0.,0.,0.,0.,0.,0.,0.,0.,0.
150,0.002,0.,0.002,0.003,0.003,0.,0.001,0.,0.001,0.003,0.,0.003,0.002,0.002,0.,0.003,0.,0.003,0.001,0.001,0.,0.,0.,0.,0.,0.,0.,0.,0.,0.,0.,0.,0.,0.,0.,0.,0.,0.,0.
152,0.001,0.,0.001,0.002,0.,0.002,0.001,0.,0.001,0.002,0.,0.002,0.001,0.,0.001,0.002,0.,0.002,0.001,0.,0.001,0.,0.,0.,0.,0.,0.,0.,0.,0.,0.,0.,0.,0.,0.,0.,0.,0.,0.
156,0.001,0.001,0.,0.002,0.,0.002,0.001,0.001,0.,0.002,0.,0.002,0.001,0.,0.001,0.003,0.,0.003,0.001,0.,0.001,0.,0.,0.,0.,0.,0.,0.,0.,0.,0.,0.,0.,0.,0.,0.,0.,0.,0.
160,0.001,0.,0.001,0.002,0.,0.002,0.001,0.,0.001,0.002,0.,0.002,0.001,0.,0.001,0.002,0.,0.002,0.001,0.,0.001,0.,0.,0.,0.,0.,0.,0.,0.,0.,0.,0.,0.,0.,0.,0.,0.,0.,0.
164,0.001,0.,0.001,0.002,0.,0.002,0.001,0.,0.001,0.002,0.,0.002,0.001,0.,0.001,0.002,0.,0.002,0.001,0.,0.001,0.,0.,0.,0.,0.,0.,0.,0.,0.,0.,0.,0.,0.,0.,0.,0.,0.,0.
168,0.001,0.,0.001,0.002,0.,0.002,0.001,0.,0.001,0.003,0.,0.003,0.001,0.,0.001,0.003,0.,0.002,0.002,0.,0.002,0.,0.,0.,0.,0.,0.,0.,0.,0.,0.,0.,0.,0.,0.,0.,0.,0.,0.
172,0.001,0.001,0.,0.003,0.,0.003,0.001,0.,0.001,0.003,0.,0.003,0.001,0.,0.001,0.003,0.,0.003,0.002,0.,0.002,0.,0.,0.,0.,0.,0.,0.,0.,0.,0.,0.,0.,0.,0.,0.,0.,0.,0.
176,0.001,0.,0.001,0.003,0.,0.003,0.002,0.,0.002,0.003,0.,0.003,0.002,0.,0.002,0.003,0.,0.003,0.002,0.,0.002,0.,0.,0.,0.,0.,0.,0.,0.,0.,0.,0.,0.,0.,0.,0.,0.,0.,0.
180,0.002,0.,0.002,0.003,0.,0.003,0.002,0.,0.002,0.003,0.,0.003,0.002,0.,0.002,0.003,0.,0.003,0.002,0.,0.002,0.,0.,0.,0.,0.,0.,0.,0.,0.,0.,0.,0.,0.,0.,0.,0.,0.,0.
184,0.002,0.,0.002,0.003,0.,0.003,0.002,0.,0.002,0.003,0.,0.003,0.002,0.,0.002,0.003,0.,0.003,0.002,0.,0.002,0.,0.,0.,0.,0.,0.,0.,0.,0.,0.,0.,0.,0.,0.,0.,0.,0.,0.
188,0.002,0.,0.002,0.003,0.,0.003,0.002,0.002,0.,0.003,0.,0.003,0.002,0.001,0.,0.003,0.,0.003,0.002,0.,0.002,0.,0.,0.,0.,0.,0.,0.,0.,0.,0.,0.,0.,0.,0.,0.,0.,0.,0.
192,0.002,0.,0.002,0.003,0.,0.003,0.002,0.,0.002,0.003,0.,0.003,0.002,0.,0.002,0.003,0.,0.003,0.002,0.,0.002,0.,0.,0.,0.,0.,0.,0.,0.,0.,0.,0.,0.,0.,0.,0.,0.,0.,0.
196,0.002,0.,0.002,0.003,0.,0.003,0.002,0.,0.002,0.003,0.,0.003,0.002,0.,0.002,0.003,0.,0.003,0.002,0.,0.002,0.,0.,0.,0.,0.,0.,0.,0.,0.,0.,0.,0.,0.,0.,0.,0.,0.,0.
200,0.042,0.003,0.039,0.003,0.,0.003,0.002,0.,0.002,0.003,0.,0.003,0.002,0.,0.002,0.003,0.,0.003,0.002,0.,0.002,0.,0.,0.,0.,0.,0.,0.,0.,0.,0.,0.,0.,0.,0.,0.,0.,0.,0.
204,0.002,0.,0.002,0.003,0.,0.003,0.002,0.,0.002,0.003,0.,0.003,0.002,0.,0.002,0.003,0.,0.003,0.002,0.,0.002,0.,0.,0.,0.,0.,0.,0.,0.,0.,0.,0.,0.,0.,0.,0.,0.,0.,0.
208,0.002,0.,0.002,0.003,0.,0.003,0.002,0.,0.002,0.003,0.,0.003,0.002,0.,0.002,0.003,0.,0.003,0.002,0.,0.002,0.,0.,0.,0.,0.,0.,0.,0.,0.,0.,0.,0.,0.,0.,0.,0.,0.,0.
212,0.002,0.,0.002,0.004,0.,0.004,0.002,0.,0.002,0.004,0.,0.004,0.002,0.,0.002,0.004,0.,0.004,0.002,0.,0.002,0.,0.,0.,0.,0.,0.,0.,0.,0.,0.,0.,0.,0.,0.,0.,0.,0.,0.
216,0.002,0.,0.002,0.004,0.,0.004,0.002,0.,0.002,0.004,0.,0.004,0.002,0.,0.002,0.004,0.,0.004,0.002,0.,0.002,0.,0.,0.,0.,0.,0.,0.,0.,0.,0.,0.,0.,0.,0.,0.,0.,0.,0.
220,0.002,0.,0.002,0.004,0.,0.004,0.002,0.,0.002,0.004,0.,0.004,0.002,0.,0.002,0.004,0.,0.004,0.002,0.,0.002,0.,0.,0.,0.,0.,0.,0.,0.,0.,0.,0.,0.,0.,0.,0.,0.,0.,0.
224,0.002,0.,0.002,0.004,0.,0.004,0.002,0.,0.002,0.004,0.,0.004,0.002,0.,0.002,0.004,0.,0.004,0.002,0.,0.002,0.,0.,0.,0.,0.,0.,0.,0.,0.,0.,0.,0.,0.,0.,0.,0.,0.,0.
228,0.002,0.,0.002,0.004,0.,0.004,0.002,0.,0.002,0.004,0.,0.004,0.003,0.,0.003,0.004,0.,0.004,0.002,0.,0.002,0.,0.,0.,0.,0.,0.,0.,0.,0.,0.,0.,0.,0.,0.,0.,0.,0.,0.
232,0.002,0.,0.002,0.004,0.,0.004,0.002,0.,0.002,0.004,0.,0.004,0.002,0.,0.002,0.005,0.,0.005,0.002,0.,0.002,0.,0.,0.,0.,0.,0.,0.,0.,0.,0.,0.,0.,0.,0.,0.,0.,0.,0.
236,0.002,0.,0.002,0.004,0.,0.004,0.002,0.,0.002,0.004,0.,0.004,0.002,0.,0.002,0.004,0.,0.004,0.002,0.,0.002,0.,0.,0.,0.,0.,0.,0.,0.,0.,0.,0.,0.,0.,0.,0.,0.,0.,0.
240,0.002,0.,0.002,0.004,0.,0.004,0.002,0.,0.002,0.004,0.,0.004,0.002,0.,0.002,0.004,0.,0.004,0.002,0.,0.002,0.,0.,0.,0.,0.,0.,0.,0.,0.,0.,0.,0.,0.,0.,0.,0.,0.,0.
244,0.003,0.,0.003,0.005,0.,0.005,0.003,0.,0.003,0.005,0.,0.005,0.003,0.,0.003,0.005,0.,0.005,0.003,0.,0.003,0.,0.,0.,0.,0.,0.,0.,0.,0.,0.,0.,0.,0.,0.,0.,0.,0.,0.
248,0.003,0.,0.003,0.005,0.,0.005,0.003,0.,0.003,0.005,0.,0.005,0.003,0.,0.003,0.005,0.,0.005,0.003,0.,0.003,0.,0.,0.,0.,0.,0.,0.,0.,0.,0.,0.,0.,0.,0.,0.,0.,0.,0.
250,0.003,0.,0.003,0.005,0.,0.005,0.003,0.,0.003,0.005,0.,0.005,0.003,0.,0.003,0.005,0.,0.005,0.003,0.,0.003,0.,0.,0.,0.,0.,0.,0.,0.,0.,0.,0.,0.,0.,0.,0.,0.,0.,0.
252,0.003,0.,0.003,0.005,0.,0.005,0.003,0.,0.003,0.005,0.,0.005,0.003,0.,0.003,0.005,0.,0.005,0.003,0.,0.003,0.,0.,0.,0.,0.,0.,0.,0.,0.,0.,0.,0.,0.,0.,0.,0.,0.,0.
256,0.003,0.,0.003,0.005,0.,0.005,0.003,0.,0.003,0.005,0.,0.005,0.003,0.,0.003,0.005,0.,0.005,0.003,0.,0.003,0.,0.,0.,0.,0.,0.,0.,0.,0.,0.,0.,0.,0.,0.,0.,0.,0.,0.
260,0.003,0.,0.003,0.005,0.,0.005,0.003,0.,0.003,0.005,0.,0.005,0.003,0.,0.003,0.005,0.,0.005,0.003,0.,0.003,0.,0.,0.,0.,0.,0.,0.,0.,0.,0.,0.,0.,0.,0.,0.,0.,0.,0.
264,0.003,0.,0.003,0.005,0.,0.005,0.003,0.,0.003,0.005,0.,0.005,0.003,0.,0.003,0.005,0.,0.005,0.003,0.,0.003,0.,0.,0.,0.,0.,0.,0.,0.,0.,0.,0.,0.,0.,0.,0.,0.,0.,0.
268,0.003,0.,0.003,0.006,0.,0.006,0.003,0.,0.003,0.005,0.,0.005,0.003,0.,0.003,0.005,0.,0.005,0.003,0.,0.003,0.,0.,0.,0.,0.,0.,0.,0.,0.,0.,0.,0.,0.,0.,0.,0.,0.,0.
272,0.003,0.,0.003,0.006,0.,0.006,0.003,0.,0.003,0.005,0.,0.005,0.003,0.,0.003,0.006,0.,0.006,0.003,0.,0.003,0.,0.,0.,0.,0.,0.,0.,0.,0.,0.,0.,0.,0.,0.,0.,0.,0.,0.
276,0.003,0.,0.003,0.006,0.,0.006,0.003,0.,0.003,0.006,0.,0.006,0.003,0.,0.003,0.006,0.,0.006,0.003,0.,0.003,0.,0.,0.,0.,0.,0.,0.,0.,0.,0.,0.,0.,0.,0.,0.,0.,0.,0.
280,0.003,0.,0.003,0.006,0.,0.006,0.004,0.,0.004,0.006,0.,0.006,0.003,0.,0.003,0.006,0.,0.006,0.003,0.,0.003,0.,0.,0.,0.,0.,0.,0.,0.,0.,0.,0.,0.,0.,0.,0.,0.,0.,0.
284,0.003,0.,0.003,0.006,0.,0.006,0.003,0.,0.003,0.006,0.,0.006,0.003,0.,0.003,0.006,0.,0.006,0.004,0.,0.004,0.,0.,0.,0.,0.,0.,0.,0.,0.,0.,0.,0.,0.,0.,0.,0.,0.,0.
288,0.003,0.,0.003,0.006,0.,0.006,0.003,0.,0.003,0.006,0.,0.006,0.003,0.,0.003,0.006,0.,0.006,0.003,0.,0.003,0.,0.,0.,0.,0.,0.,0.,0.,0.,0.,0.,0.,0.,0.,0.,0.,0.,0.
292,0.003,0.,0.003,0.006,0.,0.006,0.003,0.,0.003,0.006,0.,0.006,0.003,0.,0.003,0.006,0.,0.006,0.003,0.,0.003,0.,0.,0.,0.,0.,0.,0.,0.,0.,0.,0.,0.,0.,0.,0.,0.,0.,0.
296,0.003,0.,0.003,0.006,0.,0.006,0.003,0.,0.003,0.006,0.,0.006,0.003,0.,0.003,0.006,0.,0.006,0.003,0.,0.003,0.,0.,0.,0.,0.,0.,0.,0.,0.,0.,0.,0.,0.,0.,0.,0.,0.,0.
300,0.004,0.,0.004,0.006,0.,0.006,0.004,0.,0.004,0.006,0.,0.006,0.004,0.,0.004,0.006,0.,0.006,0.004,0.,0.004,0.,0.,0.,0.,0.,0.,0.,0.,0.,0.,0.,0.,0.,0.,0.,0.,0.,0.
304,0.004,0.,0.004,0.006,0.,0.006,0.004,0.,0.004,0.006,0.,0.006,0.004,0.,0.004,0.006,0.,0.006,0.004,0.,0.004,0.,0.,0.,0.,0.,0.,0.,0.,0.,0.,0.,0.,0.,0.,0.,0.,0.,0.
308,0.004,0.,0.004,0.006,0.,0.006,0.004,0.,0.004,0.006,0.,0.006,0.004,0.,0.004,0.006,0.,0.006,0.004,0.,0.004,0.,0.,0.,0.,0.,0.,0.,0.,0.,0.,0.,0.,0.,0.,0.,0.,0.,0.
312,0.004,0.,0.004,0.007,0.,0.007,0.005,0.,0.005,0.007,0.,0.007,0.004,0.,0.004,0.006,0.,0.006,0.004,0.,0.004,0.,0.,0.,0.,0.,0.,0.,0.,0.,0.,0.,0.,0.,0.,0.,0.,0.,0.
316,0.004,0.,0.004,0.007,0.,0.007,0.004,0.,0.004,0.007,0.,0.007,0.005,0.,0.005,0.007,0.,0.007,0.004,0.,0.004,0.,0.,0.,0.,0.,0.,0.,0.,0.,0.,0.,0.,0.,0.,0.,0.,0.,0.
320,0.004,0.,0.004,0.007,0.,0.007,0.004,0.,0.004,0.007,0.,0.007,0.005,0.,0.005,0.007,0.,0.007,0.004,0.,0.004,0.,0.,0.,0.,0.,0.,0.,0.,0.,0.,0.,0.,0.,0.,0.,0.,0.,0.
324,0.004,0.,0.004,0.008,0.,0.008,0.004,0.,0.004,0.008,0.,0.008,0.005,0.,0.005,0.007,0.,0.007,0.004,0.,0.004,0.,0.,0.,0.,0.,0.,0.,0.,0.,0.,0.,0.,0.,0.,0.,0.,0.,0.
328,0.004,0.,0.004,0.008,0.,0.008,0.004,0.,0.004,0.007,0.,0.007,0.005,0.,0.005,0.007,0.,0.007,0.004,0.,0.004,0.,0.,0.,0.,0.,0.,0.,0.,0.,0.,0.,0.,0.,0.,0.,0.,0.,0.
332,0.004,0.,0.004,0.008,0.,0.008,0.005,0.,0.005,0.007,0.,0.007,0.005,0.,0.005,0.007,0.,0.007,0.005,0.,0.005,0.,0.,0.,0.,0.,0.,0.,0.,0.,0.,0.,0.,0.,0.,0.,0.,0.,0.
336,0.005,0.,0.005,0.007,0.,0.007,0.005,0.,0.005,0.008,0.,0.008,0.005,0.,0.005,0.008,0.,0.008,0.005,0.,0.005,0.,0.,0.,0.,0.,0.,0.,0.,0.,0.,0.,0.,0.,0.,0.,0.,0.,0.
340,0.005,0.,0.005,0.008,0.,0.008,0.005,0.,0.005,0.008,0.,0.008,0.005,0.,0.005,0.007,0.,0.007,0.005,0.,0.005,0.,0.,0.,0.,0.,0.,0.,0.,0.,0.,0.,0.,0.,0.,0.,0.,0.,0.
344,0.005,0.,0.005,0.008,0.,0.008,0.005,0.,0.005,0.008,0.,0.008,0.004,0.,0.004,0.008,0.,0.008,0.005,0.,0.005,0.,0.,0.,0.,0.,0.,0.,0.,0.,0.,0.,0.,0.,0.,0.,0.,0.,0.
348,0.005,0.,0.005,0.008,0.,0.008,0.005,0.,0.005,0.008,0.,0.008,0.005,0.,0.005,0.008,0.,0.008,0.005,0.,0.005,0.,0.,0.,0.,0.,0.,0.,0.,0.,0.,0.,0.,0.,0.,0.,0.,0.,0.
350,0.005,0.,0.005,0.008,0.,0.008,0.005,0.,0.005,0.008,0.,0.008,0.005,0.,0.005,0.008,0.,0.008,0.005,0.,0.005,0.,0.,0.,0.,0.,0.,0.,0.,0.,0.,0.,0.,0.,0.,0.,0.,0.,0.
352,0.005,0.,0.005,0.008,0.,0.008,0.005,0.,0.005,0.008,0.,0.008,0.005,0.,0.005,0.008,0.,0.008,0.005,0.,0.005,0.,0.,0.,0.,0.,0.,0.,0.,0.,0.,0.,0.,0.,0.,0.,0.,0.,0.
356,0.005,0.,0.005,0.008,0.,0.008,0.005,0.,0.005,0.008,0.,0.008,0.005,0.,0.005,0.008,0.,0.008,0.005,0.,0.005,0.,0.,0.,0.,0.,0.,0.,0.,0.,0.,0.,0.,0.,0.,0.,0.,0.,0.
360,0.005,0.,0.005,0.008,0.,0.008,0.005,0.,0.005,0.009,0.,0.009,0.005,0.,0.005,0.008,0.,0.008,0.005,0.,0.005,0.,0.,0.,0.,0.,0.,0.,0.,0.,0.,0.,0.,0.,0.,0.,0.,0.,0.
364,0.005,0.,0.005,0.009,0.,0.009,0.005,0.,0.005,0.008,0.,0.008,0.005,0.,0.005,0.008,0.,0.008,0.005,0.,0.005,0.,0.,0.,0.,0.,0.,0.,0.,0.,0.,0.,0.,0.,0.,0.,0.,0.,0.
368,0.005,0.,0.005,0.008,0.,0.008,0.005,0.,0.005,0.008,0.,0.008,0.005,0.,0.005,0.008,0.,0.008,0.005,0.,0.005,0.,0.,0.,0.,0.,0.,0.,0.,0.,0.,0.,0.,0.,0.,0.,0.,0.,0.
372,0.005,0.,0.005,0.009,0.,0.009,0.005,0.,0.005,0.009,0.,0.009,0.005,0.,0.005,0.009,0.,0.009,0.005,0.,0.005,0.,0.,0.,0.,0.,0.,0.,0.,0.,0.,0.,0.,0.,0.,0.,0.,0.,0.
376,0.005,0.,0.005,0.009,0.,0.009,0.006,0.,0.006,0.009,0.,0.009,0.005,0.,0.005,0.009,0.,0.009,0.005,0.,0.005,0.,0.,0.,0.,0.,0.,0.,0.,0.,0.,0.,0.,0.,0.,0.,0.,0.,0.
380,0.005,0.,0.005,0.009,0.,0.009,0.005,0.,0.005,0.009,0.,0.009,0.005,0.,0.005,0.009,0.,0.009,0.005,0.,0.005,0.,0.,0.,0.,0.,0.,0.,0.,0.,0.,0.,0.,0.,0.,0.,0.,0.,0.
384,0.005,0.,0.005,0.009,0.,0.009,0.005,0.,0.005,0.009,0.,0.009,0.005,0.,0.005,0.009,0.,0.009,0.005,0.,0.005,0.,0.,0.,0.,0.,0.,0.,0.,0.,0.,0.,0.,0.,0.,0.,0.,0.,0.
388,0.005,0.,0.005,0.01,0.,0.01,0.006,0.,0.006,0.009,0.,0.009,0.006,0.,0.006,0.009,0.,0.009,0.006,0.,0.006,0.,0.,0.,0.,0.,0.,0.,0.,0.,0.,0.,0.,0.,0.,0.,0.,0.,0.
392,0.006,0.,0.006,0.009,0.,0.009,0.006,0.,0.006,0.009,0.,0.009,0.006,0.,0.006,0.01,0.,0.01,0.006,0.,0.006,0.,0.,0.,0.,0.,0.,0.,0.,0.,0.,0.,0.,0.,0.,0.,0.,0.,0.
396,0.006,0.,0.006,0.01,0.,0.01,0.006,0.,0.006,0.01,0.,0.01,0.006,0.,0.006,0.01,0.,0.01,0.006,0.,0.006,0.,0.,0.,0.,0.,0.,0.,0.,0.,0.,0.,0.,0.,0.,0.,0.,0.,0.
400,0.006,0.,0.006,0.011,0.,0.011,0.006,0.,0.006,0.01,0.,0.01,0.006,0.,0.006,0.01,0.,0.01,0.006,0.,0.006,0.,0.,0.,0.,0.,0.,0.,0.,0.,0.,0.,0.,0.,0.,0.,0.,0.,0.
404,0.006,0.,0.006,0.01,0.,0.01,0.006,0.,0.006,0.01,0.,0.01,0.006,0.,0.006,0.01,0.,0.01,0.006,0.,0.006,0.,0.,0.,0.,0.,0.,0.,0.,0.,0.,0.,0.,0.,0.,0.,0.,0.,0.
408,0.006,0.,0.006,0.01,0.,0.01,0.006,0.,0.006,0.01,0.,0.01,0.006,0.,0.006,0.01,0.,0.01,0.006,0.,0.006,0.,0.,0.,0.,0.,0.,0.,0.,0.,0.,0.,0.,0.,0.,0.,0.,0.,0.
412,0.006,0.,0.006,0.011,0.,0.011,0.006,0.,0.006,0.01,0.,0.01,0.006,0.,0.006,0.01,0.,0.01,0.006,0.,0.006,0.,0.,0.,0.,0.,0.,0.,0.,0.,0.,0.,0.,0.,0.,0.,0.,0.,0.
416,0.006,0.,0.006,0.011,0.,0.011,0.006,0.,0.006,0.01,0.,0.01,0.006,0.,0.006,0.01,0.,0.01,0.006,0.,0.006,0.,0.,0.,0.,0.,0.,0.,0.,0.,0.,0.,0.,0.,0.,0.,0.,0.,0.
420,0.006,0.,0.006,0.011,0.,0.011,0.006,0.,0.006,0.011,0.,0.011,0.006,0.,0.006,0.011,0.,0.011,0.006,0.,0.006,0.,0.,0.,0.,0.,0.,0.,0.,0.,0.,0.,0.,0.,0.,0.,0.,0.,0.
424,0.006,0.,0.006,0.011,0.,0.011,0.006,0.,0.006,0.011,0.,0.011,0.006,0.,0.006,0.011,0.,0.011,0.007,0.,0.007,0.,0.,0.,0.,0.,0.,0.,0.,0.,0.,0.,0.,0.,0.,0.,0.,0.,0.
428,0.007,0.,0.007,0.011,0.,0.011,0.006,0.,0.006,0.011,0.,0.011,0.007,0.,0.007,0.011,0.,0.011,0.006,0.,0.006,0.,0.,0.,0.,0.,0.,0.,0.,0.,0.,0.,0.,0.,0.,0.,0.,0.,0.
432,0.007,0.,0.007,0.011,0.,0.011,0.007,0.,0.007,0.011,0.,0.011,0.007,0.,0.007,0.011,0.,0.011,0.007,0.,0.007,0.,0.,0.,0.,0.,0.,0.,0.,0.,0.,0.,0.,0.,0.,0.,0.,0.,0.
436,0.007,0.,0.007,0.011,0.,0.011,0.007,0.,0.007,0.012,0.,0.012,0.007,0.,0.007,0.011,0.,0.011,0.007,0.,0.007,0.,0.,0.,0.,0.,0.,0.,0.,0.,0.,0.,0.,0.,0.,0.,0.,0.,0.
440,0.007,0.,0.007,0.012,0.,0.012,0.007,0.,0.007,0.012,0.,0.012,0.007,0.,0.007,0.012,0.,0.012,0.008,0.,0.008,0.,0.,0.,0.,0.,0.,0.,0.,0.,0.,0.,0.,0.,0.,0.,0.,0.,0.
444,0.008,0.,0.008,0.012,0.,0.012,0.007,0.,0.007,0.012,0.,0.012,0.007,0.,0.007,0.012,0.,0.012,0.007,0.,0.007,0.,0.,0.,0.,0.,0.,0.,0.,0.,0.,0.,0.,0.,0.,0.,0.,0.,0.
448,0.007,0.,0.007,0.012,0.,0.012,0.007,0.,0.007,0.012,0.,0.012,0.008,0.,0.008,0.013,0.,0.013,0.007,0.,0.007,0.,0.,0.,0.,0.,0.,0.,0.,0.,0.,0.,0.,0.,0.,0.,0.,0.,0.
452,0.008,0.,0.008,0.013,0.,0.013,0.008,0.,0.008,0.012,0.,0.012,0.008,0.,0.008,0.012,0.,0.012,0.008,0.,0.008,0.,0.,0.,0.,0.,0.,0.,0.,0.,0.,0.,0.,0.,0.,0.,0.,0.,0.
456,0.008,0.,0.008,0.012,0.,0.012,0.008,0.,0.008,0.013,0.,0.013,0.008,0.,0.008,0.012,0.,0.012,0.008,0.,0.008,0.,0.,0.,0.,0.,0.,0.,0.,0.,0.,0.,0.,0.,0.,0.,0.,0.,0.
460,0.008,0.,0.008,0.013,0.,0.013,0.008,0.,0.008,0.013,0.,0.013,0.008,0.,0.008,0.013,0.,0.013,0.008,0.,0.008,0.,0.,0.,0.,0.,0.,0.,0.,0.,0.,0.,0.,0.,0.,0.,0.,0.,0.
464,0.008,0.,0.008,0.014,0.,0.014,0.009,0.,0.009,0.013,0.,0.013,0.008,0.,0.008,0.013,0.,0.013,0.008,0.,0.008,0.,0.,0.,0.,0.,0.,0.,0.,0.,0.,0.,0.,0.,0.,0.,0.,0.,0.
468,0.008,0.,0.008,0.013,0.,0.013,0.008,0.,0.008,0.013,0.,0.013,0.008,0.,0.008,0.013,0.,0.013,0.008,0.,0.008,0.,0.,0.,0.,0.,0.,0.,0.,0.,0.,0.,0.,0.,0.,0.,0.,0.,0.
472,0.008,0.,0.008,0.014,0.,0.014,0.008,0.,0.008,0.013,0.,0.013,0.008,0.,0.008,0.013,0.,0.013,0.009,0.,0.009,0.,0.,0.,0.,0.,0.,0.,0.,0.,0.,0.,0.,0.,0.,0.,0.,0.,0.
476,0.008,0.,0.008,0.014,0.,0.014,0.008,0.,0.008,0.014,0.,0.014,0.008,0.,0.008,0.014,0.,0.014,0.008,0.,0.008,0.,0.,0.,0.,0.,0.,0.,0.,0.,0.,0.,0.,0.,0.,0.,0.,0.,0.
480,0.009,0.,0.009,0.014,0.,0.014,0.008,0.,0.008,0.014,0.,0.014,0.009,0.,0.009,0.014,0.,0.014,0.009,0.,0.009,0.,0.,0.,0.,0.,0.,0.,0.,0.,0.,0.,0.,0.,0.,0.,0.,0.,0.
484,0.009,0.,0.009,0.014,0.,0.014,0.009,0.,0.009,0.014,0.,0.014,0.009,0.,0.009,0.014,0.,0.014,0.008,0.,0.008,0.,0.,0.,0.,0.,0.,0.,0.,0.,0.,0.,0.,0.,0.,0.,0.,0.,0.
488,0.009,0.,0.009,0.015,0.,0.015,0.009,0.,0.009,0.014,0.,0.014,0.009,0.,0.009,0.016,0.,0.016,0.009,0.,0.009,0.,0.,0.,0.,0.,0.,0.,0.,0.,0.,0.,0.,0.,0.,0.,0.,0.,0.
492,0.009,0.,0.009,0.015,0.,0.015,0.009,0.,0.009,0.015,0.,0.015,0.009,0.,0.009,0.014,0.,0.014,0.009,0.,0.009,0.,0.,0.,0.,0.,0.,0.,0.,0.,0.,0.,0.,0.,0.,0.,0.,0.,0.
496,0.009,0.,0.009,0.015,0.,0.015,0.009,0.,0.009,0.015,0.,0.015,0.009,0.,0.009,0.015,0.,0.015,0.009,0.,0.009,0.,0.,0.,0.,0.,0.,0.,0.,0.,0.,0.,0.,0.,0.,0.,0.,0.,0.
500,0.01,0.,0.01,0.015,0.,0.015,0.009,0.,0.009,0.015,0.,0.015,0.009,0.,0.009,0.015,0.,0.015,0.009,0.,0.009,0.,0.,0.,0.,0.,0.,0.,0.,0.,0.,0.,0.,0.,0.,0.,0.,0.,0.
504,0.009,0.,0.009,0.015,0.,0.015,0.01,0.,0.01,0.015,0.,0.015,0.009,0.,0.009,0.015,0.,0.015,0.009,0.,0.009,0.,0.,0.,0.,0.,0.,0.,0.,0.,0.,0.,0.,0.,0.,0.,0.,0.,0.
508,0.009,0.,0.009,0.016,0.,0.016,0.01,0.,0.01,0.016,0.,0.016,0.009,0.,0.009,0.016,0.,0.016,0.009,0.,0.009,0.,0.,0.,0.,0.,0.,0.,0.,0.,0.,0.,0.,0.,0.,0.,0.,0.,0.
512,0.009,0.,0.009,0.016,0.,0.016,0.009,0.,0.009,0.016,0.003,0.012,0.01,0.,0.01,0.015,0.,0.015,0.01,0.,0.01,0.,0.,0.,0.,0.,0.,0.,0.,0.,0.,0.,0.,0.,0.,0.,0.,0.,0.
516,0.01,0.,0.01,0.016,0.,0.016,0.01,0.,0.01,0.016,0.,0.016,0.01,0.,0.01,0.016,0.,0.016,0.01,0.,0.01,0.,0.,0.,0.,0.,0.,0.,0.,0.,0.,0.,0.,0.,0.,0.,0.,0.,0.
520,0.01,0.,0.01,0.016,0.,0.016,0.01,0.,0.01,0.016,0.,0.016,0.01,0.,0.01,0.016,0.,0.016,0.01,0.,0.01,0.,0.,0.,0.,0.,0.,0.,0.,0.,0.,0.,0.,0.,0.,0.,0.,0.,0.
524,0.01,0.,0.01,0.017,0.,0.017,0.01,0.,0.01,0.016,0.,0.016,0.01,0.,0.01,0.016,0.,0.016,0.011,0.,0.011,0.,0.,0.,0.,0.,0.,0.,0.,0.,0.,0.,0.,0.,0.,0.,0.,0.,0.
528,0.01,0.,0.01,0.016,0.,0.016,0.01,0.,0.01,0.017,0.,0.017,0.01,0.,0.01,0.016,0.,0.016,0.01,0.,0.01,0.,0.,0.,0.,0.,0.,0.,0.,0.,0.,0.,0.,0.,0.,0.,0.,0.,0.
532,0.01,0.,0.01,0.017,0.,0.017,0.01,0.,0.01,0.016,0.,0.016,0.01,0.,0.01,0.016,0.,0.016,0.01,0.,0.01,0.,0.,0.,0.,0.,0.,0.,0.,0.,0.,0.,0.,0.,0.,0.,0.,0.,0.
536,0.01,0.,0.01,0.016,0.,0.016,0.011,0.,0.011,0.017,0.,0.017,0.01,0.,0.01,0.017,0.,0.017,0.01,0.,0.01,0.,0.,0.,0.,0.,0.,0.,0.,0.,0.,0.,0.,0.,0.,0.,0.,0.,0.
540,0.01,0.,0.01,0.017,0.,0.017,0.011,0.,0.011,0.017,0.,0.017,0.01,0.,0.01,0.017,0.,0.017,0.011,0.,0.011,0.,0.,0.,0.,0.,0.,0.,0.,0.,0.,0.,0.,0.,0.,0.,0.,0.,0.
544,0.011,0.,0.011,0.017,0.,0.017,0.011,0.,0.011,0.017,0.,0.017,0.011,0.,0.011,0.018,0.,0.018,0.011,0.,0.011,0.,0.,0.,0.,0.,0.,0.,0.,0.,0.,0.,0.,0.,0.,0.,0.,0.,0.
548,0.011,0.,0.011,0.016,0.,0.016,0.011,0.,0.011,0.016,0.,0.016,0.011,0.,0.011,0.016,0.,0.016,0.011,0.,0.011,0.,0.,0.,0.,0.,0.,0.,0.,0.,0.,0.,0.,0.,0.,0.,0.,0.,0.
552,0.01,0.,0.01,0.018,0.,0.018,0.01,0.,0.01,0.016,0.,0.016,0.01,0.,0.01,0.017,0.,0.017,0.01,0.,0.01,0.,0.,0.,0.,0.,0.,0.,0.,0.,0.,0.,0.,0.,0.,0.,0.,0.,0.
556,0.01,0.,0.01,0.018,0.,0.018,0.01,0.,0.01,0.019,0.,0.019,0.01,0.,0.01,0.018,0.,0.018,0.01,0.,0.01,0.,0.,0.,0.,0.,0.,0.,0.,0.,0.,0.,0.,0.,0.,0.,0.,0.,0.
560,0.01,0.,0.01,0.017,0.,0.017,0.01,0.,0.01,0.017,0.,0.017,0.01,0.,0.01,0.018,0.,0.018,0.01,0.,0.01,0.,0.,0.,0.,0.,0.,0.,0.,0.,0.,0.,0.,0.,0.,0.,0.,0.,0.
564,0.01,0.,0.01,0.017,0.,0.017,0.011,0.,0.011,0.017,0.,0.017,0.01,0.,0.01,0.017,0.,0.017,0.01,0.,0.01,0.,0.,0.,0.,0.,0.,0.,0.,0.,0.,0.,0.,0.,0.,0.,0.,0.,0.
568,0.011,0.,0.011,0.018,0.,0.018,0.011,0.,0.011,0.017,0.,0.017,0.011,0.,0.011,0.019,0.,0.019,0.011,0.,0.011,0.,0.,0.,0.,0.,0.,0.,0.,0.,0.,0.,0.,0.,0.,0.,0.,0.,0.
572,0.011,0.,0.011,0.018,0.,0.018,0.011,0.,0.011,0.018,0.,0.018,0.011,0.,0.011,0.018,0.,0.018,0.011,0.,0.011,0.,0.,0.,0.,0.,0.,0.,0.,0.,0.,0.,0.,0.,0.,0.,0.,0.,0.
576,0.011,0.,0.011,0.019,0.,0.019,0.011,0.,0.011,0.018,0.,0.018,0.011,0.,0.011,0.018,0.,0.018,0.011,0.,0.011,0.,0.,0.,0.,0.,0.,0.,0.,0.,0.,0.,0.,0.,0.,0.,0.,0.,0.
580,0.011,0.,0.011,0.018,0.,0.018,0.011,0.,0.011,0.018,0.,0.018,0.011,0.,0.011,0.018,0.,0.018,0.011,0.,0.011,0.,0.,0.,0.,0.,0.,0.,0.,0.,0.,0.,0.,0.,0.,0.,0.,0.,0.
584,0.011,0.,0.011,0.019,0.,0.019,0.011,0.,0.011,0.018,0.,0.018,0.011,0.,0.011,0.018,0.,0.018,0.011,0.,0.011,0.,0.,0.,0.,0.,0.,0.,0.,0.,0.,0.,0.,0.,0.,0.,0.,0.,0.
588,0.011,0.,0.011,0.019,0.,0.019,0.011,0.,0.011,0.021,0.,0.021,0.011,0.,0.011,0.018,0.,0.018,0.011,0.,0.011,0.,0.,0.,0.,0.,0.,0.,0.,0.,0.,0.,0.,0.,0.,0.,0.,0.,0.
592,0.011,0.,0.011,0.019,0.,0.019,0.011,0.,0.011,0.019,0.,0.019,0.011,0.,0.011,0.019,0.,0.019,0.012,0.,0.012,0.,0.,0.,0.,0.,0.,0.,0.,0.,0.,0.,0.,0.,0.,0.,0.,0.,0.
596,0.011,0.,0.011,0.02,0.,0.02,0.012,0.,0.012,0.019,0.,0.019,0.011,0.,0.011,0.019,0.,0.019,0.011,0.,0.011,0.,0.,0.,0.,0.,0.,0.,0.,0.,0.,0.,0.,0.,0.,0.,0.,0.,0.
600,0.013,0.,0.013,0.02,0.,0.02,0.013,0.,0.013,0.02,0.,0.02,0.012,0.,0.012,0.02,0.,0.02,0.013,0.,0.013,0.,0.,0.,0.,0.,0.,0.,0.,0.,0.,0.,0.,0.,0.,0.,0.,0.,0.
604,0.012,0.,0.012,0.022,0.,0.022,0.013,0.,0.013,0.02,0.,0.02,0.013,0.,0.013,0.02,0.,0.02,0.013,0.,0.013,0.,0.,0.,0.,0.,0.,0.,0.,0.,0.,0.,0.,0.,0.,0.,0.,0.,0.
608,0.013,0.,0.013,0.021,0.,0.021,0.013,0.,0.013,0.021,0.,0.021,0.013,0.,0.013,0.021,0.,0.021,0.013,0.,0.013,0.,0.,0.,0.,0.,0.,0.,0.,0.,0.,0.,0.,0.,0.,0.,0.,0.,0.
612,0.013,0.,0.013,0.026,0.,0.026,0.013,0.,0.013,0.021,0.,0.021,0.013,0.,0.013,0.022,0.,0.022,0.015,0.,0.015,0.,0.,0.,0.,0.,0.,0.,0.,0.,0.,0.,0.,0.,0.,0.,0.,0.,0.
616,0.013,0.,0.013,0.021,0.,0.021,0.013,0.,0.013,0.021,0.,0.021,0.013,0.,0.013,0.021,0.,0.021,0.013,0.,0.013,0.,0.,0.,0.,0.,0.,0.,0.,0.,0.,0.,0.,0.,0.,0.,0.,0.,0.
620,0.013,0.,0.013,0.022,0.,0.022,0.013,0.,0.013,0.021,0.,0.021,0.013,0.,0.013,0.022,0.,0.022,0.013,0.,0.013,0.,0.,0.,0.,0.,0.,0.,0.,0.,0.,0.,0.,0.,0.,0.,0.,0.,0.
624,0.014,0.,0.014,0.023,0.,0.023,0.014,0.,0.014,0.022,0.,0.022,0.013,0.,0.013,0.021,0.,0.021,0.015,0.,0.015,0.,0.,0.,0.,0.,0.,0.,0.,0.,0.,0.,0.,0.,0.,0.,0.,0.,0.
628,0.014,0.,0.014,0.022,0.,0.022,0.013,0.,0.013,0.022,0.,0.022,0.014,0.,0.014,0.022,0.,0.022,0.014,0.,0.014,0.,0.,0.,0.,0.,0.,0.,0.,0.,0.,0.,0.,0.,0.,0.,0.,0.,0.
632,0.014,0.,0.014,0.023,0.,0.023,0.014,0.,0.014,0.022,0.,0.022,0.014,0.,0.014,0.022,0.,0.022,0.014,0.,0.014,0.,0.,0.,0.,0.,0.,0.,0.,0.,0.,0.,0.,0.,0.,0.,0.,0.,0.
636,0.014,0.,0.014,0.023,0.,0.023,0.014,0.,0.014,0.023,0.,0.023,0.014,0.,0.014,0.023,0.,0.023,0.014,0.,0.014,0.,0.,0.,0.,0.,0.,0.,0.,0.,0.,0.,0.,0.,0.,0.,0.,0.,0.
640,0.014,0.,0.014,0.023,0.,0.023,0.014,0.,0.014,0.023,0.,0.023,0.014,0.,0.014,0.022,0.,0.022,0.014,0.,0.014,0.,0.,0.,0.,0.,0.,0.,0.,0.,0.,0.,0.,0.,0.,0.,0.,0.,0.
644,0.014,0.,0.014,0.023,0.,0.023,0.014,0.,0.014,0.023,0.,0.023,0.014,0.,0.014,0.022,0.,0.022,0.014,0.,0.014,0.,0.,0.,0.,0.,0.,0.,0.,0.,0.,0.,0.,0.,0.,0.,0.,0.,0.
648,0.014,0.,0.014,0.023,0.,0.023,0.014,0.,0.014,0.023,0.,0.023,0.014,0.,0.014,0.023,0.,0.023,0.014,0.,0.014,0.,0.,0.,0.,0.,0.,0.,0.,0.,0.,0.,0.,0.,0.,0.,0.,0.,0.
652,0.014,0.,0.014,0.026,0.,0.026,0.014,0.,0.014,0.023,0.,0.023,0.015,0.,0.015,0.025,0.,0.025,0.015,0.,0.015,0.,0.,0.,0.,0.,0.,0.,0.,0.,0.,0.,0.,0.,0.,0.,0.,0.,0.
656,0.015,0.,0.015,0.025,0.,0.025,0.015,0.,0.015,0.024,0.,0.024,0.014,0.,0.014,0.024,0.,0.024,0.014,0.,0.014,0.,0.,0.,0.,0.,0.,0.,0.,0.,0.,0.,0.,0.,0.,0.,0.,0.,0.
660,0.015,0.,0.015,0.024,0.,0.024,0.015,0.,0.015,0.025,0.,0.025,0.015,0.,0.015,0.024,0.,0.024,0.015,0.,0.015,0.,0.,0.,0.,0.,0.,0.,0.,0.,0.,0.,0.,0.,0.,0.,0.,0.,0.
664,0.015,0.,0.015,0.024,0.,0.024,0.016,0.,0.016,0.024,0.,0.024,0.016,0.,0.016,0.024,0.,0.024,0.015,0.,0.015,0.,0.,0.,0.,0.,0.,0.,0.,0.,0.,0.,0.,0.,0.,0.,0.,0.,0.
668,0.015,0.,0.015,0.026,0.,0.026,0.015,0.,0.015,0.025,0.,0.025,0.015,0.,0.015,0.024,0.,0.024,0.015,0.,0.015,0.,0.,0.,0.,0.,0.,0.,0.,0.,0.,0.,0.,0.,0.,0.,0.,0.,0.
672,0.015,0.,0.015,0.025,0.,0.025,0.016,0.,0.016,0.025,0.,0.025,0.016,0.,0.016,0.024,0.,0.024,0.015,0.,0.015,0.,0.,0.,0.,0.,0.,0.,0.,0.,0.,0.,0.,0.,0.,0.,0.,0.,0.
676,0.015,0.,0.015,0.025,0.,0.025,0.015,0.,0.015,0.025,0.,0.025,0.015,0.,0.015,0.025,0.,0.025,0.015,0.,0.015,0.,0.,0.,0.,0.,0.,0.,0.,0.,0.,0.,0.,0.,0.,0.,0.,0.,0.
680,0.016,0.,0.016,0.027,0.,0.027,0.016,0.,0.016,0.025,0.,0.025,0.016,0.,0.016,0.026,0.,0.025,0.016,0.,0.016,0.,0.,0.,0.,0.,0.,0.,0.,0.,0.,0.,0.,0.,0.,0.,0.,0.,0.
684,0.016,0.,0.016,0.025,0.,0.025,0.016,0.,0.016,0.024,0.,0.024,0.016,0.,0.016,0.024,0.,0.024,0.015,0.,0.015,0.,0.,0.,0.,0.,0.,0.,0.,0.,0.,0.,0.,0.,0.,0.,0.,0.,0.
688,0.015,0.,0.015,0.025,0.,0.025,0.015,0.,0.015,0.024,0.,0.024,0.015,0.,0.015,0.025,0.,0.025,0.015,0.,0.015,0.,0.,0.,0.,0.,0.,0.,0.,0.,0.,0.,0.,0.,0.,0.,0.,0.,0.
692,0.015,0.,0.015,0.025,0.,0.025,0.015,0.,0.015,0.025,0.,0.025,0.015,0.,0.015,0.025,0.,0.025,0.015,0.,0.015,0.,0.,0.,0.,0.,0.,0.,0.,0.,0.,0.,0.,0.,0.,0.,0.,0.,0.
696,0.015,0.,0.015,0.025,0.,0.025,0.015,0.,0.015,0.025,0.,0.025,0.015,0.,0.015,0.025,0.,0.025,0.015,0.,0.015,0.,0.,0.,0.,0.,0.,0.,0.,0.,0.,0.,0.,0.,0.,0.,0.,0.,0.
700,0.015,0.,0.015,0.026,0.,0.026,0.015,0.,0.015,0.025,0.,0.025,0.015,0.,0.015,0.025,0.,0.025,0.016,0.,0.016,0.,0.,0.,0.,0.,0.,0.,0.,0.,0.,0.,0.,0.,0.,0.,0.,0.,0.
704,0.015,0.,0.015,0.026,0.,0.026,0.015,0.,0.015,0.025,0.,0.025,0.015,0.,0.015,0.025,0.,0.025,0.015,0.,0.015,0.,0.,0.,0.,0.,0.,0.,0.,0.,0.,0.,0.,0.,0.,0.,0.,0.,0.
708,0.016,0.,0.016,0.025,0.,0.025,0.015,0.,0.015,0.026,0.,0.026,0.016,0.,0.016,0.026,0.,0.026,0.016,0.,0.016,0.,0.,0.,0.,0.,0.,0.,0.,0.,0.,0.,0.,0.,0.,0.,0.,0.,0.
712,0.016,0.,0.016,0.026,0.,0.026,0.016,0.,0.016,0.027,0.,0.027,0.016,0.,0.016,0.026,0.,0.026,0.016,0.,0.016,0.,0.,0.,0.,0.,0.,0.,0.,0.,0.,0.,0.,0.,0.,0.,0.,0.,0.
716,0.016,0.,0.016,0.027,0.,0.027,0.016,0.,0.016,0.026,0.,0.026,0.016,0.,0.016,0.026,0.,0.026,0.016,0.,0.016,0.,0.,0.,0.,0.,0.,0.,0.,0.,0.,0.,0.,0.,0.,0.,0.,0.,0.
720,0.016,0.,0.016,0.026,0.,0.026,0.016,0.,0.016,0.026,0.,0.026,0.016,0.,0.016,0.027,0.,0.027,0.016,0.,0.016,0.,0.,0.,0.,0.,0.,0.,0.,0.,0.,0.,0.,0.,0.,0.,0.,0.,0.
724,0.016,0.,0.016,0.027,0.,0.027,0.016,0.,0.016,0.027,0.,0.027,0.016,0.,0.016,0.028,0.,0.028,0.017,0.003,0.013,0.,0.,0.,0.,0.,0.,0.,0.,0.,0.,0.,0.,0.,0.,0.,0.,0.,0.
728,0.016,0.,0.016,0.027,0.,0.027,0.016,0.,0.016,0.027,0.,0.027,0.016,0.,0.016,0.027,0.,0.027,0.016,0.,0.016,0.,0.,0.,0.,0.,0.,0.,0.,0.,0.,0.,0.,0.,0.,0.,0.,0.,0.
732,0.016,0.,0.016,0.027,0.,0.027,0.016,0.,0.016,0.028,0.,0.028,0.017,0.,0.017,0.028,0.,0.028,0.016,0.,0.016,0.,0.,0.,0.,0.,0.,0.,0.,0.,0.,0.,0.,0.,0.,0.,0.,0.,0.
736,0.016,0.,0.016,0.027,0.,0.027,0.016,0.,0.016,0.027,0.,0.027,0.017,0.,0.017,0.029,0.,0.029,0.017,0.,0.017,0.,0.,0.,0.,0.,0.,0.,0.,0.,0.,0.,0.,0.,0.,0.,0.,0.,0.
740,0.018,0.,0.018,0.029,0.,0.029,0.018,0.,0.018,0.029,0.,0.029,0.018,0.,0.018,0.029,0.,0.029,0.018,0.,0.018,0.,0.,0.,0.,0.,0.,0.,0.,0.,0.,0.,0.,0.,0.,0.,0.,0.,0.
744,0.018,0.,0.018,0.03,0.,0.03,0.019,0.,0.019,0.029,0.,0.029,0.018,0.,0.018,0.03,0.,0.03,0.018,0.,0.018,0.,0.,0.,0.,0.,0.,0.,0.,0.,0.,0.,0.,0.,0.,0.,0.,0.,0.
748,0.018,0.,0.018,0.032,0.,0.032,0.018,0.,0.018,0.03,0.,0.03,0.019,0.,0.019,0.03,0.,0.03,0.019,0.,0.019,0.,0.,0.,0.,0.,0.,0.,0.,0.,0.,0.,0.,0.,0.,0.,0.,0.,0.
752,0.018,0.,0.018,0.031,0.,0.031,0.018,0.,0.018,0.03,0.,0.03,0.019,0.,0.019,0.03,0.,0.03,0.018,0.,0.018,0.,0.,0.,0.,0.,0.,0.,0.,0.,0.,0.,0.,0.,0.,0.,0.,0.,0.
756,0.019,0.,0.019,0.031,0.,0.031,0.019,0.,0.019,0.03,0.,0.03,0.019,0.,0.019,0.031,0.,0.031,0.019,0.,0.019,0.,0.,0.,0.,0.,0.,0.,0.,0.,0.,0.,0.,0.,0.,0.,0.,0.,0.
760,0.019,0.,0.019,0.031,0.,0.031,0.019,0.,0.019,0.033,0.,0.033,0.019,0.,0.019,0.03,0.,0.03,0.019,0.,0.019,0.,0.,0.,0.,0.,0.,0.,0.,0.,0.,0.,0.,0.,0.,0.,0.,0.,0.
764,0.02,0.,0.02,0.032,0.,0.032,0.019,0.,0.019,0.031,0.,0.031,0.019,0.,0.019,0.03,0.,0.03,0.019,0.,0.019,0.,0.,0.,0.,0.,0.,0.,0.,0.,0.,0.,0.,0.,0.,0.,0.,0.,0.
768,0.02,0.,0.02,0.031,0.,0.031,0.02,0.,0.02,0.031,0.,0.031,0.02,0.,0.02,0.034,0.,0.034,0.02,0.,0.02,0.,0.,0.,0.,0.,0.,0.,0.,0.,0.,0.,0.,0.,0.,0.,0.,0.,0.
772,0.019,0.,0.019,0.033,0.,0.033,0.02,0.,0.02,0.031,0.,0.031,0.02,0.,0.02,0.031,0.,0.031,0.02,0.,0.02,0.,0.,0.,0.,0.,0.,0.,0.,0.,0.,0.,0.,0.,0.,0.,0.,0.,0.
776,0.019,0.,0.019,0.032,0.,0.032,0.02,0.,0.02,0.031,0.,0.031,0.02,0.,0.02,0.032,0.,0.032,0.02,0.,0.02,0.,0.,0.,0.,0.,0.,0.,0.,0.,0.,0.,0.,0.,0.,0.,0.,0.,0.
780,0.02,0.,0.02,0.031,0.,0.031,0.02,0.,0.02,0.031,0.,0.031,0.022,0.,0.022,0.03,0.,0.03,0.02,0.,0.02,0.,0.,0.,0.,0.,0.,0.,0.,0.,0.,0.,0.,0.,0.,0.,0.,0.,0.
784,0.018,0.,0.018,0.031,0.,0.031,0.018,0.,0.018,0.031,0.,0.031,0.018,0.,0.018,0.031,0.,0.031,0.019,0.,0.019,0.,0.,0.,0.,0.,0.,0.,0.,0.,0.,0.,0.,0.,0.,0.,0.,0.,0.
788,0.019,0.,0.019,0.031,0.,0.031,0.019,0.,0.019,0.031,0.,0.031,0.019,0.,0.019,0.031,0.,0.031,0.019,0.,0.019,0.,0.,0.,0.,0.,0.,0.,0.,0.,0.,0.,0.,0.,0.,0.,0.,0.,0.
792,0.019,0.,0.019,0.031,0.,0.031,0.019,0.,0.019,0.031,0.,0.031,0.019,0.,0.019,0.031,0.,0.031,0.02,0.,0.02,0.,0.,0.,0.,0.,0.,0.,0.,0.,0.,0.,0.,0.,0.,0.,0.,0.,0.
796,0.019,0.,0.019,0.032,0.,0.032,0.019,0.,0.019,0.034,0.,0.034,0.019,0.,0.019,0.035,0.,0.035,0.019,0.,0.019,0.,0.,0.,0.,0.,0.,0.,0.,0.,0.,0.,0.,0.,0.,0.,0.,0.,0.
800,0.02,0.,0.02,0.033,0.,0.033,0.019,0.,0.019,0.033,0.,0.032,0.019,0.,0.019,0.034,0.,0.034,0.019,0.,0.019,0.,0.,0.,0.,0.,0.,0.,0.,0.,0.,0.,0.,0.,0.,0.,0.,0.,0.
804,0.021,0.,0.021,0.033,0.,0.033,0.021,0.,0.021,0.033,0.,0.033,0.021,0.,0.021,0.034,0.,0.034,0.021,0.,0.021,0.,0.,0.,0.,0.,0.,0.,0.,0.,0.,0.,0.,0.,0.,0.,0.,0.,0.
808,0.021,0.,0.021,0.036,0.,0.036,0.021,0.,0.021,0.035,0.,0.035,0.022,0.,0.022,0.034,0.,0.034,0.022,0.,0.022,0.,0.,0.,0.,0.,0.,0.,0.,0.,0.,0.,0.,0.,0.,0.,0.,0.,0.
812,0.021,0.,0.021,0.035,0.,0.035,0.021,0.,0.021,0.034,0.,0.034,0.022,0.,0.022,0.034,0.,0.034,0.022,0.,0.022,0.,0.,0.,0.,0.,0.,0.,0.,0.,0.,0.,0.,0.,0.,0.,0.,0.,0.
816,0.021,0.,0.021,0.034,0.,0.034,0.022,0.,0.022,0.034,0.,0.034,0.021,0.,0.021,0.034,0.,0.034,0.023,0.,0.023,0.,0.,0.,0.,0.,0.,0.,0.,0.,0.,0.,0.,0.,0.,0.,0.,0.,0.
820,0.02,0.,0.02,0.034,0.,0.034,0.02,0.,0.02,0.034,0.,0.034,0.02,0.,0.02,0.034,0.,0.034,0.02,0.,0.02,0.,0.,0.,0.,0.,0.,0.,0.,0.,0.,0.,0.,0.,0.,0.,0.,0.,0.
824,0.02,0.,0.02,0.033,0.,0.033,0.02,0.,0.02,0.034,0.,0.034,0.021,0.,0.021,0.034,0.,0.034,0.02,0.,0.02,0.,0.,0.,0.,0.,0.,0.,0.,0.,0.,0.,0.,0.,0.,0.,0.,0.,0.
828,0.02,0.,0.02,0.035,0.,0.035,0.02,0.,0.02,0.034,0.,0.034,0.021,0.,0.021,0.034,0.,0.034,0.02,0.,0.02,0.,0.,0.,0.,0.,0.,0.,0.,0.,0.,0.,0.,0.,0.,0.,0.,0.,0.
832,0.021,0.,0.021,0.036,0.,0.036,0.021,0.,0.021,0.035,0.,0.035,0.021,0.,0.021,0.034,0.,0.034,0.021,0.,0.021,0.,0.,0.,0.,0.,0.,0.,0.,0.,0.,0.,0.,0.,0.,0.,0.,0.,0.
836,0.022,0.,0.022,0.038,0.,0.038,0.023,0.,0.023,0.037,0.,0.037,0.023,0.,0.023,0.036,0.,0.036,0.023,0.,0.023,0.,0.,0.,0.,0.,0.,0.,0.,0.,0.,0.,0.,0.,0.,0.,0.,0.,0.
840,0.022,0.,0.022,0.037,0.,0.037,0.024,0.,0.024,0.036,0.,0.036,0.023,0.,0.023,0.039,0.,0.039,0.023,0.,0.023,0.,0.,0.,0.,0.,0.,0.,0.,0.,0.,0.,0.,0.,0.,0.,0.,0.,0.
844,0.024,0.,0.024,0.038,0.,0.038,0.023,0.,0.023,0.038,0.,0.038,0.023,0.,0.023,0.038,0.,0.038,0.023,0.,0.023,0.,0.,0.,0.,0.,0.,0.,0.,0.,0.,0.,0.,0.,0.,0.,0.,0.,0.
848,0.023,0.,0.023,0.036,0.,0.036,0.023,0.,0.023,0.036,0.,0.036,0.024,0.,0.024,0.036,0.,0.036,0.022,0.,0.022,0.,0.,0.,0.,0.,0.,0.,0.,0.,0.,0.,0.,0.,0.,0.,0.,0.,0.
852,0.021,0.,0.021,0.036,0.,0.036,0.021,0.,0.021,0.035,0.,0.035,0.022,0.,0.022,0.037,0.,0.037,0.021,0.,0.021,0.,0.,0.,0.,0.,0.,0.,0.,0.,0.,0.,0.,0.,0.,0.,0.,0.,0.
856,0.021,0.,0.021,0.036,0.,0.036,0.022,0.,0.022,0.036,0.,0.036,0.021,0.,0.021,0.036,0.,0.036,0.022,0.,0.022,0.,0.,0.,0.,0.,0.,0.,0.,0.,0.,0.,0.,0.,0.,0.,0.,0.,0.
860,0.021,0.,0.021,0.04,0.,0.04,0.022,0.,0.022,0.036,0.,0.036,0.022,0.,0.022,0.036,0.,0.036,0.022,0.,0.022,0.,0.,0.,0.,0.,0.,0.,0.,0.,0.,0.,0.,0.,0.,0.,0.,0.,0.
864,0.022,0.,0.022,0.037,0.,0.037,0.022,0.,0.022,0.037,0.,0.037,0.022,0.,0.022,0.037,0.,0.037,0.022,0.,0.022,0.,0.,0.,0.,0.,0.,0.,0.,0.,0.,0.,0.,0.,0.,0.,0.,0.,0.
868,0.022,0.,0.022,0.038,0.,0.038,0.022,0.,0.022,0.037,0.,0.037,0.022,0.,0.022,0.036,0.,0.036,0.022,0.,0.022,0.,0.,0.,0.,0.,0.,0.,0.,0.,0.,0.,0.,0.,0.,0.,0.,0.,0.
872,0.022,0.,0.022,0.039,0.,0.039,0.023,0.,0.023,0.037,0.,0.036,0.023,0.,0.023,0.036,0.,0.036,0.022,0.,0.022,0.,0.,0.,0.,0.,0.,0.,0.,0.,0.,0.,0.,0.,0.,0.,0.,0.,0.
876,0.023,0.,0.023,0.038,0.,0.038,0.023,0.,0.023,0.037,0.,0.037,0.023,0.,0.023,0.037,0.,0.037,0.023,0.,0.023,0.,0.,0.,0.,0.,0.,0.,0.,0.,0.,0.,0.,0.,0.,0.,0.,0.,0.
880,0.022,0.,0.022,0.042,0.,0.042,0.023,0.,0.023,0.039,0.,0.039,0.023,0.,0.023,0.039,0.,0.039,0.022,0.,0.022,0.,0.,0.,0.,0.,0.,0.,0.,0.,0.,0.,0.,0.,0.,0.,0.,0.,0.
884,0.024,0.,0.024,0.04,0.,0.04,0.025,0.,0.025,0.039,0.,0.039,0.024,0.,0.024,0.039,0.,0.039,0.024,0.,0.024,0.,0.,0.,0.,0.,0.,0.,0.,0.,0.,0.,0.,0.,0.,0.,0.,0.,0.
888,0.025,0.,0.025,0.04,0.,0.04,0.024,0.,0.024,0.039,0.,0.039,0.025,0.,0.025,0.039,0.,0.039,0.025,0.,0.025,0.,0.,0.,0.,0.,0.,0.,0.,0.,0.,0.,0.,0.,0.,0.,0.,0.,0.
892,0.024,0.,0.024,0.041,0.,0.041,0.025,0.,0.025,0.041,0.,0.041,0.025,0.,0.025,0.04,0.,0.04,0.025,0.,0.025,0.,0.,0.,0.,0.,0.,0.,0.,0.,0.,0.,0.,0.,0.,0.,0.,0.,0.
896,0.025,0.,0.025,0.041,0.,0.041,0.025,0.,0.025,0.04,0.,0.04,0.025,0.,0.025,0.041,0.,0.041,0.025,0.,0.025,0.,0.,0.,0.,0.,0.,0.,0.,0.,0.,0.,0.,0.,0.,0.,0.,0.,0.
900,0.025,0.,0.025,0.042,0.,0.042,0.025,0.,0.025,0.041,0.,0.041,0.025,0.,0.025,0.041,0.,0.041,0.025,0.,0.025,0.,0.,0.,0.,0.,0.,0.,0.,0.,0.,0.,0.,0.,0.,0.,0.,0.,0.
904,0.026,0.,0.026,0.042,0.,0.042,0.026,0.,0.026,0.041,0.,0.041,0.026,0.,0.026,0.041,0.,0.041,0.025,0.,0.025,0.,0.,0.,0.,0.,0.,0.,0.,0.,0.,0.,0.,0.,0.,0.,0.,0.,0.
908,0.026,0.,0.026,0.044,0.,0.044,0.027,0.,0.027,0.043,0.,0.043,0.027,0.,0.027,0.046,0.,0.046,0.028,0.,0.028,0.,0.,0.,0.,0.,0.,0.,0.,0.,0.,0.,0.,0.,0.,0.,0.,0.,0.
912,0.026,0.,0.026,0.042,0.,0.042,0.026,0.,0.026,0.043,0.,0.043,0.026,0.,0.026,0.041,0.,0.041,0.026,0.,0.026,0.,0.,0.,0.,0.,0.,0.,0.,0.,0.,0.,0.,0.,0.,0.,0.,0.,0.
916,0.026,0.,0.026,0.042,0.,0.042,0.026,0.,0.026,0.042,0.,0.042,0.026,0.,0.026,0.042,0.,0.042,0.026,0.,0.026,0.,0.,0.,0.,0.,0.,0.,0.,0.,0.,0.,0.,0.,0.,0.,0.,0.,0.
920,0.026,0.,0.026,0.042,0.,0.042,0.026,0.,0.026,0.043,0.,0.043,0.027,0.,0.027,0.047,0.,0.047,0.027,0.,0.027,0.,0.,0.,0.,0.,0.,0.,0.,0.,0.,0.,0.,0.,0.,0.,0.,0.,0.
924,0.026,0.,0.026,0.045,0.,0.045,0.026,0.,0.026,0.044,0.,0.044,0.026,0.,0.026,0.045,0.,0.045,0.027,0.,0.027,0.,0.,0.,0.,0.,0.,0.,0.,0.,0.,0.,0.,0.,0.,0.,0.,0.,0.
928,0.027,0.,0.027,0.044,0.,0.044,0.027,0.,0.027,0.045,0.,0.045,0.027,0.,0.027,0.046,0.,0.046,0.027,0.,0.027,0.,0.,0.,0.,0.,0.,0.,0.,0.,0.,0.,0.,0.,0.,0.,0.,0.,0.
932,0.027,0.,0.027,0.047,0.,0.047,0.028,0.,0.028,0.044,0.,0.044,0.027,0.,0.027,0.043,0.,0.043,0.028,0.,0.028,0.,0.,0.,0.,0.,0.,0.,0.,0.,0.,0.,0.,0.,0.,0.,0.,0.,0.
936,0.028,0.,0.028,0.045,0.,0.045,0.027,0.,0.027,0.043,0.,0.043,0.028,0.,0.028,0.043,0.,0.043,0.028,0.,0.028,0.,0.,0.,0.,0.,0.,0.,0.,0.,0.,0.,0.,0.,0.,0.,0.,0.,0.
940,0.027,0.,0.027,0.045,0.,0.045,0.028,0.,0.028,0.044,0.,0.044,0.028,0.,0.028,0.045,0.,0.045,0.028,0.,0.028,0.,0.,0.,0.,0.,0.,0.,0.,0.,0.,0.,0.,0.,0.,0.,0.,0.,0.
944,0.028,0.,0.028,0.045,0.,0.045,0.028,0.,0.028,0.045,0.,0.045,0.028,0.,0.028,0.044,0.,0.044,0.028,0.,0.028,0.,0.,0.,0.,0.,0.,0.,0.,0.,0.,0.,0.,0.,0.,0.,0.,0.,0.
948,0.027,0.,0.027,0.045,0.,0.045,0.028,0.,0.028,0.045,0.,0.045,0.028,0.,0.028,0.044,0.,0.044,0.028,0.,0.028,0.,0.,0.,0.,0.,0.,0.,0.,0.,0.,0.,0.,0.,0.,0.,0.,0.,0.
952,0.028,0.,0.028,0.045,0.,0.045,0.028,0.,0.028,0.045,0.,0.045,0.029,0.,0.029,0.045,0.,0.045,0.029,0.,0.029,0.,0.,0.,0.,0.,0.,0.,0.,0.,0.,0.,0.,0.,0.,0.,0.,0.,0.
956,0.029,0.,0.029,0.047,0.,0.047,0.028,0.,0.028,0.047,0.,0.047,0.029,0.,0.029,0.047,0.,0.047,0.029,0.,0.029,0.,0.,0.,0.,0.,0.,0.,0.,0.,0.,0.,0.,0.,0.,0.,0.,0.,0.
960,0.028,0.,0.028,0.048,0.,0.048,0.029,0.,0.029,0.046,0.,0.046,0.028,0.,0.028,0.046,0.,0.046,0.029,0.,0.029,0.,0.,0.,0.,0.,0.,0.,0.,0.,0.,0.,0.,0.,0.,0.,0.,0.,0.
964,0.028,0.,0.028,0.048,0.,0.048,0.029,0.,0.029,0.047,0.,0.047,0.03,0.,0.03,0.047,0.,0.047,0.03,0.,0.03,0.,0.,0.,0.,0.,0.,0.,0.,0.,0.,0.,0.,0.,0.,0.,0.,0.,0.
968,0.029,0.,0.029,0.048,0.,0.048,0.029,0.,0.029,0.047,0.,0.047,0.029,0.,0.029,0.046,0.,0.046,0.03,0.,0.03,0.,0.,0.,0.,0.,0.,0.,0.,0.,0.,0.,0.,0.,0.,0.,0.,0.,0.
972,0.029,0.,0.029,0.047,0.,0.047,0.029,0.,0.029,0.049,0.,0.049,0.029,0.,0.029,0.048,0.,0.048,0.029,0.,0.029,0.,0.,0.,0.,0.,0.,0.,0.,0.,0.,0.,0.,0.,0.,0.,0.,0.,0.
976,0.029,0.,0.029,0.05,0.,0.05,0.031,0.,0.031,0.048,0.,0.048,0.03,0.,0.03,0.049,0.,0.049,0.029,0.,0.029,0.,0.,0.,0.,0.,0.,0.,0.,0.,0.,0.,0.,0.,0.,0.,0.,0.,0.
980,0.03,0.,0.03,0.049,0.,0.049,0.03,0.,0.03,0.048,0.,0.048,0.03,0.,0.03,0.051,0.,0.051,0.03,0.,0.03,0.,0.,0.,0.,0.,0.,0.,0.,0.,0.,0.,0.,0.,0.,0.,0.,0.,0.
984,0.029,0.,0.029,0.05,0.,0.05,0.031,0.,0.031,0.048,0.,0.048,0.031,0.,0.031,0.049,0.,0.049,0.03,0.,0.03,0.,0.,0.,0.,0.,0.,0.,0.,0.,0.,0.,0.,0.,0.,0.,0.,0.,0.
988,0.03,0.,0.03,0.051,0.,0.051,0.031,0.,0.031,0.05,0.,0.05,0.029,0.,0.029,0.051,0.,0.051,0.03,0.,0.03,0.,0.,0.,0.,0.,0.,0.,0.,0.,0.,0.,0.,0.,0.,0.,0.,0.,0.
992,0.03,0.,0.03,0.049,0.,0.049,0.03,0.,0.03,0.048,0.,0.048,0.03,0.,0.03,0.049,0.,0.049,0.031,0.,0.031,0.,0.,0.,0.,0.,0.,0.,0.,0.,0.,0.,0.,0.,0.,0.,0.,0.,0.
996,0.03,0.,0.03,0.051,0.,0.051,0.031,0.,0.031,0.049,0.,0.049,0.03,0.,0.03,0.048,0.,0.048,0.031,0.,0.031,0.,0.,0.,0.,0.,0.,0.,0.,0.,0.,0.,0.,0.,0.,0.,0.,0.,0.
1000,0.03,0.,0.03,0.05,0.,0.05,0.031,0.,0.031,0.049,0.,0.049,0.03,0.,0.03,0.049,0.,0.049,0.03,0.,0.03,0.,0.,0.,0.,0.,0.,0.,0.,0.,0.,0.,0.,0.,0.,0.,0.,0.,0.
1100,0.036,0.,0.036,0.06,0.,0.06,0.038,0.,0.038,0.056,0.,0.056,0.034,0.,0.034,0.056,0.,0.056,0.034,0.,0.034,0.,0.,0.,0.,0.,0.,0.,0.,0.,0.,0.,0.,0.,0.,0.,0.,0.,0.
1200,0.042,0.,0.042,0.065,0.,0.065,0.044,0.,0.044,0.065,0.,0.065,0.045,0.,0.045,0.07,0.,0.07,0.043,0.,0.043,0.,0.,0.,0.,0.,0.,0.,0.,0.,0.,0.,0.,0.,0.,0.,0.,0.,0.
1300,0.046,0.,0.046,0.083,0.,0.083,0.047,0.,0.047,0.076,0.,0.076,0.047,0.,0.047,0.078,0.,0.078,0.046,0.,0.046,0.,0.,0.,0.,0.,0.,0.,0.,0.,0.,0.,0.,0.,0.,0.,0.,0.,0.
1400,0.055,0.,0.055,0.089,0.,0.089,0.052,0.,0.052,0.095,0.,0.095,0.052,0.,0.052,0.089,0.,0.089,0.053,0.,0.053,0.,0.,0.,0.,0.,0.,0.,0.,0.,0.,0.,0.,0.,0.,0.,0.,0.,0.
1500,0.061,0.,0.061,0.101,0.,0.101,0.062,0.,0.062,0.098,0.,0.098,0.06,0.,0.06,0.099,0.,0.099,0.06,0.,0.06,0.,0.,0.,0.,0.,0.,0.,0.,0.,0.,0.,0.,0.,0.,0.,0.,0.,0.
1600,0.075,0.,0.075,0.126,0.,0.126,0.078,0.,0.078,0.128,0.,0.128,0.076,0.,0.076,0.117,0.,0.117,0.073,0.,0.073,0.001,0.,0.001,0.,0.,0.,0.,0.,0.,0.,0.,0.,0.,0.,0.,0.,0.,0.
1700,0.082,0.,0.082,0.139,0.,0.139,0.084,0.,0.084,0.14,0.,0.14,0.082,0.,0.082,0.134,0.,0.134,0.085,0.,0.085,0.001,0.,0.001,0.001,0.,0.001,0.,0.,0.,0.,0.,0.,0.,0.,0.,0.,0.,0.
1800,0.093,0.003,0.089,0.152,0.,0.152,0.092,0.,0.092,0.153,0.,0.153,0.091,0.,0.091,0.149,0.,0.149,0.092,0.,0.092,0.001,0.,0.001,0.001,0.,0.001,0.,0.,0.,0.,0.,0.,0.,0.,0.,0.,0.,0.
1900,0.105,0.,0.105,0.161,0.,0.161,0.103,0.,0.103,0.16,0.,0.16,0.104,0.,0.104,0.162,0.,0.162,0.104,0.,0.104,0.001,0.,0.001,0.001,0.,0.001,0.,0.,0.,0.,0.,0.,0.,0.,0.,0.,0.,0.
2000,0.103,0.,0.103,0.185,0.,0.185,0.102,0.,0.102,0.181,0.,0.181,0.102,0.,0.102,0.179,0.,0.179,0.102,0.,0.102,0.001,0.,0.001,0.001,0.,0.001,0.,0.,0.,0.,0.,0.,0.,0.,0.,0.,0.,0.
2100,0.116,0.,0.116,0.194,0.,0.194,0.118,0.,0.118,0.189,0.,0.189,0.114,0.,0.114,0.199,0.,0.199,0.117,0.,0.117,0.001,0.,0.001,0.001,0.,0.001,0.,0.,0.,0.,0.,0.,0.,0.,0.,0.,0.,0.
2200,0.126,0.,0.126,0.209,0.,0.209,0.123,0.,0.123,0.223,0.,0.223,0.126,0.,0.126,0.213,0.,0.213,0.127,0.,0.127,0.001,0.,0.001,0.001,0.,0.001,0.001,0.,0.001,0.,0.,0.,0.,0.,0.,0.,0.,0.
2300,0.152,0.,0.152,0.232,0.,0.232,0.151,0.,0.151,0.24,0.,0.24,0.151,0.,0.151,0.237,0.,0.237,0.153,0.,0.153,0.001,0.,0.001,0.001,0.,0.001,0.001,0.,0.001,0.,0.,0.,0.,0.,0.,0.,0.,0.
2400,0.15,0.,0.15,0.256,0.,0.256,0.146,0.,0.146,0.256,0.,0.256,0.15,0.,0.15,0.268,0.,0.268,0.145,0.,0.145,0.001,0.,0.001,0.001,0.,0.001,0.001,0.,0.001,0.001,0.,0.,0.001,0.,0.001,0.,0.,0.
2500,0.178,0.,0.178,0.309,0.,0.309,0.175,0.,0.175,0.294,0.,0.294,0.171,0.,0.171,0.294,0.,0.294,0.171,0.,0.171,0.001,0.,0.001,0.001,0.,0.001,0.001,0.,0.001,0.,0.,0.,0.001,0.,0.001,0.,0.,0.
2600,0.186,0.,0.186,0.319,0.,0.319,0.193,0.,0.193,0.313,0.,0.313,0.184,0.,0.184,0.308,0.,0.308,0.188,0.,0.188,0.001,0.,0.001,0.001,0.,0.001,0.001,0.,0.001,0.,0.,0.,0.001,0.,0.001,0.,0.,0.
2700,0.211,0.,0.211,0.307,0.,0.307,0.207,0.,0.207,0.323,0.,0.323,0.213,0.,0.213,0.319,0.,0.319,0.18,0.,0.18,0.001,0.,0.001,0.001,0.,0.001,0.001,0.,0.001,0.001,0.,0.001,0.001,0.,0.001,0.001,0.,0.001
2800,0.22,0.,0.22,0.374,0.,0.374,0.224,0.,0.224,0.344,0.,0.344,0.22,0.,0.22,0.372,0.,0.372,0.219,0.,0.219,0.001,0.,0.001,0.001,0.,0.001,0.001,0.,0.001,0.,0.,0.,0.001,0.,0.001,0.,0.,0.
2900,0.246,0.,0.246,0.362,0.,0.362,0.244,0.,0.244,0.352,0.,0.352,0.24,0.,0.24,0.374,0.,0.374,0.239,0.,0.239,0.001,0.,0.001,0.001,0.,0.001,0.001,0.,0.001,0.001,0.,0.001,0.001,0.,0.001,0.,0.,0.
3000,0.252,0.,0.252,0.411,0.,0.411,0.248,0.,0.247,0.426,0.,0.426,0.237,0.,0.237,0.413,0.,0.413,0.237,0.,0.237,0.001,0.,0.001,0.001,0.,0.001,0.001,0.,0.001,0.001,0.,0.001,0.001,0.,0.001,0.001,0.,0.001
3100,0.266,0.,0.266,0.453,0.,0.453,0.266,0.,0.266,0.469,0.,0.469,0.276,0.,0.276,0.481,0.,0.481,0.275,0.,0.275,0.001,0.,0.001,0.001,0.,0.001,0.001,0.,0.001,0.001,0.,0.001,0.001,0.,0.001,0.001,0.,0.001
3200,0.281,0.,0.281,0.502,0.,0.502,0.28,0.,0.28,0.476,0.,0.476,0.272,0.,0.272,0.467,0.,0.467,0.283,0.,0.283,0.001,0.,0.001,0.001,0.,0.001,0.001,0.,0.001,0.001,0.,0.001,0.001,0.,0.001,0.001,0.,0.001
3300,0.296,0.,0.296,0.499,0.,0.499,0.289,0.,0.289,0.484,0.,0.484,0.286,0.,0.286,0.514,0.003,0.51,0.287,0.,0.287,0.001,0.,0.001,0.001,0.,0.001,0.001,0.,0.001,0.001,0.,0.001,0.001,0.,0.001,0.001,0.,0.001
3400,0.313,0.,0.313,0.552,0.,0.551,0.305,0.,0.305,0.534,0.,0.534,0.32,0.,0.32,0.537,0.,0.537,0.313,0.,0.313,0.001,0.,0.001,0.001,0.,0.001,0.001,0.,0.001,0.001,0.,0.001,0.001,0.,0.001,0.001,0.,0.001
3500,0.326,0.,0.326,0.589,0.,0.589,0.346,0.,0.346,0.559,0.,0.559,0.339,0.,0.339,0.56,0.,0.56,0.348,0.,0.348,0.001,0.,0.001,0.001,0.,0.001,0.001,0.,0.001,0.001,0.,0.001,0.001,0.,0.001,0.001,0.,0.001
3600,0.358,0.,0.358,0.578,0.,0.577,0.356,0.,0.356,0.577,0.,0.577,0.317,0.,0.317,0.602,0.,0.602,0.316,0.,0.316,0.001,0.001,0.,0.001,0.,0.001,0.001,0.001,0.,0.001,0.,0.001,0.001,0.,0.,0.001,0.,0.001
3700,0.368,0.004,0.364,0.623,0.,0.623,0.358,0.,0.358,0.601,0.,0.601,0.362,0.,0.362,0.643,0.,0.643,0.357,0.,0.356,0.001,0.,0.001,0.001,0.,0.001,0.001,0.,0.001,0.001,0.,0.001,0.001,0.,0.001,0.001,0.,0.001
3800,0.385,0.,0.385,0.621,0.,0.621,0.39,0.,0.39,0.677,0.,0.676,0.391,0.,0.391,0.702,0.,0.702,0.391,0.,0.391,0.001,0.,0.001,0.001,0.,0.001,0.001,0.,0.001,0.001,0.,0.001,0.001,0.,0.001,0.001,0.,0.001
3900,0.429,0.,0.429,0.712,0.,0.712,0.455,0.,0.455,0.749,0.,0.749,0.452,0.,0.452,0.76,0.003,0.756,0.451,0.,0.451,0.001,0.,0.001,0.001,0.,0.001,0.001,0.,0.001,0.001,0.,0.001,0.001,0.,0.001,0.001,0.,0.001
4000,0.446,0.004,0.442,0.713,0.,0.713,0.451,0.,0.451,0.717,0.,0.717,0.427,0.,0.427,0.711,0.,0.711,0.386,0.,0.386,0.001,0.,0.001,0.001,0.,0.001,0.001,0.,0.001,0.001,0.,0.001,0.001,0.,0.001,0.001,0.,0.001
4100,0.451,0.,0.45,0.771,0.,0.771,0.442,0.,0.442,0.788,0.,0.788,0.445,0.,0.445,0.802,0.,0.802,0.441,0.,0.441,0.001,0.001,0.,0.001,0.,0.001,0.001,0.001,0.,0.001,0.,0.001,0.001,0.,0.001,0.001,0.,0.001
4200,0.51,0.,0.51,0.788,0.,0.788,0.513,0.,0.513,0.803,0.,0.803,0.494,0.,0.494,0.787,0.,0.786,0.503,0.003,0.499,0.001,0.,0.001,0.001,0.,0.001,0.001,0.,0.001,0.001,0.,0.001,0.001,0.,0.001,0.001,0.,0.001
4300,0.511,0.,0.511,0.837,0.,0.837,0.484,0.,0.484,0.869,0.,0.869,0.485,0.,0.485,0.87,0.,0.87,0.486,0.,0.486,0.001,0.,0.001,0.001,0.,0.001,0.001,0.,0.001,0.001,0.,0.001,0.001,0.,0.001,0.001,0.,0.001
4400,0.526,0.,0.526,0.846,0.,0.846,0.512,0.,0.512,0.859,0.,0.859,0.507,0.,0.507,0.842,0.,0.842,0.471,0.,0.471,0.002,0.,0.002,0.001,0.,0.001,0.001,0.,0.001,0.001,0.,0.001,0.001,0.,0.001,0.001,0.,0.001
4500,0.59,0.,0.59,0.883,0.,0.883,0.555,0.,0.555,0.885,0.,0.885,0.558,0.,0.558,0.867,0.,0.867,0.491,0.,0.491,0.001,0.,0.001,0.001,0.,0.001,0.001,0.,0.001,0.001,0.,0.001,0.001,0.,0.001,0.001,0.,0.001
4600,0.513,0.,0.513,0.904,0.,0.904,0.509,0.,0.509,0.916,0.,0.916,0.513,0.,0.513,0.949,0.,0.948,0.508,0.,0.508,0.002,0.,0.002,0.001,0.,0.001,0.001,0.,0.001,0.001,0.,0.001,0.001,0.,0.001,0.001,0.,0.001
4700,0.584,0.,0.584,1.071,0.,1.071,0.629,0.,0.629,1.023,0.,1.023,0.636,0.,0.636,1.012,0.,1.012,0.61,0.,0.61,0.002,0.,0.002,0.002,0.,0.002,0.001,0.,0.001,0.001,0.,0.001,0.001,0.,0.001,0.001,0.,0.001
4800,0.603,0.003,0.599,1.043,0.,1.043,0.603,0.,0.603,1.091,0.,1.091,0.606,0.,0.606,1.097,0.,1.097,0.608,0.,0.608,0.002,0.,0.002,0.002,0.,0.002,0.001,0.,0.001,0.001,0.,0.001,0.001,0.,0.001,0.001,0.,0.001
4900,0.677,0.,0.677,1.08,0.,1.08,0.684,0.,0.684,1.159,0.,1.159,0.697,0.,0.697,1.145,0.,1.145,0.655,0.,0.655,0.002,0.,0.002,0.002,0.,0.001,0.001,0.,0.001,0.001,0.,0.001,0.001,0.,0.001,0.001,0.,0.001
5000,0.723,0.,0.723,1.167,0.,1.167,0.695,0.,0.695,1.179,0.,1.179,0.689,0.,0.689,1.17,0.,1.17,0.692,0.,0.691,0.002,0.,0.002,0.002,0.,0.002,0.001,0.,0.001,0.001,0.,0.001,0.001,0.,0.001,0.001,0.,0.001
5500,0.843,0.,0.843,1.373,0.,1.373,0.78,0.,0.78,1.408,0.,1.408,0.777,0.,0.777,1.392,0.,1.392,0.781,0.,0.781,0.002,0.,0.002,0.002,0.,0.002,0.002,0.,0.002,0.001,0.,0.001,0.001,0.,0.001,0.001,0.,0.001
6000,0.938,0.,0.938,1.547,0.,1.547,0.952,0.,0.952,1.6,0.,1.6,0.939,0.,0.939,1.629,0.,1.628,0.921,0.,0.921,0.002,0.,0.002,0.002,0.,0.002,0.002,0.,0.002,0.002,0.,0.002,0.002,0.,0.002,0.002,0.,0.002
6500,1.294,0.,1.294,2.014,0.,2.014,1.293,0.,1.293,2.074,0.,2.074,1.267,0.,1.267,1.985,0.,1.985,1.221,0.,1.221,0.002,0.,0.002,0.002,0.,0.002,0.002,0.,0.002,0.002,0.,0.002,0.002,0.,0.002,0.002,0.,0.002
7000,1.262,0.,1.262,2.27,0.,2.269,1.159,0.,1.159,2.461,0.,2.461,1.159,0.,1.159,2.433,0.003,2.427,1.163,0.,1.163,0.002,0.,0.002,0.002,0.,0.002,0.002,0.,0.002,0.002,0.,0.002,0.002,0.,0.002,0.002,0.,0.002
7500,1.531,0.,1.53,2.593,0.,2.592,1.362,0.,1.362,2.748,0.,2.748,1.357,0.,1.357,2.643,0.,2.643,1.328,0.,1.328,0.002,0.,0.002,0.002,0.,0.002,0.002,0.,0.002,0.002,0.,0.002,0.002,0.,0.002,0.002,0.,0.002
8000,1.664,0.,1.664,2.86,0.,2.86,1.729,0.,1.729,3.107,0.,3.107,1.69,0.004,1.686,3.173,0.,3.173,1.629,0.,1.629,0.003,0.,0.003,0.003,0.,0.003,0.002,0.,0.002,0.002,0.,0.002,0.002,0.,0.002,0.002,0.,0.002
8500,2.08,0.,2.08,3.308,0.003,3.304,1.94,0.,1.94,3.442,0.,3.442,1.849,0.,1.848,3.531,0.,3.531,1.852,0.003,1.847,0.003,0.,0.003,0.003,0.,0.003,0.003,0.,0.003,0.002,0.,0.002,0.002,0.,0.002,0.002,0.,0.002
9000,2.385,0.,2.385,3.837,0.,3.836,2.411,0.,2.411,3.813,0.,3.813,2.361,0.,2.361,3.91,0.003,3.906,2.4,0.,2.4,0.003,0.,0.003,0.003,0.,0.003,0.002,0.,0.002,0.003,0.,0.003,0.002,0.,0.002,0.002,0.,0.002
9500,2.623,0.,2.623,4.157,0.,4.157,2.442,0.,2.442,4.407,0.,4.406,2.325,0.,2.325,4.303,0.,4.302,2.259,0.,2.259,0.003,0.,0.003,0.003,0.,0.003,0.003,0.,0.003,0.003,0.,0.003,0.003,0.,0.003,0.003,0.,0.003
10000,2.565,0.,2.565,4.738,0.003,4.733,2.364,0.,2.363,4.798,0.,4.798,2.346,0.,2.345,5.009,0.,5.009,2.35,0.,2.349,0.003,0.,0.003,0.003,0.,0.003,0.003,0.,0.003,0.003,0.,0.003,0.003,0.,0.003,0.003,0.,0.003