param-n,abstract-regression-quadratic-real,abstract-regression-quadratic-sys,abstract-regression-quadratic-user,build-I-regression-linear-real,build-I-regression-linear-sys,build-I-regression-linear-user,build-admit-cast-regression-linear-real,build-admit-cast-regression-linear-sys,build-admit-cast-regression-linear-user,build-admit-regression-linear-real,build-admit-regression-linear-sys,build-admit-regression-linear-user,build-eval-thunk-regression-linear-real,build-eval-thunk-regression-linear-sys,build-eval-thunk-regression-linear-user,build-pf-cast-regression-linear-real,build-pf-cast-regression-linear-sys,build-pf-cast-regression-linear-user,build-thunk-regression-linear-real,build-thunk-regression-linear-sys,build-thunk-regression-linear-user,check-I-regression-linear-real,check-I-regression-linear-sys,check-I-regression-linear-user,check-admit-cast-regression-quadratic-real,check-admit-cast-regression-quadratic-sys,check-admit-cast-regression-quadratic-user,check-admit-regression-quadratic-real,check-admit-regression-quadratic-sys,check-admit-regression-quadratic-user,check-pf-cast-regression-quadratic-real,check-pf-cast-regression-quadratic-sys,check-pf-cast-regression-quadratic-user,close-abstract-regression-quadratic-real,close-abstract-regression-quadratic-sys,close-abstract-regression-quadratic-user,eval-thunk-regression-linear-real,eval-thunk-regression-linear-sys,eval-thunk-regression-linear-user,fast-rewrite-regression-quadratic-real,fast-rewrite-regression-quadratic-sys,fast-rewrite-regression-quadratic-user,refine-regression-quadratic-regression-linear-real,refine-regression-quadratic-regression-linear-sys,refine-regression-quadratic-regression-linear-user,type-I-regression-linear-real,type-I-regression-linear-sys,type-I-regression-linear-user,type-admit-cast-regression-quadratic-real,type-admit-cast-regression-quadratic-sys,type-admit-cast-regression-quadratic-user,type-admit-regression-quadratic-real,type-admit-regression-quadratic-sys,type-admit-regression-quadratic-user,type-pf-cast-regression-quadratic-real,type-pf-cast-regression-quadratic-sys,type-pf-cast-regression-quadratic-user
1,0.001,0.,0.,0.,0.,0.,0.,0.,0.,0.,0.,0.,0.,0.,0.,0.,0.,0.,0.,0.,0.,0.,0.,0.,0.,0.,0.,0.,0.,0.,0.,0.,0.,0.,0.,0.,0.,0.,0.,0.,0.,0.,0.,0.,0.,0.,0.,0.,0.,0.,0.,0.,0.,0.,0.,0.,0.
2,0.001,0.,0.,0.,0.,0.,0.,0.,0.,0.,0.,0.,0.,0.,0.,0.,0.,0.,0.,0.,0.,0.,0.,0.,0.,0.,0.,0.,0.,0.,0.,0.,0.,0.,0.,0.,0.,0.,0.,0.001,0.,0.,0.,0.,0.,0.,0.,0.,0.,0.,0.,0.,0.,0.,0.,0.,0.
3,0.001,0.,0.001,0.,0.,0.,0.,0.,0.,0.,0.,0.,0.,0.,0.,0.,0.,0.,0.,0.,0.,0.,0.,0.,0.,0.,0.,0.,0.,0.,0.,0.,0.,0.,0.,0.,0.,0.,0.,0.001,0.,0.001,0.,0.,0.,0.,0.,0.,0.,0.,0.,0.,0.,0.,0.,0.,0.
4,0.002,0.,0.001,0.,0.,0.,0.,0.,0.,0.,0.,0.,0.,0.,0.,0.,0.,0.,0.,0.,0.,0.,0.,0.,0.,0.,0.,0.,0.,0.,0.,0.,0.,0.,0.,0.,0.,0.,0.,0.001,0.,0.001,0.,0.,0.,0.,0.,0.,0.,0.,0.,0.,0.,0.,0.,0.,0.
5,0.002,0.,0.002,0.,0.,0.,0.,0.,0.,0.,0.,0.,0.,0.,0.,0.,0.,0.,0.,0.,0.,0.,0.,0.,0.,0.,0.,0.,0.,0.,0.,0.,0.,0.,0.,0.,0.,0.,0.,0.001,0.,0.001,0.,0.,0.,0.,0.,0.,0.,0.,0.,0.,0.,0.,0.,0.,0.
6,0.002,0.,0.002,0.,0.,0.,0.,0.,0.,0.,0.,0.,0.,0.,0.,0.,0.,0.,0.,0.,0.,0.,0.,0.,0.,0.,0.,0.,0.,0.,0.,0.,0.,0.,0.,0.,0.,0.,0.,0.002,0.,0.002,0.,0.,0.,0.,0.,0.,0.,0.,0.,0.,0.,0.,0.,0.,0.
7,0.002,0.,0.002,0.,0.,0.,0.,0.,0.,0.,0.,0.,0.,0.,0.,0.,0.,0.,0.,0.,0.,0.,0.,0.,0.,0.,0.,0.,0.,0.,0.,0.,0.,0.,0.,0.,0.,0.,0.,0.002,0.,0.002,0.,0.,0.,0.,0.,0.,0.,0.,0.,0.,0.,0.,0.,0.,0.
8,0.003,0.,0.003,0.,0.,0.,0.,0.,0.,0.,0.,0.,0.,0.,0.,0.,0.,0.,0.,0.,0.,0.,0.,0.,0.,0.,0.,0.,0.,0.,0.,0.,0.,0.,0.,0.,0.,0.,0.,0.002,0.,0.002,0.,0.,0.,0.,0.,0.,0.,0.,0.,0.,0.,0.,0.,0.,0.
9,0.003,0.,0.003,0.,0.,0.,0.,0.,0.,0.,0.,0.,0.,0.,0.,0.,0.,0.,0.,0.,0.,0.,0.,0.,0.,0.,0.,0.,0.,0.,0.,0.,0.,0.,0.,0.,0.,0.,0.,0.002,0.,0.002,0.,0.,0.,0.,0.,0.,0.,0.,0.,0.,0.,0.,0.,0.,0.
10,0.003,0.,0.003,0.,0.,0.,0.,0.,0.,0.,0.,0.,0.,0.,0.,0.,0.,0.,0.,0.,0.,0.,0.,0.,0.,0.,0.,0.,0.,0.,0.,0.,0.,0.,0.,0.,0.,0.,0.,0.003,0.,0.003,0.,0.,0.,0.,0.,0.,0.,0.,0.,0.,0.,0.,0.,0.,0.
11,0.003,0.,0.003,0.,0.,0.,0.,0.,0.,0.,0.,0.,0.,0.,0.,0.,0.,0.,0.,0.,0.,0.,0.,0.,0.,0.,0.,0.,0.,0.,0.,0.,0.,0.,0.,0.,0.,0.,0.,0.002,0.,0.002,0.,0.,0.,0.,0.,0.,0.,0.,0.,0.,0.,0.,0.,0.,0.
12,0.003,0.,0.003,0.,0.,0.,0.,0.,0.,0.,0.,0.,0.,0.,0.,0.,0.,0.,0.,0.,0.,0.,0.,0.,0.,0.,0.,0.,0.,0.,0.,0.,0.,0.,0.,0.,0.,0.,0.,0.002,0.,0.002,0.,0.,0.,0.,0.,0.,0.,0.,0.,0.,0.,0.,0.,0.,0.
13,0.003,0.,0.003,0.,0.,0.,0.,0.,0.,0.,0.,0.,0.,0.,0.,0.,0.,0.,0.,0.,0.,0.,0.,0.,0.,0.,0.,0.,0.,0.,0.,0.,0.,0.,0.,0.,0.,0.,0.,0.003,0.,0.003,0.,0.,0.,0.,0.,0.,0.,0.,0.,0.,0.,0.,0.,0.,0.
14,0.003,0.,0.003,0.,0.,0.,0.,0.,0.,0.,0.,0.,0.,0.,0.,0.,0.,0.,0.,0.,0.,0.,0.,0.,0.,0.,0.,0.,0.,0.,0.,0.,0.,0.,0.,0.,0.,0.,0.,0.003,0.,0.003,0.,0.,0.,0.,0.,0.,0.,0.,0.,0.,0.,0.,0.,0.,0.
15,0.003,0.002,0.001,0.,0.,0.,0.,0.,0.,0.,0.,0.,0.,0.,0.,0.,0.,0.,0.,0.,0.,0.,0.,0.,0.,0.,0.,0.,0.,0.,0.,0.,0.,0.,0.,0.,0.,0.,0.,0.003,0.002,0.,0.,0.,0.,0.,0.,0.,0.,0.,0.,0.,0.,0.,0.,0.,0.
16,0.004,0.,0.003,0.,0.,0.,0.,0.,0.,0.,0.,0.,0.001,0.,0.001,0.,0.,0.,0.,0.,0.,0.,0.,0.,0.,0.,0.,0.,0.,0.,0.,0.,0.,0.,0.,0.,0.,0.,0.,0.003,0.,0.003,0.,0.,0.,0.,0.,0.,0.,0.,0.,0.,0.,0.,0.,0.,0.
17,0.004,0.,0.004,0.,0.,0.,0.,0.,0.,0.,0.,0.,0.001,0.,0.001,0.,0.,0.,0.001,0.,0.001,0.,0.,0.,0.,0.,0.,0.,0.,0.,0.,0.,0.,0.,0.,0.,0.,0.,0.,0.003,0.,0.003,0.,0.,0.,0.,0.,0.,0.,0.,0.,0.,0.,0.,0.,0.,0.
18,0.004,0.,0.004,0.,0.,0.,0.,0.,0.,0.,0.,0.,0.001,0.,0.001,0.,0.,0.,0.001,0.,0.001,0.,0.,0.,0.,0.,0.,0.,0.,0.,0.,0.,0.,0.,0.,0.,0.,0.,0.,0.004,0.,0.004,0.,0.,0.,0.,0.,0.,0.,0.,0.,0.,0.,0.,0.,0.,0.
19,0.005,0.,0.005,0.,0.,0.,0.,0.,0.,0.,0.,0.,0.001,0.,0.001,0.,0.,0.,0.001,0.,0.001,0.,0.,0.,0.,0.,0.,0.,0.,0.,0.,0.,0.,0.,0.,0.,0.,0.,0.,0.004,0.,0.004,0.,0.,0.,0.,0.,0.,0.,0.,0.,0.,0.,0.,0.,0.,0.
20,0.005,0.,0.005,0.,0.,0.,0.,0.,0.,0.,0.,0.,0.001,0.,0.001,0.,0.,0.,0.001,0.,0.001,0.,0.,0.,0.,0.,0.,0.,0.,0.,0.,0.,0.,0.,0.,0.,0.,0.,0.,0.005,0.,0.005,0.,0.,0.,0.,0.,0.,0.,0.,0.,0.,0.,0.,0.,0.,0.
21,0.005,0.,0.005,0.,0.,0.,0.,0.,0.,0.,0.,0.,0.001,0.,0.001,0.,0.,0.,0.001,0.,0.001,0.,0.,0.,0.,0.,0.,0.,0.,0.,0.,0.,0.,0.,0.,0.,0.,0.,0.,0.004,0.,0.004,0.,0.,0.,0.,0.,0.,0.,0.,0.,0.,0.,0.,0.,0.,0.
22,0.005,0.,0.005,0.,0.,0.,0.,0.,0.,0.,0.,0.,0.001,0.,0.001,0.,0.,0.,0.001,0.,0.001,0.,0.,0.,0.,0.,0.,0.,0.,0.,0.,0.,0.,0.,0.,0.,0.,0.,0.,0.005,0.,0.005,0.,0.,0.,0.,0.,0.,0.,0.,0.,0.,0.,0.,0.,0.,0.
23,0.005,0.,0.005,0.,0.,0.,0.,0.,0.,0.,0.,0.,0.001,0.,0.001,0.,0.,0.,0.001,0.,0.001,0.,0.,0.,0.,0.,0.,0.,0.,0.,0.,0.,0.,0.,0.,0.,0.,0.,0.,0.005,0.,0.005,0.,0.,0.,0.,0.,0.,0.,0.,0.,0.,0.,0.,0.,0.,0.
24,0.006,0.,0.006,0.,0.,0.,0.,0.,0.,0.,0.,0.,0.001,0.,0.001,0.,0.,0.,0.001,0.,0.001,0.,0.,0.,0.,0.,0.,0.,0.,0.,0.,0.,0.,0.,0.,0.,0.,0.,0.,0.005,0.,0.005,0.,0.,0.,0.,0.,0.,0.,0.,0.,0.,0.,0.,0.,0.,0.
25,0.006,0.,0.006,0.,0.,0.,0.,0.,0.,0.,0.,0.,0.001,0.,0.001,0.,0.,0.,0.001,0.,0.001,0.,0.,0.,0.,0.,0.,0.,0.,0.,0.,0.,0.,0.,0.,0.,0.,0.,0.,0.005,0.,0.005,0.,0.,0.,0.,0.,0.,0.,0.,0.,0.,0.,0.,0.,0.,0.
26,0.008,0.,0.008,0.001,0.,0.001,0.,0.,0.,0.,0.,0.,0.001,0.,0.001,0.,0.,0.,0.001,0.,0.001,0.,0.,0.,0.,0.,0.,0.,0.,0.,0.,0.,0.,0.,0.,0.,0.,0.,0.,0.007,0.,0.007,0.,0.,0.,0.,0.,0.,0.,0.,0.,0.,0.,0.,0.,0.,0.
27,0.006,0.,0.006,0.,0.,0.,0.,0.,0.,0.,0.,0.,0.001,0.,0.001,0.,0.,0.,0.001,0.,0.001,0.,0.,0.,0.,0.,0.,0.,0.,0.,0.,0.,0.,0.,0.,0.,0.,0.,0.,0.006,0.,0.006,0.,0.,0.,0.,0.,0.,0.,0.,0.,0.,0.,0.,0.,0.,0.
28,0.007,0.,0.007,0.,0.,0.,0.,0.,0.,0.,0.,0.,0.001,0.,0.001,0.,0.,0.,0.001,0.,0.001,0.,0.,0.,0.,0.,0.,0.,0.,0.,0.,0.,0.,0.,0.,0.,0.,0.,0.,0.006,0.,0.006,0.,0.,0.,0.,0.,0.,0.,0.,0.,0.,0.,0.,0.,0.,0.
29,0.007,0.,0.007,0.,0.,0.,0.,0.,0.,0.,0.,0.,0.001,0.,0.001,0.,0.,0.,0.001,0.,0.001,0.,0.,0.,0.,0.,0.,0.,0.,0.,0.,0.,0.,0.,0.,0.,0.,0.,0.,0.006,0.,0.006,0.,0.,0.,0.,0.,0.,0.,0.,0.,0.,0.,0.,0.,0.,0.
30,0.007,0.,0.007,0.,0.,0.,0.,0.,0.,0.,0.,0.,0.001,0.,0.001,0.,0.,0.,0.001,0.,0.001,0.,0.,0.,0.,0.,0.,0.,0.,0.,0.,0.,0.,0.,0.,0.,0.,0.,0.,0.006,0.,0.006,0.,0.,0.,0.,0.,0.,0.,0.,0.,0.,0.,0.,0.,0.,0.
31,0.008,0.,0.008,0.,0.,0.,0.,0.,0.,0.,0.,0.,0.001,0.,0.001,0.,0.,0.,0.001,0.,0.001,0.,0.,0.,0.,0.,0.,0.,0.,0.,0.,0.,0.,0.,0.,0.,0.,0.,0.,0.007,0.,0.007,0.,0.,0.,0.001,0.,0.001,0.,0.,0.,0.,0.,0.,0.,0.,0.
32,0.008,0.,0.008,0.,0.,0.,0.,0.,0.,0.,0.,0.,0.001,0.,0.001,0.,0.,0.,0.001,0.,0.001,0.,0.,0.,0.,0.,0.,0.,0.,0.,0.,0.,0.,0.,0.,0.,0.,0.,0.,0.007,0.,0.007,0.,0.,0.,0.,0.,0.,0.,0.,0.,0.,0.,0.,0.,0.,0.
33,0.008,0.,0.008,0.,0.,0.,0.,0.,0.,0.,0.,0.,0.001,0.,0.001,0.,0.,0.,0.001,0.,0.001,0.,0.,0.,0.,0.,0.,0.,0.,0.,0.,0.,0.,0.,0.,0.,0.,0.,0.,0.007,0.,0.007,0.,0.,0.,0.,0.,0.,0.,0.,0.,0.,0.,0.,0.,0.,0.
34,0.008,0.,0.008,0.,0.,0.,0.,0.,0.,0.,0.,0.,0.001,0.,0.001,0.,0.,0.,0.001,0.,0.001,0.,0.,0.,0.,0.,0.,0.,0.,0.,0.,0.,0.,0.,0.,0.,0.,0.,0.,0.007,0.,0.007,0.,0.,0.,0.,0.,0.,0.,0.,0.,0.,0.,0.,0.,0.,0.
35,0.011,0.,0.011,0.,0.,0.,0.,0.,0.,0.,0.,0.,0.002,0.,0.002,0.,0.,0.,0.002,0.,0.002,0.,0.,0.,0.,0.,0.,0.,0.,0.,0.,0.,0.,0.001,0.,0.001,0.,0.,0.,0.01,0.,0.01,0.,0.,0.,0.,0.,0.,0.,0.,0.,0.,0.,0.,0.002,0.,0.002
36,0.009,0.,0.009,0.,0.,0.,0.,0.,0.,0.,0.,0.,0.002,0.,0.002,0.,0.,0.,0.002,0.,0.002,0.,0.,0.,0.,0.,0.,0.,0.,0.,0.,0.,0.,0.001,0.,0.001,0.,0.,0.,0.008,0.,0.008,0.,0.,0.,0.,0.,0.,0.,0.,0.,0.,0.,0.,0.,0.,0.
37,0.009,0.,0.009,0.,0.,0.,0.,0.,0.,0.,0.,0.,0.002,0.,0.002,0.,0.,0.,0.002,0.,0.002,0.,0.,0.,0.,0.,0.,0.,0.,0.,0.,0.,0.,0.001,0.,0.001,0.,0.,0.,0.008,0.,0.008,0.,0.,0.,0.,0.,0.,0.,0.,0.,0.,0.,0.,0.,0.,0.
38,0.009,0.,0.009,0.,0.,0.,0.,0.,0.,0.,0.,0.,0.002,0.,0.002,0.,0.,0.,0.002,0.,0.002,0.,0.,0.,0.,0.,0.,0.,0.,0.,0.,0.,0.,0.001,0.,0.001,0.,0.,0.,0.008,0.,0.008,0.,0.,0.,0.,0.,0.,0.,0.,0.,0.,0.,0.,0.,0.,0.
39,0.011,0.,0.011,0.,0.,0.,0.,0.,0.,0.,0.,0.,0.002,0.,0.002,0.,0.,0.,0.002,0.,0.002,0.,0.,0.,0.,0.,0.,0.,0.,0.,0.001,0.,0.001,0.001,0.,0.001,0.,0.,0.,0.009,0.,0.009,0.001,0.,0.001,0.,0.,0.,0.,0.,0.,0.,0.,0.,0.,0.,0.
40,0.01,0.,0.01,0.,0.,0.,0.,0.,0.,0.,0.,0.,0.002,0.,0.002,0.,0.,0.,0.002,0.,0.002,0.,0.,0.,0.,0.,0.,0.,0.,0.,0.,0.,0.,0.001,0.,0.001,0.,0.,0.,0.009,0.,0.009,0.,0.,0.,0.,0.,0.,0.,0.,0.,0.,0.,0.,0.,0.,0.
41,0.01,0.,0.01,0.,0.,0.,0.,0.,0.,0.,0.,0.,0.002,0.,0.002,0.,0.,0.,0.002,0.,0.002,0.,0.,0.,0.,0.,0.,0.,0.,0.,0.,0.,0.,0.001,0.,0.001,0.,0.,0.,0.009,0.,0.009,0.,0.,0.,0.,0.,0.,0.,0.,0.,0.,0.,0.,0.,0.,0.
42,0.011,0.,0.011,0.,0.,0.,0.,0.,0.,0.,0.,0.,0.002,0.,0.002,0.,0.,0.,0.002,0.,0.002,0.,0.,0.,0.,0.,0.,0.,0.,0.,0.,0.,0.,0.001,0.,0.001,0.,0.,0.,0.009,0.,0.009,0.,0.,0.,0.,0.,0.,0.,0.,0.,0.,0.,0.,0.,0.,0.
43,0.013,0.,0.013,0.,0.,0.,0.,0.,0.,0.,0.,0.,0.002,0.,0.002,0.,0.,0.,0.002,0.,0.002,0.002,0.,0.002,0.,0.,0.,0.,0.,0.,0.,0.,0.,0.001,0.,0.001,0.,0.,0.,0.012,0.,0.012,0.,0.,0.,0.,0.,0.,0.,0.,0.,0.,0.,0.,0.,0.,0.
44,0.011,0.,0.011,0.,0.,0.,0.,0.,0.,0.,0.,0.,0.002,0.,0.002,0.,0.,0.,0.002,0.,0.002,0.,0.,0.,0.,0.,0.,0.,0.,0.,0.,0.,0.,0.001,0.,0.001,0.,0.,0.,0.01,0.,0.01,0.,0.,0.,0.,0.,0.,0.,0.,0.,0.,0.,0.,0.,0.,0.
45,0.011,0.,0.011,0.,0.,0.,0.,0.,0.,0.,0.,0.,0.002,0.,0.002,0.,0.,0.,0.002,0.,0.002,0.,0.,0.,0.,0.,0.,0.,0.,0.,0.,0.,0.,0.001,0.,0.001,0.,0.,0.,0.01,0.,0.01,0.,0.,0.,0.,0.,0.,0.,0.,0.,0.,0.,0.,0.,0.,0.
46,0.012,0.,0.012,0.,0.,0.,0.,0.,0.,0.,0.,0.,0.002,0.,0.002,0.,0.,0.,0.002,0.,0.002,0.,0.,0.,0.,0.,0.,0.,0.,0.,0.,0.,0.,0.001,0.,0.001,0.,0.,0.,0.011,0.,0.011,0.,0.,0.,0.,0.,0.,0.,0.,0.,0.,0.,0.,0.,0.,0.
47,0.012,0.,0.012,0.,0.,0.,0.,0.,0.,0.,0.,0.,0.002,0.,0.002,0.,0.,0.,0.002,0.,0.002,0.,0.,0.,0.,0.,0.,0.,0.,0.,0.,0.,0.,0.001,0.,0.001,0.,0.,0.,0.01,0.,0.01,0.,0.,0.,0.,0.,0.,0.,0.,0.,0.,0.,0.,0.,0.,0.
48,0.012,0.,0.012,0.,0.,0.,0.,0.,0.,0.,0.,0.,0.002,0.,0.002,0.,0.,0.,0.002,0.,0.002,0.,0.,0.,0.,0.,0.,0.,0.,0.,0.,0.,0.,0.001,0.,0.001,0.,0.,0.,0.011,0.,0.011,0.,0.,0.,0.,0.,0.,0.,0.,0.,0.,0.,0.,0.,0.,0.
49,0.015,0.,0.015,0.,0.,0.,0.,0.,0.,0.,0.,0.,0.002,0.,0.002,0.,0.,0.,0.002,0.,0.002,0.,0.,0.,0.,0.,0.,0.,0.,0.,0.,0.,0.,0.001,0.,0.001,0.,0.,0.,0.013,0.,0.013,0.,0.,0.,0.,0.,0.,0.,0.,0.,0.,0.,0.,0.003,0.,0.003
50,0.016,0.005,0.011,0.,0.,0.,0.,0.,0.,0.,0.,0.,0.004,0.004,0.,0.,0.,0.,0.004,0.003,0.,0.,0.,0.,0.001,0.,0.001,0.001,0.,0.001,0.001,0.,0.001,0.001,0.,0.001,0.,0.,0.,0.014,0.005,0.009,0.001,0.,0.001,0.,0.,0.,0.001,0.,0.,0.001,0.,0.001,0.001,0.,0.001
51,0.014,0.,0.014,0.,0.,0.,0.,0.,0.,0.,0.,0.,0.003,0.,0.003,0.,0.,0.,0.002,0.,0.002,0.,0.,0.,0.,0.,0.,0.,0.,0.,0.,0.,0.,0.001,0.,0.001,0.,0.,0.,0.012,0.,0.012,0.,0.,0.,0.,0.,0.,0.,0.,0.,0.,0.,0.,0.,0.,0.
52,0.014,0.003,0.01,0.,0.,0.,0.,0.,0.,0.,0.,0.,0.003,0.,0.003,0.,0.,0.,0.002,0.,0.002,0.,0.,0.,0.001,0.,0.001,0.,0.,0.,0.,0.,0.,0.001,0.,0.001,0.,0.,0.,0.012,0.003,0.008,0.001,0.,0.001,0.,0.,0.,0.,0.,0.,0.,0.,0.,0.,0.,0.
53,0.015,0.,0.015,0.,0.,0.,0.,0.,0.,0.,0.,0.,0.003,0.,0.003,0.,0.,0.,0.003,0.,0.003,0.,0.,0.,0.001,0.,0.001,0.,0.,0.,0.001,0.,0.001,0.001,0.,0.001,0.,0.,0.,0.013,0.,0.013,0.001,0.,0.001,0.,0.,0.,0.001,0.,0.001,0.,0.,0.,0.001,0.,0.001
54,0.015,0.,0.014,0.,0.,0.,0.,0.,0.,0.,0.,0.,0.003,0.,0.003,0.,0.,0.,0.003,0.,0.003,0.,0.,0.,0.001,0.,0.001,0.,0.,0.,0.001,0.,0.001,0.001,0.,0.001,0.,0.,0.,0.012,0.,0.012,0.001,0.,0.001,0.,0.,0.,0.001,0.,0.001,0.,0.,0.,0.001,0.,0.001
55,0.015,0.003,0.011,0.,0.,0.,0.,0.,0.,0.,0.,0.,0.003,0.,0.003,0.,0.,0.,0.003,0.,0.003,0.,0.,0.,0.001,0.,0.001,0.001,0.,0.001,0.001,0.001,0.,0.001,0.,0.001,0.,0.,0.,0.013,0.003,0.009,0.001,0.001,0.,0.,0.,0.,0.001,0.,0.001,0.,0.,0.,0.001,0.001,0.
56,0.017,0.,0.017,0.,0.,0.,0.,0.,0.,0.002,0.,0.002,0.003,0.,0.003,0.,0.,0.,0.003,0.,0.003,0.,0.,0.,0.001,0.,0.001,0.001,0.,0.001,0.001,0.,0.001,0.001,0.,0.001,0.,0.,0.,0.015,0.,0.015,0.001,0.,0.001,0.,0.,0.,0.001,0.,0.001,0.001,0.,0.001,0.001,0.,0.001
57,0.015,0.,0.015,0.,0.,0.,0.,0.,0.,0.,0.,0.,0.003,0.,0.003,0.,0.,0.,0.003,0.,0.003,0.,0.,0.,0.001,0.,0.001,0.001,0.,0.001,0.001,0.,0.001,0.001,0.,0.001,0.,0.,0.,0.013,0.,0.013,0.001,0.,0.001,0.,0.,0.,0.001,0.,0.001,0.001,0.,0.001,0.001,0.,0.001
58,0.016,0.,0.016,0.,0.,0.,0.,0.,0.,0.,0.,0.,0.003,0.,0.003,0.,0.,0.,0.003,0.,0.003,0.,0.,0.,0.001,0.,0.001,0.001,0.,0.001,0.001,0.,0.001,0.001,0.,0.001,0.,0.,0.,0.013,0.,0.013,0.001,0.,0.001,0.,0.,0.,0.001,0.,0.001,0.001,0.,0.001,0.001,0.,0.001
59,0.017,0.,0.017,0.,0.,0.,0.,0.,0.,0.,0.,0.,0.004,0.,0.004,0.,0.,0.,0.004,0.,0.004,0.,0.,0.,0.001,0.,0.001,0.001,0.,0.001,0.001,0.,0.001,0.001,0.,0.001,0.,0.,0.,0.015,0.,0.015,0.001,0.,0.001,0.,0.,0.,0.001,0.,0.001,0.001,0.,0.001,0.001,0.,0.001
60,0.017,0.,0.017,0.,0.,0.,0.,0.,0.,0.,0.,0.,0.003,0.,0.003,0.,0.,0.,0.003,0.,0.003,0.,0.,0.,0.001,0.,0.001,0.001,0.,0.001,0.001,0.,0.001,0.002,0.,0.002,0.,0.,0.,0.014,0.,0.014,0.001,0.,0.001,0.,0.,0.,0.001,0.,0.001,0.001,0.,0.001,0.001,0.,0.001
61,0.018,0.004,0.014,0.,0.,0.,0.,0.,0.,0.,0.,0.,0.003,0.,0.003,0.,0.,0.,0.003,0.,0.003,0.,0.,0.,0.001,0.,0.,0.001,0.,0.001,0.001,0.,0.001,0.002,0.,0.002,0.,0.,0.,0.016,0.004,0.012,0.001,0.,0.001,0.,0.,0.,0.001,0.,0.001,0.002,0.002,0.,0.001,0.,0.001
62,0.017,0.,0.017,0.,0.,0.,0.,0.,0.,0.,0.,0.,0.003,0.,0.003,0.,0.,0.,0.003,0.,0.003,0.,0.,0.,0.001,0.,0.001,0.001,0.,0.001,0.001,0.,0.001,0.002,0.,0.002,0.,0.,0.,0.015,0.,0.015,0.001,0.,0.001,0.,0.,0.,0.001,0.,0.001,0.001,0.,0.001,0.001,0.,0.001
63,0.018,0.,0.018,0.,0.,0.,0.,0.,0.,0.,0.,0.,0.003,0.,0.003,0.,0.,0.,0.003,0.,0.003,0.,0.,0.,0.001,0.,0.001,0.001,0.,0.001,0.001,0.,0.001,0.002,0.,0.002,0.,0.,0.,0.015,0.,0.015,0.001,0.,0.001,0.,0.,0.,0.001,0.,0.001,0.001,0.,0.001,0.001,0.,0.001
64,0.018,0.,0.018,0.,0.,0.,0.,0.,0.,0.,0.,0.,0.003,0.,0.003,0.,0.,0.,0.003,0.,0.003,0.,0.,0.,0.001,0.,0.001,0.001,0.,0.001,0.001,0.,0.001,0.002,0.,0.002,0.,0.,0.,0.015,0.,0.015,0.001,0.,0.001,0.,0.,0.,0.001,0.,0.001,0.001,0.,0.001,0.001,0.,0.001
65,0.018,0.,0.018,0.,0.,0.,0.,0.,0.,0.,0.,0.,0.003,0.,0.003,0.,0.,0.,0.003,0.,0.003,0.,0.,0.,0.001,0.,0.001,0.001,0.,0.001,0.001,0.,0.001,0.002,0.,0.002,0.,0.,0.,0.015,0.,0.015,0.001,0.,0.001,0.,0.,0.,0.001,0.,0.001,0.001,0.,0.001,0.001,0.,0.001
66,0.019,0.,0.019,0.,0.,0.,0.,0.,0.,0.,0.,0.,0.004,0.,0.004,0.,0.,0.,0.004,0.,0.004,0.,0.,0.,0.001,0.,0.001,0.001,0.,0.001,0.001,0.,0.001,0.002,0.,0.002,0.,0.,0.,0.016,0.,0.016,0.001,0.,0.001,0.,0.,0.,0.001,0.,0.001,0.001,0.,0.001,0.001,0.,0.001
67,0.018,0.,0.018,0.,0.,0.,0.,0.,0.,0.,0.,0.,0.003,0.,0.003,0.,0.,0.,0.003,0.,0.003,0.,0.,0.,0.001,0.,0.001,0.001,0.,0.001,0.001,0.,0.001,0.002,0.,0.002,0.,0.,0.,0.016,0.,0.016,0.001,0.,0.001,0.,0.,0.,0.001,0.,0.001,0.001,0.,0.001,0.001,0.,0.001
68,0.019,0.,0.019,0.,0.,0.,0.,0.,0.,0.,0.,0.,0.003,0.,0.003,0.,0.,0.,0.003,0.,0.003,0.,0.,0.,0.001,0.,0.001,0.001,0.,0.001,0.001,0.,0.001,0.002,0.,0.002,0.,0.,0.,0.016,0.,0.016,0.001,0.,0.001,0.,0.,0.,0.001,0.,0.001,0.001,0.,0.001,0.001,0.,0.001
69,0.019,0.,0.019,0.,0.,0.,0.,0.,0.,0.,0.,0.,0.004,0.,0.004,0.,0.,0.,0.004,0.,0.004,0.,0.,0.,0.001,0.,0.001,0.001,0.,0.001,0.001,0.,0.001,0.002,0.,0.002,0.,0.,0.,0.016,0.,0.016,0.001,0.,0.001,0.,0.,0.,0.001,0.,0.001,0.001,0.,0.001,0.001,0.,0.001
70,0.02,0.,0.02,0.,0.,0.,0.,0.,0.,0.,0.,0.,0.004,0.,0.004,0.,0.,0.,0.004,0.,0.004,0.,0.,0.,0.001,0.,0.001,0.001,0.,0.001,0.001,0.,0.001,0.002,0.,0.002,0.,0.,0.,0.017,0.,0.017,0.001,0.,0.001,0.,0.,0.,0.002,0.,0.002,0.001,0.,0.001,0.001,0.,0.001
71,0.02,0.,0.02,0.,0.,0.,0.,0.,0.,0.,0.,0.,0.004,0.,0.004,0.,0.,0.,0.004,0.,0.004,0.,0.,0.,0.001,0.,0.001,0.001,0.,0.001,0.001,0.,0.001,0.002,0.,0.002,0.,0.,0.,0.016,0.,0.016,0.001,0.,0.001,0.,0.,0.,0.001,0.,0.001,0.001,0.,0.001,0.001,0.,0.001
72,0.021,0.,0.021,0.,0.,0.,0.,0.,0.,0.,0.,0.,0.004,0.,0.004,0.,0.,0.,0.004,0.,0.004,0.,0.,0.,0.001,0.,0.001,0.001,0.,0.001,0.002,0.,0.002,0.002,0.,0.002,0.,0.,0.,0.018,0.,0.018,0.001,0.,0.001,0.,0.,0.,0.001,0.,0.001,0.001,0.,0.001,0.001,0.,0.001
73,0.021,0.,0.021,0.,0.,0.,0.,0.,0.,0.,0.,0.,0.004,0.,0.004,0.,0.,0.,0.004,0.,0.004,0.,0.,0.,0.001,0.,0.001,0.001,0.,0.001,0.001,0.,0.001,0.002,0.,0.002,0.,0.,0.,0.017,0.,0.017,0.001,0.,0.001,0.,0.,0.,0.001,0.,0.001,0.001,0.,0.001,0.001,0.,0.001
74,0.023,0.,0.023,0.,0.,0.,0.,0.,0.,0.,0.,0.,0.004,0.,0.004,0.,0.,0.,0.004,0.,0.004,0.,0.,0.,0.001,0.,0.001,0.001,0.,0.001,0.001,0.,0.001,0.002,0.,0.002,0.,0.,0.,0.019,0.,0.019,0.001,0.,0.001,0.,0.,0.,0.001,0.,0.001,0.001,0.,0.001,0.003,0.,0.003
75,0.021,0.,0.021,0.,0.,0.,0.,0.,0.,0.,0.,0.,0.004,0.,0.004,0.,0.,0.,0.004,0.,0.004,0.,0.,0.,0.001,0.,0.001,0.001,0.,0.001,0.001,0.,0.001,0.002,0.,0.002,0.,0.,0.,0.018,0.,0.018,0.001,0.,0.001,0.,0.,0.,0.001,0.,0.001,0.001,0.,0.001,0.001,0.,0.001
76,0.022,0.,0.022,0.,0.,0.,0.,0.,0.,0.,0.,0.,0.004,0.,0.004,0.,0.,0.,0.004,0.,0.004,0.,0.,0.,0.001,0.,0.001,0.001,0.,0.001,0.001,0.,0.001,0.002,0.,0.002,0.,0.,0.,0.019,0.,0.019,0.001,0.,0.001,0.,0.,0.,0.001,0.,0.001,0.001,0.,0.001,0.002,0.,0.002
77,0.022,0.,0.022,0.,0.,0.,0.,0.,0.,0.,0.,0.,0.004,0.,0.004,0.,0.,0.,0.004,0.,0.004,0.,0.,0.,0.001,0.,0.001,0.001,0.,0.001,0.001,0.,0.001,0.002,0.,0.002,0.,0.,0.,0.018,0.,0.018,0.001,0.,0.001,0.,0.,0.,0.001,0.,0.001,0.001,0.,0.001,0.001,0.,0.001
78,0.023,0.,0.023,0.,0.,0.,0.,0.,0.,0.,0.,0.,0.004,0.,0.004,0.,0.,0.,0.004,0.,0.004,0.,0.,0.,0.001,0.,0.001,0.001,0.,0.001,0.003,0.,0.003,0.003,0.,0.003,0.,0.,0.,0.02,0.,0.02,0.001,0.,0.001,0.,0.,0.,0.001,0.,0.001,0.001,0.,0.001,0.001,0.,0.001
79,0.023,0.,0.023,0.,0.,0.,0.,0.,0.,0.,0.,0.,0.004,0.,0.004,0.,0.,0.,0.004,0.,0.004,0.,0.,0.,0.001,0.,0.001,0.001,0.,0.001,0.001,0.,0.001,0.003,0.,0.003,0.,0.,0.,0.019,0.,0.019,0.001,0.,0.001,0.,0.,0.,0.001,0.,0.001,0.001,0.,0.001,0.001,0.,0.001
80,0.024,0.,0.024,0.,0.,0.,0.,0.,0.,0.,0.,0.,0.004,0.,0.004,0.,0.,0.,0.004,0.,0.004,0.,0.,0.,0.002,0.,0.002,0.001,0.,0.001,0.001,0.,0.001,0.003,0.,0.003,0.,0.,0.,0.02,0.,0.02,0.001,0.,0.001,0.,0.,0.,0.001,0.,0.001,0.001,0.,0.001,0.001,0.,0.001
81,0.023,0.,0.023,0.,0.,0.,0.,0.,0.,0.,0.,0.,0.004,0.,0.004,0.,0.,0.,0.004,0.,0.004,0.,0.,0.,0.001,0.,0.001,0.001,0.,0.001,0.001,0.,0.001,0.003,0.,0.003,0.,0.,0.,0.019,0.,0.019,0.001,0.,0.001,0.,0.,0.,0.001,0.,0.001,0.001,0.,0.001,0.001,0.,0.001
82,0.025,0.,0.025,0.,0.,0.,0.,0.,0.,0.,0.,0.,0.004,0.,0.004,0.,0.,0.,0.004,0.,0.004,0.,0.,0.,0.001,0.,0.001,0.003,0.,0.003,0.001,0.,0.001,0.003,0.,0.003,0.,0.,0.,0.021,0.,0.021,0.001,0.,0.001,0.,0.,0.,0.001,0.,0.001,0.001,0.,0.001,0.001,0.,0.001
83,0.024,0.,0.024,0.,0.,0.,0.,0.,0.,0.,0.,0.,0.004,0.,0.004,0.,0.,0.,0.004,0.,0.004,0.,0.,0.,0.001,0.,0.001,0.001,0.,0.001,0.001,0.,0.001,0.003,0.,0.003,0.,0.,0.,0.02,0.,0.02,0.001,0.,0.001,0.,0.,0.,0.001,0.,0.001,0.001,0.,0.001,0.001,0.,0.001
84,0.025,0.,0.025,0.,0.,0.,0.,0.,0.,0.,0.,0.,0.005,0.,0.005,0.,0.,0.,0.005,0.,0.005,0.,0.,0.,0.001,0.,0.001,0.001,0.,0.001,0.001,0.,0.001,0.003,0.,0.003,0.,0.,0.,0.021,0.,0.021,0.001,0.,0.001,0.,0.,0.,0.001,0.,0.001,0.001,0.,0.001,0.001,0.,0.001
85,0.025,0.,0.025,0.,0.,0.,0.,0.,0.,0.,0.,0.,0.004,0.,0.004,0.,0.,0.,0.004,0.,0.004,0.,0.,0.,0.001,0.,0.001,0.001,0.,0.001,0.001,0.,0.001,0.003,0.,0.003,0.,0.,0.,0.021,0.,0.021,0.001,0.,0.001,0.,0.,0.,0.001,0.,0.001,0.001,0.,0.001,0.001,0.,0.001
86,0.026,0.,0.026,0.,0.,0.,0.,0.,0.,0.,0.,0.,0.006,0.,0.006,0.,0.,0.,0.006,0.,0.006,0.,0.,0.,0.001,0.,0.001,0.001,0.,0.001,0.001,0.,0.001,0.003,0.,0.003,0.,0.,0.,0.022,0.,0.022,0.001,0.,0.001,0.,0.,0.,0.001,0.,0.001,0.001,0.,0.001,0.001,0.,0.001
87,0.026,0.,0.026,0.,0.,0.,0.,0.,0.,0.,0.,0.,0.005,0.,0.005,0.,0.,0.,0.004,0.,0.004,0.001,0.,0.001,0.001,0.,0.001,0.001,0.,0.001,0.002,0.,0.002,0.003,0.,0.003,0.,0.,0.,0.022,0.,0.022,0.001,0.,0.001,0.,0.,0.,0.001,0.,0.001,0.001,0.,0.001,0.001,0.,0.001
88,0.026,0.,0.026,0.,0.,0.,0.,0.,0.,0.,0.,0.,0.005,0.,0.005,0.,0.,0.,0.005,0.,0.005,0.001,0.,0.001,0.001,0.,0.001,0.001,0.,0.001,0.001,0.,0.001,0.003,0.,0.003,0.,0.,0.,0.022,0.,0.022,0.001,0.,0.001,0.,0.,0.,0.001,0.,0.001,0.001,0.,0.001,0.001,0.,0.001
89,0.028,0.,0.028,0.,0.,0.,0.,0.,0.,0.,0.,0.,0.005,0.,0.005,0.,0.,0.,0.005,0.,0.005,0.,0.,0.,0.001,0.,0.001,0.003,0.,0.003,0.001,0.,0.001,0.003,0.,0.003,0.,0.,0.,0.024,0.,0.024,0.002,0.,0.001,0.,0.,0.,0.001,0.,0.001,0.001,0.,0.001,0.001,0.,0.001
90,0.026,0.,0.026,0.,0.,0.,0.,0.,0.,0.,0.,0.,0.005,0.,0.005,0.,0.,0.,0.005,0.,0.005,0.001,0.,0.001,0.002,0.,0.002,0.001,0.,0.001,0.002,0.,0.002,0.003,0.,0.003,0.,0.,0.,0.022,0.,0.022,0.002,0.,0.002,0.,0.,0.,0.002,0.,0.002,0.001,0.,0.001,0.001,0.,0.001
91,0.027,0.,0.027,0.,0.,0.,0.,0.,0.,0.,0.,0.,0.005,0.,0.005,0.,0.,0.,0.005,0.,0.005,0.001,0.,0.001,0.002,0.,0.002,0.001,0.,0.001,0.001,0.,0.001,0.003,0.,0.003,0.,0.,0.,0.023,0.,0.023,0.002,0.,0.002,0.,0.,0.,0.002,0.,0.002,0.001,0.,0.001,0.001,0.,0.001
92,0.028,0.,0.028,0.,0.,0.,0.,0.,0.,0.,0.,0.,0.005,0.,0.005,0.,0.,0.,0.005,0.,0.005,0.001,0.,0.001,0.002,0.,0.002,0.001,0.,0.001,0.002,0.,0.002,0.003,0.,0.003,0.,0.,0.,0.024,0.,0.024,0.002,0.,0.002,0.,0.,0.,0.002,0.,0.002,0.001,0.,0.001,0.002,0.,0.002
93,0.028,0.,0.028,0.,0.,0.,0.,0.,0.,0.,0.,0.,0.005,0.,0.005,0.,0.,0.,0.005,0.,0.005,0.001,0.,0.001,0.002,0.,0.002,0.002,0.,0.002,0.002,0.,0.002,0.003,0.,0.003,0.,0.,0.,0.023,0.,0.023,0.002,0.,0.002,0.001,0.,0.001,0.002,0.,0.002,0.001,0.,0.001,0.002,0.,0.002
94,0.029,0.,0.029,0.,0.,0.,0.,0.,0.,0.,0.,0.,0.005,0.,0.005,0.,0.,0.,0.005,0.,0.005,0.001,0.,0.001,0.002,0.,0.002,0.002,0.,0.002,0.002,0.,0.002,0.003,0.,0.003,0.,0.,0.,0.024,0.,0.024,0.002,0.,0.002,0.001,0.,0.001,0.002,0.,0.002,0.002,0.,0.002,0.002,0.,0.002
95,0.03,0.,0.03,0.,0.,0.,0.,0.,0.,0.,0.,0.,0.005,0.,0.005,0.,0.,0.,0.005,0.,0.005,0.001,0.,0.001,0.002,0.,0.002,0.002,0.,0.002,0.002,0.,0.002,0.005,0.,0.005,0.,0.,0.,0.024,0.,0.024,0.002,0.,0.002,0.001,0.,0.001,0.002,0.,0.002,0.002,0.,0.002,0.002,0.,0.002
96,0.029,0.,0.029,0.,0.,0.,0.,0.,0.,0.,0.,0.,0.005,0.,0.005,0.,0.,0.,0.005,0.,0.005,0.001,0.,0.001,0.002,0.,0.002,0.002,0.,0.002,0.002,0.,0.002,0.004,0.,0.004,0.,0.,0.,0.024,0.,0.024,0.002,0.,0.002,0.001,0.,0.001,0.002,0.,0.002,0.002,0.,0.002,0.002,0.,0.002
97,0.03,0.,0.03,0.,0.,0.,0.,0.,0.,0.,0.,0.,0.005,0.,0.005,0.,0.,0.,0.005,0.,0.005,0.001,0.,0.001,0.002,0.,0.002,0.002,0.,0.002,0.002,0.,0.002,0.004,0.,0.004,0.,0.,0.,0.025,0.,0.025,0.002,0.,0.002,0.001,0.,0.001,0.002,0.,0.002,0.002,0.,0.002,0.002,0.,0.002
98,0.03,0.,0.03,0.,0.,0.,0.,0.,0.,0.,0.,0.,0.005,0.,0.005,0.,0.,0.,0.005,0.,0.005,0.001,0.,0.001,0.002,0.,0.002,0.002,0.,0.002,0.002,0.,0.002,0.004,0.,0.004,0.,0.,0.,0.025,0.,0.025,0.002,0.,0.002,0.001,0.,0.001,0.002,0.,0.002,0.002,0.,0.002,0.002,0.,0.002
99,0.032,0.,0.032,0.,0.,0.,0.,0.,0.,0.,0.,0.,0.007,0.,0.007,0.,0.,0.,0.007,0.,0.007,0.001,0.,0.001,0.002,0.,0.002,0.002,0.,0.002,0.002,0.,0.002,0.004,0.,0.004,0.,0.,0.,0.027,0.,0.027,0.002,0.,0.002,0.001,0.,0.001,0.002,0.,0.002,0.002,0.,0.002,0.002,0.,0.002
100,0.078,0.02,0.057,0.,0.,0.,0.,0.,0.,0.,0.,0.,0.007,0.,0.007,0.,0.,0.,0.007,0.,0.007,0.001,0.001,0.,0.045,0.015,0.03,0.002,0.,0.002,0.002,0.,0.001,0.004,0.,0.004,0.,0.,0.,0.073,0.02,0.053,0.002,0.,0.002,0.001,0.001,0.,0.002,0.,0.002,0.002,0.,0.002,0.002,0.,0.002
110,0.036,0.,0.036,0.,0.,0.,0.,0.,0.,0.,0.,0.,0.006,0.,0.006,0.,0.,0.,0.006,0.,0.006,0.001,0.,0.001,0.002,0.,0.002,0.003,0.,0.003,0.002,0.,0.002,0.005,0.,0.005,0.,0.,0.,0.03,0.,0.03,0.002,0.,0.002,0.001,0.,0.001,0.002,0.,0.002,0.002,0.,0.002,0.002,0.,0.002
120,0.042,0.,0.042,0.,0.,0.,0.,0.,0.,0.,0.,0.,0.007,0.,0.007,0.,0.,0.,0.006,0.,0.006,0.001,0.,0.001,0.003,0.,0.003,0.002,0.,0.002,0.003,0.,0.003,0.005,0.,0.005,0.,0.,0.,0.035,0.,0.035,0.003,0.,0.003,0.001,0.,0.001,0.003,0.,0.003,0.003,0.,0.003,0.005,0.,0.005
130,0.044,0.,0.044,0.,0.,0.,0.,0.,0.,0.,0.,0.,0.007,0.,0.007,0.,0.,0.,0.007,0.,0.007,0.001,0.,0.001,0.003,0.,0.003,0.003,0.,0.003,0.003,0.,0.003,0.007,0.,0.007,0.,0.,0.,0.036,0.,0.036,0.003,0.,0.003,0.001,0.,0.001,0.003,0.,0.003,0.003,0.,0.003,0.003,0.,0.003
140,0.048,0.,0.048,0.,0.,0.,0.,0.,0.,0.,0.,0.,0.008,0.,0.008,0.,0.,0.,0.008,0.,0.008,0.001,0.,0.001,0.003,0.,0.003,0.003,0.,0.003,0.003,0.,0.003,0.007,0.,0.007,0.,0.,0.,0.04,0.,0.04,0.003,0.,0.003,0.001,0.,0.001,0.003,0.,0.003,0.003,0.,0.003,0.003,0.,0.003
150,0.056,0.003,0.052,0.,0.,0.,0.,0.,0.,0.,0.,0.,0.008,0.,0.008,0.,0.,0.,0.008,0.,0.008,0.001,0.,0.001,0.004,0.,0.004,0.004,0.,0.004,0.006,0.002,0.003,0.008,0.,0.008,0.,0.,0.,0.047,0.003,0.044,0.004,0.,0.004,0.001,0.,0.001,0.004,0.,0.004,0.004,0.,0.004,0.004,0.,0.004
160,0.061,0.,0.061,0.,0.,0.,0.,0.,0.,0.,0.,0.,0.009,0.,0.009,0.,0.,0.,0.009,0.,0.009,0.001,0.,0.001,0.004,0.,0.004,0.004,0.,0.004,0.004,0.,0.004,0.009,0.,0.009,0.,0.,0.,0.05,0.,0.05,0.004,0.,0.004,0.001,0.,0.001,0.004,0.,0.004,0.004,0.,0.004,0.004,0.,0.004
170,0.065,0.,0.065,0.,0.,0.,0.,0.,0.,0.,0.,0.,0.009,0.,0.01,0.,0.,0.,0.009,0.,0.009,0.001,0.,0.001,0.005,0.,0.005,0.004,0.,0.004,0.005,0.,0.005,0.01,0.,0.01,0.,0.,0.,0.054,0.,0.054,0.005,0.,0.005,0.001,0.,0.001,0.005,0.,0.005,0.005,0.,0.005,0.006,0.,0.006
180,0.071,0.,0.071,0.,0.,0.,0.,0.,0.,0.,0.,0.,0.01,0.,0.01,0.,0.,0.,0.01,0.,0.01,0.002,0.,0.002,0.005,0.,0.005,0.005,0.,0.005,0.005,0.,0.005,0.011,0.,0.011,0.,0.,0.,0.059,0.,0.059,0.006,0.,0.006,0.001,0.,0.001,0.007,0.,0.007,0.005,0.,0.005,0.005,0.,0.005
190,0.078,0.,0.078,0.,0.,0.,0.,0.,0.,0.,0.,0.,0.011,0.,0.011,0.,0.,0.,0.01,0.,0.01,0.002,0.,0.002,0.006,0.,0.006,0.008,0.,0.008,0.006,0.,0.006,0.012,0.,0.012,0.,0.,0.,0.065,0.,0.065,0.006,0.,0.006,0.002,0.,0.002,0.006,0.,0.006,0.006,0.,0.006,0.006,0.,0.006
200,0.09,0.,0.09,0.,0.,0.,0.005,0.,0.005,0.,0.,0.,0.011,0.,0.011,0.,0.,0.,0.011,0.,0.011,0.002,0.,0.002,0.007,0.,0.007,0.007,0.,0.007,0.007,0.,0.007,0.013,0.,0.013,0.,0.,0.,0.076,0.,0.076,0.007,0.,0.007,0.002,0.,0.002,0.007,0.,0.007,0.007,0.,0.007,0.007,0.,0.007
210,0.093,0.,0.093,0.,0.,0.,0.,0.,0.,0.,0.,0.,0.013,0.,0.013,0.,0.,0.,0.013,0.,0.013,0.002,0.,0.002,0.007,0.,0.007,0.007,0.,0.007,0.007,0.,0.007,0.017,0.,0.017,0.,0.,0.,0.075,0.,0.075,0.007,0.,0.007,0.002,0.,0.002,0.007,0.,0.007,0.007,0.,0.007,0.007,0.,0.007
220,0.097,0.,0.097,0.,0.,0.,0.002,0.,0.002,0.,0.,0.,0.012,0.,0.012,0.,0.,0.,0.012,0.,0.012,0.002,0.,0.002,0.007,0.,0.007,0.007,0.,0.007,0.008,0.,0.008,0.016,0.,0.016,0.,0.,0.,0.079,0.,0.079,0.008,0.,0.008,0.002,0.,0.002,0.008,0.,0.008,0.007,0.,0.007,0.008,0.,0.008
230,0.109,0.,0.109,0.,0.,0.,0.,0.,0.,0.,0.,0.,0.016,0.,0.016,0.001,0.,0.001,0.016,0.,0.016,0.002,0.,0.002,0.008,0.,0.008,0.008,0.,0.008,0.009,0.,0.009,0.019,0.,0.019,0.,0.,0.,0.089,0.,0.089,0.009,0.,0.009,0.002,0.,0.002,0.008,0.,0.008,0.008,0.,0.008,0.009,0.,0.009
240,0.114,0.,0.114,0.,0.,0.,0.,0.,0.,0.,0.,0.,0.013,0.,0.013,0.001,0.,0.001,0.013,0.,0.013,0.002,0.,0.002,0.009,0.,0.009,0.012,0.,0.012,0.009,0.,0.009,0.019,0.,0.019,0.,0.,0.,0.094,0.,0.094,0.009,0.,0.009,0.002,0.,0.002,0.009,0.,0.009,0.009,0.,0.009,0.009,0.,0.009
250,0.119,0.,0.119,0.,0.,0.,0.001,0.,0.001,0.,0.,0.,0.015,0.,0.015,0.,0.,0.,0.015,0.,0.015,0.002,0.,0.002,0.009,0.,0.009,0.009,0.,0.009,0.009,0.,0.009,0.02,0.,0.02,0.,0.,0.,0.098,0.,0.098,0.014,0.,0.014,0.002,0.,0.002,0.009,0.,0.009,0.009,0.,0.009,0.01,0.,0.01
260,0.124,0.,0.124,0.001,0.,0.001,0.001,0.,0.001,0.001,0.,0.001,0.015,0.,0.015,0.001,0.,0.001,0.015,0.,0.015,0.003,0.,0.003,0.012,0.,0.012,0.009,0.,0.009,0.01,0.,0.01,0.022,0.,0.022,0.,0.,0.,0.101,0.,0.101,0.01,0.,0.01,0.002,0.,0.002,0.011,0.,0.011,0.011,0.,0.011,0.01,0.,0.01
270,0.131,0.003,0.127,0.001,0.,0.001,0.001,0.,0.001,0.001,0.,0.001,0.018,0.003,0.014,0.001,0.,0.001,0.017,0.003,0.014,0.003,0.,0.003,0.01,0.,0.01,0.01,0.,0.01,0.014,0.,0.014,0.023,0.,0.023,0.,0.,0.,0.107,0.003,0.103,0.011,0.,0.011,0.002,0.,0.002,0.01,0.,0.01,0.01,0.,0.01,0.01,0.,0.01
280,0.144,0.,0.144,0.001,0.,0.001,0.001,0.,0.001,0.001,0.,0.001,0.018,0.,0.018,0.001,0.,0.001,0.018,0.,0.018,0.003,0.,0.003,0.011,0.,0.011,0.011,0.,0.011,0.016,0.,0.016,0.025,0.,0.025,0.,0.,0.,0.117,0.,0.117,0.012,0.,0.012,0.003,0.,0.003,0.011,0.,0.011,0.01,0.,0.01,0.012,0.,0.012
290,0.15,0.,0.15,0.001,0.,0.001,0.001,0.,0.001,0.001,0.,0.001,0.019,0.,0.019,0.001,0.,0.001,0.019,0.,0.019,0.003,0.,0.003,0.012,0.,0.012,0.012,0.,0.012,0.017,0.,0.017,0.026,0.,0.026,0.,0.,0.,0.123,0.,0.123,0.012,0.,0.012,0.003,0.,0.003,0.013,0.,0.013,0.012,0.,0.012,0.011,0.,0.011
300,0.157,0.003,0.153,0.001,0.,0.001,0.001,0.,0.001,0.001,0.,0.001,0.017,0.,0.017,0.001,0.,0.001,0.017,0.,0.017,0.004,0.003,0.001,0.013,0.,0.013,0.013,0.,0.013,0.013,0.,0.013,0.028,0.,0.028,0.,0.,0.,0.129,0.003,0.125,0.018,0.,0.018,0.003,0.,0.003,0.013,0.,0.013,0.013,0.,0.013,0.013,0.,0.013
310,0.165,0.003,0.161,0.001,0.,0.001,0.001,0.,0.001,0.001,0.,0.001,0.02,0.003,0.016,0.001,0.,0.001,0.02,0.003,0.016,0.003,0.,0.003,0.013,0.,0.013,0.013,0.,0.013,0.013,0.,0.013,0.03,0.,0.03,0.,0.,0.,0.133,0.003,0.129,0.014,0.,0.014,0.003,0.,0.003,0.019,0.,0.019,0.013,0.,0.013,0.013,0.,0.013
320,0.189,0.,0.189,0.001,0.,0.001,0.001,0.,0.001,0.001,0.,0.001,0.021,0.,0.021,0.001,0.,0.001,0.02,0.,0.02,0.003,0.,0.003,0.02,0.,0.02,0.015,0.,0.015,0.016,0.,0.016,0.034,0.,0.034,0.,0.,0.,0.153,0.,0.153,0.017,0.,0.017,0.003,0.,0.003,0.016,0.,0.016,0.016,0.,0.016,0.016,0.,0.016
330,0.187,0.,0.187,0.001,0.,0.001,0.001,0.,0.001,0.004,0.,0.004,0.019,0.,0.019,0.001,0.,0.001,0.018,0.,0.018,0.003,0.,0.003,0.016,0.,0.016,0.016,0.,0.016,0.016,0.,0.016,0.035,0.,0.035,0.,0.,0.,0.15,0.,0.15,0.017,0.,0.017,0.003,0.,0.003,0.017,0.,0.017,0.015,0.,0.015,0.015,0.,0.015
340,0.199,0.,0.199,0.001,0.,0.001,0.001,0.,0.001,0.001,0.,0.001,0.022,0.,0.022,0.001,0.,0.001,0.022,0.,0.022,0.003,0.,0.003,0.017,0.,0.017,0.017,0.,0.017,0.02,0.,0.02,0.036,0.,0.036,0.,0.,0.,0.162,0.,0.162,0.017,0.,0.017,0.003,0.,0.003,0.018,0.,0.018,0.016,0.,0.016,0.017,0.,0.017
350,0.206,0.,0.206,0.001,0.,0.001,0.001,0.,0.001,0.001,0.,0.001,0.024,0.,0.024,0.001,0.,0.001,0.023,0.,0.023,0.003,0.,0.003,0.018,0.,0.018,0.017,0.,0.017,0.018,0.,0.018,0.037,0.,0.037,0.,0.,0.,0.168,0.,0.168,0.017,0.,0.017,0.003,0.,0.003,0.023,0.,0.023,0.017,0.,0.017,0.018,0.,0.018
360,0.216,0.,0.216,0.001,0.,0.001,0.001,0.,0.001,0.001,0.,0.001,0.027,0.,0.027,0.001,0.,0.001,0.027,0.,0.027,0.004,0.,0.004,0.017,0.,0.017,0.018,0.,0.018,0.018,0.,0.018,0.043,0.,0.043,0.,0.,0.,0.172,0.,0.172,0.017,0.,0.017,0.004,0.,0.004,0.017,0.,0.017,0.021,0.,0.021,0.018,0.,0.018
370,0.22,0.003,0.216,0.001,0.,0.001,0.001,0.,0.001,0.001,0.,0.001,0.024,0.003,0.021,0.001,0.,0.001,0.024,0.003,0.02,0.004,0.,0.004,0.018,0.,0.018,0.017,0.,0.017,0.02,0.,0.02,0.044,0.,0.044,0.,0.,0.,0.174,0.003,0.17,0.018,0.,0.018,0.003,0.,0.003,0.024,0.,0.024,0.017,0.,0.017,0.018,0.,0.018
380,0.235,0.,0.235,0.001,0.,0.001,0.001,0.,0.001,0.001,0.,0.001,0.022,0.,0.022,0.001,0.,0.001,0.021,0.,0.021,0.004,0.,0.004,0.02,0.,0.02,0.019,0.,0.019,0.022,0.,0.022,0.044,0.,0.044,0.,0.,0.,0.189,0.,0.189,0.021,0.,0.021,0.006,0.,0.006,0.02,0.,0.02,0.02,0.,0.02,0.024,0.,0.024
390,0.24,0.,0.24,0.001,0.,0.001,0.001,0.,0.001,0.001,0.,0.001,0.026,0.,0.026,0.001,0.,0.001,0.026,0.,0.026,0.004,0.,0.004,0.021,0.,0.021,0.024,0.,0.024,0.021,0.,0.021,0.046,0.,0.046,0.,0.,0.,0.193,0.,0.193,0.021,0.,0.021,0.004,0.,0.004,0.02,0.,0.02,0.02,0.,0.02,0.02,0.,0.02
400,0.248,0.,0.248,0.001,0.,0.001,0.001,0.,0.001,0.001,0.,0.001,0.025,0.,0.025,0.001,0.,0.001,0.025,0.,0.025,0.004,0.,0.004,0.021,0.,0.021,0.02,0.,0.02,0.021,0.,0.021,0.048,0.,0.048,0.,0.,0.,0.199,0.,0.199,0.021,0.,0.021,0.009,0.,0.009,0.021,0.,0.021,0.022,0.,0.022,0.024,0.,0.024
500,0.358,0.,0.357,0.002,0.,0.002,0.002,0.,0.002,0.002,0.,0.002,0.032,0.,0.032,0.002,0.,0.002,0.032,0.,0.032,0.005,0.,0.005,0.031,0.,0.031,0.03,0.,0.03,0.033,0.,0.033,0.073,0.,0.073,0.,0.,0.,0.283,0.,0.283,0.033,0.,0.033,0.006,0.,0.006,0.034,0.,0.034,0.03,0.,0.03,0.035,0.,0.035
600,0.5,0.,0.5,0.002,0.,0.002,0.002,0.,0.002,0.002,0.,0.002,0.038,0.,0.038,0.002,0.,0.002,0.038,0.,0.038,0.006,0.,0.006,0.046,0.,0.046,0.042,0.,0.042,0.049,0.,0.049,0.104,0.,0.104,0.,0.,0.,0.394,0.,0.394,0.045,0.,0.045,0.007,0.,0.007,0.054,0.,0.054,0.048,0.,0.048,0.044,0.,0.043
700,0.67,0.003,0.666,0.002,0.,0.002,0.002,0.,0.002,0.009,0.,0.009,0.04,0.,0.04,0.002,0.,0.002,0.039,0.,0.039,0.008,0.,0.008,0.063,0.003,0.059,0.063,0.,0.063,0.067,0.,0.067,0.141,0.,0.141,0.,0.,0.,0.528,0.003,0.524,0.068,0.,0.068,0.008,0.,0.008,0.066,0.,0.066,0.063,0.,0.063,0.059,0.,0.059
800,0.856,0.,0.856,0.003,0.,0.003,0.003,0.,0.003,0.003,0.,0.003,0.051,0.,0.051,0.003,0.,0.003,0.05,0.,0.05,0.009,0.,0.009,0.078,0.,0.078,0.084,0.,0.084,0.09,0.,0.09,0.186,0.,0.186,0.,0.,0.,0.669,0.,0.668,0.077,0.,0.077,0.009,0.,0.009,0.089,0.,0.089,0.083,0.,0.082,0.081,0.,0.081
900,1.069,0.,1.069,0.003,0.,0.003,0.003,0.,0.003,0.003,0.,0.003,0.056,0.,0.056,0.003,0.,0.003,0.051,0.,0.051,0.01,0.,0.01,0.124,0.,0.124,0.092,0.,0.092,0.111,0.,0.111,0.222,0.,0.222,0.004,0.,0.004,0.846,0.,0.846,0.115,0.,0.115,0.009,0.,0.009,0.103,0.,0.103,0.098,0.,0.098,0.107,0.,0.107
1000,1.298,0.003,1.294,0.004,0.,0.004,0.004,0.,0.004,0.003,0.,0.003,0.061,0.,0.061,0.004,0.,0.004,0.06,0.,0.06,0.016,0.003,0.012,0.137,0.,0.137,0.116,0.,0.116,0.134,0.,0.134,0.298,0.,0.298,0.,0.,0.,0.999,0.003,0.995,0.121,0.,0.121,0.011,0.,0.011,0.137,0.,0.137,0.121,0.,0.121,0.124,0.,0.124
1100,1.582,0.,1.582,0.004,0.,0.004,0.004,0.,0.004,0.004,0.,0.004,0.073,0.,0.073,0.004,0.,0.004,0.072,0.,0.072,0.016,0.,0.016,0.163,0.,0.163,0.164,0.,0.164,0.165,0.,0.165,0.358,0.,0.358,0.,0.,0.,1.222,0.,1.222,0.152,0.,0.152,0.012,0.,0.012,0.137,0.,0.137,0.157,0.,0.157,0.16,0.,0.16
1200,1.848,0.,1.848,0.004,0.,0.004,0.004,0.,0.004,0.004,0.,0.004,0.081,0.,0.081,0.005,0.,0.005,0.08,0.,0.08,0.017,0.,0.017,0.179,0.,0.179,0.205,0.,0.205,0.171,0.,0.171,0.41,0.,0.41,0.,0.,0.,1.436,0.,1.436,0.178,0.,0.178,0.013,0.,0.013,0.185,0.,0.185,0.215,0.,0.215,0.167,0.,0.167
1300,2.145,0.003,2.14,0.005,0.,0.005,0.005,0.,0.005,0.005,0.,0.005,0.089,0.,0.089,0.005,0.,0.005,0.088,0.,0.088,0.015,0.,0.015,0.202,0.,0.202,0.216,0.,0.216,0.245,0.,0.245,0.448,0.,0.448,0.,0.,0.,1.695,0.003,1.691,0.223,0.,0.223,0.019,0.,0.019,0.223,0.003,0.219,0.227,0.,0.227,0.21,0.,0.21
1400,2.581,0.004,2.577,0.005,0.,0.005,0.008,0.,0.008,0.005,0.,0.005,0.086,0.004,0.082,0.005,0.,0.005,0.085,0.003,0.081,0.02,0.,0.02,0.264,0.,0.264,0.267,0.,0.267,0.258,0.,0.258,0.543,0.,0.543,0.,0.,0.,2.037,0.004,2.033,0.268,0.,0.268,0.015,0.,0.015,0.274,0.,0.274,0.259,0.,0.259,0.295,0.,0.294
1500,2.909,0.,2.909,0.006,0.,0.006,0.006,0.,0.006,0.006,0.,0.006,0.095,0.,0.095,0.006,0.,0.006,0.094,0.,0.094,0.022,0.,0.022,0.325,0.,0.325,0.306,0.,0.306,0.297,0.,0.297,0.607,0.,0.607,0.,0.,0.,2.3,0.,2.3,0.274,0.,0.274,0.016,0.,0.016,0.308,0.,0.308,0.308,0.,0.308,0.317,0.,0.317
1600,3.15,0.,3.15,0.006,0.,0.006,0.006,0.,0.006,0.007,0.,0.007,0.1,0.,0.1,0.006,0.,0.006,0.099,0.,0.099,0.019,0.,0.019,0.335,0.,0.335,0.334,0.,0.334,0.323,0.,0.323,0.706,0.,0.706,0.,0.,0.,2.442,0.,2.442,0.327,0.,0.327,0.018,0.,0.018,0.333,0.,0.333,0.342,0.,0.342,0.278,0.,0.278
1700,3.628,0.,3.628,0.006,0.,0.006,0.011,0.,0.011,0.006,0.,0.006,0.106,0.,0.105,0.007,0.,0.007,0.104,0.,0.104,0.02,0.,0.02,0.364,0.,0.364,0.352,0.,0.352,0.344,0.,0.344,0.806,0.,0.806,0.001,0.,0.001,2.82,0.,2.82,0.386,0.,0.386,0.022,0.,0.022,0.39,0.,0.39,0.4,0.,0.4,0.4,0.,0.4
1800,3.987,0.,3.986,0.007,0.,0.007,0.014,0.,0.014,0.007,0.,0.007,0.124,0.,0.124,0.007,0.,0.007,0.124,0.,0.124,0.02,0.,0.02,0.458,0.,0.458,0.385,0.,0.385,0.429,0.,0.429,0.864,0.,0.864,0.,0.,0.,3.121,0.,3.121,0.444,0.,0.444,0.026,0.,0.026,0.445,0.,0.445,0.398,0.,0.398,0.349,0.,0.348
1900,4.541,0.003,4.536,0.009,0.,0.009,0.008,0.,0.008,0.008,0.,0.008,0.13,0.,0.13,0.008,0.,0.008,0.129,0.,0.129,0.028,0.003,0.024,0.427,0.,0.427,0.507,0.,0.507,0.487,0.,0.487,0.934,0.,0.934,0.001,0.,0.001,3.605,0.003,3.601,0.492,0.,0.492,0.028,0.,0.028,0.501,0.,0.501,0.507,0.,0.507,0.457,0.,0.457
2000,4.922,0.,4.921,0.008,0.,0.008,0.012,0.,0.012,0.008,0.,0.008,0.125,0.,0.125,0.008,0.,0.008,0.124,0.,0.124,0.024,0.,0.024,0.517,0.,0.517,0.543,0.,0.543,0.474,0.,0.474,1.109,0.,1.109,0.001,0.,0.001,3.81,0.,3.81,0.609,0.,0.609,0.028,0.,0.028,0.413,0.,0.413,0.541,0.,0.541,0.493,0.,0.492
2500,7.763,0.003,7.758,0.009,0.,0.009,0.01,0.,0.01,0.012,0.,0.012,0.157,0.,0.157,0.01,0.,0.01,0.155,0.,0.155,0.029,0.,0.029,0.877,0.,0.877,0.89,0.,0.89,0.776,0.,0.776,1.659,0.003,1.655,0.001,0.,0.001,6.102,0.,6.101,0.95,0.,0.95,0.029,0.,0.029,0.7,0.,0.7,0.735,0.,0.735,0.91,0.,0.91
3000,10.954,0.,10.953,0.012,0.,0.012,0.012,0.,0.012,0.012,0.,0.012,0.212,0.,0.212,0.023,0.,0.023,0.21,0.,0.21,0.04,0.,0.04,1.125,0.,1.125,1.307,0.,1.307,1.238,0.,1.238,2.32,0.,2.32,0.001,0.,0.001,8.631,0.,8.63,0.976,0.,0.976,0.046,0.,0.046,1.103,0.,1.103,1.225,0.,1.225,1.291,0.,1.291