param-n,abstract-regression-cubic-real,abstract-regression-cubic-sys,abstract-regression-cubic-user,close-abstract-regression-cubic-real,close-abstract-regression-cubic-sys,close-abstract-regression-cubic-user,fast-rewrite-regression-cubic-real,fast-rewrite-regression-cubic-sys,fast-rewrite-regression-cubic-user,pose-build-and-refine-regression-cubic-real,pose-build-and-refine-regression-cubic-sys,pose-build-and-refine-regression-cubic-user,refine-regression-quadratic-regression-linear-real,refine-regression-quadratic-regression-linear-sys,refine-regression-quadratic-regression-linear-user
1,0.,0.,0.,0.,0.,0.,0.,0.,0.,0.,0.,0.,0.,0.,0.
2,0.,0.,0.,0.,0.,0.,0.,0.,0.,0.,0.,0.,0.,0.,0.
3,0.,0.,0.,0.,0.,0.,0.,0.,0.,0.,0.,0.,0.,0.,0.
4,0.,0.,0.,0.,0.,0.,0.,0.,0.,0.,0.,0.,0.,0.,0.
5,0.,0.,0.,0.,0.,0.,0.,0.,0.,0.,0.,0.,0.,0.,0.
6,0.,0.,0.,0.,0.,0.,0.,0.,0.,0.,0.,0.,0.,0.,0.
7,0.001,0.,0.001,0.,0.,0.,0.,0.,0.,0.,0.,0.,0.,0.,0.
8,0.001,0.,0.001,0.,0.,0.,0.001,0.,0.,0.001,0.,0.,0.,0.,0.
9,0.001,0.,0.001,0.,0.,0.,0.001,0.,0.001,0.001,0.,0.001,0.,0.,0.
10,0.001,0.,0.001,0.,0.,0.,0.001,0.,0.001,0.001,0.,0.001,0.,0.,0.
11,0.001,0.,0.001,0.,0.,0.,0.001,0.,0.001,0.001,0.,0.001,0.,0.,0.
12,0.001,0.,0.001,0.,0.,0.,0.001,0.,0.001,0.001,0.,0.001,0.,0.,0.
13,0.001,0.,0.001,0.,0.,0.,0.001,0.,0.001,0.001,0.,0.001,0.,0.,0.
14,0.001,0.,0.001,0.,0.,0.,0.001,0.,0.001,0.001,0.,0.001,0.,0.,0.
15,0.002,0.,0.002,0.,0.,0.,0.001,0.,0.001,0.001,0.,0.001,0.,0.,0.
16,0.002,0.,0.002,0.,0.,0.,0.001,0.,0.001,0.001,0.,0.001,0.,0.,0.
17,0.002,0.,0.002,0.,0.,0.,0.001,0.,0.001,0.001,0.,0.001,0.,0.,0.
18,0.002,0.,0.002,0.,0.,0.,0.001,0.,0.001,0.001,0.,0.001,0.,0.,0.
19,0.002,0.,0.002,0.,0.,0.,0.002,0.,0.002,0.002,0.,0.002,0.,0.,0.
20,0.047,0.007,0.04,0.,0.,0.,0.046,0.007,0.039,0.046,0.007,0.039,0.,0.,0.
21,0.002,0.,0.001,0.,0.,0.,0.001,0.,0.001,0.001,0.,0.001,0.,0.,0.
22,0.002,0.,0.002,0.,0.,0.,0.001,0.,0.001,0.001,0.,0.001,0.,0.,0.
23,0.002,0.,0.002,0.,0.,0.,0.001,0.,0.001,0.001,0.,0.001,0.,0.,0.
24,0.002,0.,0.002,0.,0.,0.,0.001,0.,0.001,0.001,0.,0.001,0.,0.,0.
25,0.002,0.,0.002,0.,0.,0.,0.001,0.,0.001,0.001,0.,0.001,0.,0.,0.
26,0.002,0.,0.002,0.,0.,0.,0.001,0.,0.001,0.001,0.,0.001,0.,0.,0.
27,0.002,0.,0.002,0.,0.,0.,0.002,0.,0.002,0.002,0.,0.002,0.,0.,0.
28,0.003,0.,0.003,0.,0.,0.,0.002,0.,0.002,0.002,0.,0.002,0.,0.,0.
29,0.003,0.,0.003,0.,0.,0.,0.002,0.,0.002,0.002,0.,0.002,0.,0.,0.
30,0.003,0.,0.003,0.,0.,0.,0.002,0.,0.002,0.002,0.,0.002,0.,0.,0.
31,0.003,0.,0.003,0.,0.,0.,0.002,0.,0.002,0.002,0.,0.002,0.,0.,0.
32,0.003,0.,0.003,0.,0.,0.,0.002,0.,0.002,0.002,0.,0.002,0.,0.,0.
33,0.004,0.,0.004,0.001,0.,0.001,0.002,0.,0.002,0.002,0.,0.002,0.,0.,0.
34,0.004,0.,0.004,0.001,0.,0.001,0.002,0.,0.002,0.002,0.,0.002,0.,0.,0.
35,0.004,0.,0.004,0.001,0.,0.001,0.002,0.,0.002,0.002,0.,0.002,0.,0.,0.
36,0.004,0.,0.004,0.001,0.,0.001,0.002,0.,0.002,0.002,0.,0.002,0.,0.,0.
37,0.004,0.,0.004,0.001,0.,0.001,0.003,0.,0.003,0.003,0.,0.003,0.,0.,0.
38,0.004,0.,0.004,0.001,0.,0.001,0.003,0.,0.003,0.003,0.,0.003,0.,0.,0.
39,0.004,0.,0.004,0.001,0.,0.001,0.003,0.,0.003,0.003,0.,0.003,0.,0.,0.
40,0.005,0.,0.005,0.001,0.,0.001,0.003,0.,0.003,0.003,0.,0.003,0.,0.,0.
41,0.005,0.,0.005,0.001,0.,0.001,0.003,0.,0.003,0.003,0.,0.003,0.,0.,0.
42,0.005,0.,0.005,0.001,0.,0.001,0.003,0.,0.003,0.003,0.,0.003,0.,0.,0.
43,0.007,0.,0.007,0.001,0.,0.001,0.005,0.,0.005,0.005,0.,0.005,0.,0.,0.
44,0.005,0.,0.005,0.001,0.,0.001,0.003,0.,0.003,0.003,0.,0.003,0.,0.,0.
45,0.005,0.,0.005,0.001,0.,0.001,0.003,0.,0.003,0.003,0.,0.003,0.,0.,0.
46,0.005,0.,0.005,0.001,0.,0.001,0.003,0.,0.003,0.003,0.,0.003,0.,0.,0.
47,0.006,0.,0.006,0.001,0.,0.001,0.003,0.,0.003,0.003,0.,0.003,0.,0.,0.
48,0.006,0.,0.006,0.002,0.,0.002,0.003,0.,0.003,0.003,0.,0.003,0.,0.,0.
49,0.006,0.,0.006,0.002,0.,0.002,0.004,0.,0.004,0.004,0.,0.004,0.,0.,0.
50,0.007,0.003,0.004,0.002,0.002,0.,0.005,0.,0.004,0.005,0.,0.004,0.,0.,0.
51,0.007,0.,0.007,0.003,0.,0.003,0.004,0.,0.004,0.004,0.,0.004,0.,0.,0.
52,0.006,0.,0.006,0.002,0.,0.002,0.004,0.,0.004,0.004,0.,0.004,0.,0.,0.
53,0.007,0.003,0.003,0.002,0.,0.002,0.004,0.002,0.001,0.004,0.002,0.001,0.,0.,0.
54,0.007,0.,0.007,0.002,0.,0.002,0.004,0.,0.004,0.004,0.,0.004,0.,0.,0.
55,0.007,0.,0.007,0.002,0.,0.002,0.004,0.,0.004,0.004,0.,0.004,0.,0.,0.
56,0.008,0.,0.008,0.002,0.,0.002,0.004,0.,0.004,0.004,0.,0.004,0.,0.,0.
57,0.008,0.,0.008,0.002,0.,0.002,0.004,0.,0.004,0.004,0.,0.004,0.,0.,0.
58,0.011,0.,0.011,0.003,0.,0.003,0.007,0.,0.007,0.007,0.,0.007,0.,0.,0.
59,0.008,0.,0.008,0.003,0.,0.003,0.005,0.,0.005,0.005,0.,0.005,0.,0.,0.
60,0.009,0.,0.009,0.003,0.,0.003,0.005,0.,0.005,0.005,0.,0.005,0.,0.,0.
61,0.009,0.,0.009,0.003,0.,0.003,0.005,0.,0.005,0.005,0.,0.005,0.,0.,0.
62,0.009,0.,0.009,0.003,0.,0.003,0.005,0.,0.005,0.005,0.,0.005,0.,0.,0.
63,0.01,0.,0.01,0.004,0.,0.004,0.005,0.,0.005,0.005,0.,0.005,0.,0.,0.
64,0.009,0.,0.009,0.003,0.,0.003,0.005,0.,0.005,0.005,0.,0.005,0.,0.,0.
65,0.009,0.,0.009,0.003,0.,0.003,0.005,0.,0.005,0.005,0.,0.005,0.,0.,0.
66,0.01,0.,0.01,0.003,0.,0.003,0.005,0.,0.005,0.005,0.,0.005,0.,0.,0.
67,0.01,0.,0.01,0.004,0.,0.004,0.005,0.,0.005,0.005,0.,0.005,0.,0.,0.
68,0.01,0.,0.01,0.004,0.,0.004,0.006,0.,0.006,0.006,0.,0.006,0.,0.,0.
69,0.012,0.,0.012,0.004,0.,0.004,0.008,0.,0.007,0.008,0.,0.007,0.,0.,0.
70,0.011,0.,0.011,0.004,0.,0.004,0.006,0.,0.006,0.006,0.,0.006,0.,0.,0.
71,0.011,0.,0.011,0.004,0.,0.004,0.006,0.,0.006,0.006,0.,0.006,0.,0.,0.
72,0.011,0.,0.011,0.004,0.,0.004,0.006,0.,0.006,0.006,0.,0.006,0.,0.,0.
73,0.012,0.,0.012,0.005,0.,0.005,0.006,0.,0.006,0.006,0.,0.006,0.,0.,0.
74,0.012,0.,0.012,0.005,0.,0.005,0.006,0.,0.006,0.006,0.,0.006,0.,0.,0.
75,0.012,0.,0.012,0.005,0.,0.005,0.006,0.,0.006,0.006,0.,0.006,0.,0.,0.
76,0.012,0.,0.012,0.005,0.,0.005,0.006,0.,0.006,0.006,0.,0.006,0.,0.,0.
77,0.013,0.,0.013,0.005,0.,0.005,0.006,0.,0.006,0.006,0.,0.006,0.,0.,0.
78,0.015,0.,0.015,0.006,0.,0.006,0.008,0.,0.008,0.008,0.,0.008,0.,0.,0.
79,0.013,0.,0.013,0.006,0.,0.006,0.007,0.,0.007,0.007,0.,0.007,0.,0.,0.
80,0.014,0.,0.014,0.006,0.,0.006,0.007,0.,0.007,0.007,0.,0.007,0.,0.,0.
81,0.014,0.,0.014,0.006,0.,0.006,0.007,0.,0.007,0.007,0.,0.007,0.,0.,0.
82,0.017,0.,0.017,0.006,0.,0.006,0.01,0.,0.01,0.009,0.,0.009,0.,0.,0.
83,0.015,0.,0.015,0.006,0.,0.006,0.007,0.,0.007,0.007,0.,0.007,0.,0.,0.
84,0.015,0.,0.015,0.006,0.,0.006,0.007,0.,0.007,0.007,0.,0.007,0.,0.,0.
85,0.015,0.,0.015,0.007,0.,0.007,0.007,0.,0.007,0.007,0.,0.007,0.,0.,0.
86,0.02,0.,0.02,0.007,0.,0.007,0.012,0.,0.012,0.012,0.,0.012,0.,0.,0.
87,0.015,0.,0.015,0.007,0.,0.007,0.008,0.,0.008,0.008,0.,0.008,0.,0.,0.
88,0.016,0.,0.016,0.007,0.,0.007,0.008,0.,0.008,0.008,0.,0.008,0.,0.,0.
89,0.017,0.,0.017,0.008,0.,0.008,0.008,0.,0.008,0.008,0.,0.008,0.,0.,0.
90,0.018,0.,0.018,0.008,0.,0.008,0.009,0.,0.009,0.009,0.,0.009,0.,0.,0.
91,0.017,0.,0.017,0.008,0.,0.008,0.008,0.,0.008,0.008,0.,0.008,0.,0.,0.
92,0.017,0.003,0.014,0.008,0.,0.008,0.008,0.002,0.006,0.008,0.002,0.006,0.,0.,0.
93,0.02,0.,0.02,0.01,0.,0.01,0.008,0.,0.008,0.008,0.,0.008,0.,0.,0.
94,0.018,0.,0.018,0.009,0.,0.009,0.008,0.,0.008,0.008,0.,0.008,0.,0.,0.
95,0.018,0.,0.018,0.009,0.,0.009,0.008,0.,0.008,0.008,0.,0.008,0.,0.,0.
96,0.019,0.,0.019,0.009,0.,0.009,0.009,0.,0.009,0.009,0.,0.009,0.,0.,0.
97,0.02,0.,0.02,0.009,0.,0.009,0.01,0.,0.01,0.01,0.,0.01,0.,0.,0.
98,0.019,0.,0.019,0.009,0.,0.009,0.009,0.,0.009,0.009,0.,0.009,0.,0.,0.
99,0.02,0.,0.02,0.01,0.,0.01,0.009,0.,0.009,0.009,0.,0.009,0.,0.,0.
100,0.023,0.,0.023,0.011,0.,0.011,0.012,0.,0.012,0.012,0.,0.012,0.,0.,0.
110,0.026,0.,0.026,0.013,0.,0.013,0.012,0.,0.012,0.012,0.,0.012,0.,0.,0.
120,0.03,0.,0.03,0.017,0.,0.017,0.012,0.,0.012,0.012,0.,0.012,0.001,0.,0.001
130,0.035,0.,0.035,0.021,0.,0.021,0.013,0.,0.013,0.013,0.,0.013,0.001,0.,0.001
140,0.041,0.,0.041,0.025,0.,0.025,0.015,0.,0.015,0.015,0.,0.015,0.001,0.,0.001
150,0.095,0.015,0.079,0.03,0.,0.03,0.064,0.015,0.049,0.064,0.015,0.049,0.001,0.,0.001
160,0.056,0.,0.056,0.037,0.,0.037,0.017,0.,0.017,0.017,0.,0.017,0.001,0.,0.001
170,0.062,0.,0.062,0.042,0.,0.042,0.019,0.,0.019,0.019,0.,0.019,0.001,0.,0.001
180,0.075,0.,0.075,0.05,0.,0.05,0.024,0.,0.024,0.024,0.,0.024,0.001,0.,0.001
190,0.089,0.,0.089,0.065,0.,0.065,0.023,0.,0.023,0.023,0.,0.023,0.001,0.,0.001
200,0.091,0.,0.091,0.066,0.,0.066,0.024,0.,0.024,0.024,0.,0.024,0.001,0.,0.001
210,0.104,0.,0.104,0.076,0.,0.076,0.026,0.,0.026,0.026,0.,0.026,0.002,0.,0.002
220,0.116,0.,0.116,0.086,0.,0.086,0.029,0.,0.029,0.029,0.,0.029,0.001,0.,0.001
230,0.134,0.,0.134,0.099,0.,0.099,0.035,0.,0.034,0.034,0.,0.034,0.002,0.,0.002
240,0.147,0.,0.147,0.111,0.,0.111,0.036,0.,0.036,0.035,0.,0.035,0.001,0.,0.001
250,0.16,0.,0.16,0.124,0.,0.124,0.035,0.,0.035,0.035,0.,0.035,0.002,0.,0.002
260,0.184,0.,0.184,0.139,0.,0.139,0.043,0.,0.043,0.043,0.,0.043,0.002,0.,0.002
270,0.198,0.,0.198,0.155,0.,0.155,0.042,0.,0.042,0.042,0.,0.042,0.002,0.,0.002
280,0.222,0.,0.222,0.173,0.,0.173,0.047,0.,0.047,0.047,0.,0.047,0.002,0.,0.002
290,0.229,0.,0.229,0.185,0.,0.185,0.043,0.,0.043,0.043,0.,0.043,0.002,0.,0.002
300,0.257,0.,0.257,0.207,0.,0.207,0.049,0.,0.049,0.049,0.,0.049,0.002,0.,0.002
310,0.284,0.,0.284,0.229,0.,0.229,0.054,0.,0.054,0.054,0.,0.054,0.002,0.,0.002
320,0.314,0.,0.314,0.251,0.,0.251,0.061,0.,0.061,0.061,0.,0.061,0.002,0.,0.002
330,0.343,0.,0.343,0.275,0.,0.275,0.067,0.,0.067,0.067,0.,0.067,0.002,0.,0.002
340,0.354,0.,0.354,0.297,0.,0.297,0.056,0.,0.056,0.056,0.,0.056,0.003,0.,0.003
350,0.38,0.,0.379,0.306,0.,0.306,0.072,0.,0.072,0.072,0.,0.072,0.003,0.,0.003
360,0.429,0.,0.429,0.363,0.,0.363,0.064,0.,0.064,0.064,0.,0.064,0.002,0.,0.002
370,0.464,0.,0.464,0.391,0.,0.391,0.071,0.,0.071,0.071,0.,0.071,0.003,0.,0.003
380,0.485,0.,0.485,0.411,0.,0.411,0.073,0.,0.073,0.073,0.,0.073,0.002,0.,0.002
390,0.519,0.,0.519,0.442,0.,0.442,0.076,0.,0.076,0.076,0.,0.076,0.003,0.,0.003
400,0.547,0.,0.547,0.471,0.,0.471,0.076,0.,0.076,0.075,0.,0.075,0.003,0.,0.003
500,1.022,0.,1.022,0.904,0.,0.904,0.116,0.,0.116,0.116,0.,0.116,0.006,0.,0.006
600,1.705,0.,1.705,1.548,0.,1.547,0.156,0.,0.156,0.156,0.,0.156,0.004,0.,0.004
700,2.681,0.007,2.673,2.474,0.003,2.469,0.206,0.003,0.202,0.206,0.003,0.202,0.006,0.,0.006
800,3.551,0.007,3.542,3.196,0.004,3.192,0.353,0.003,0.349,0.353,0.003,0.349,0.006,0.,0.006
900,5.483,0.,5.483,5.162,0.,5.161,0.32,0.,0.32,0.32,0.,0.32,0.008,0.,0.008
1000,7.553,0.,7.552,7.157,0.,7.156,0.395,0.,0.394,0.394,0.,0.394,0.009,0.,0.009