param-n,abstract-regression-linear-real,abstract-regression-linear-sys,abstract-regression-linear-user,reify-regression-cubic-real,reify-regression-cubic-sys,reify-regression-cubic-user
1,0.,0.,0.,0.001,0.,0.001
2,0.,0.,0.,0.002,0.002,0.
3,0.,0.,0.,0.003,0.,0.003
4,0.,0.,0.,0.004,0.,0.004
5,0.,0.,0.,0.005,0.003,0.002
6,0.,0.,0.,0.006,0.,0.006
7,0.,0.,0.,0.008,0.003,0.004
8,0.,0.,0.,0.009,0.,0.009
9,0.,0.,0.,0.051,0.003,0.047
10,0.,0.,0.,0.011,0.,0.011
11,0.,0.,0.,0.012,0.,0.012
12,0.,0.,0.,0.013,0.,0.013
13,0.,0.,0.,0.017,0.003,0.014
14,0.001,0.,0.001,0.017,0.,0.017
15,0.001,0.,0.001,0.019,0.,0.019
16,0.001,0.,0.001,0.024,0.,0.024
17,0.001,0.,0.001,0.023,0.,0.023
18,0.001,0.,0.001,0.027,0.,0.027
19,0.001,0.,0.001,0.029,0.,0.029
20,0.001,0.,0.001,0.035,0.,0.035
21,0.001,0.,0.001,0.036,0.,0.036
22,0.001,0.,0.001,0.037,0.,0.037
23,0.001,0.,0.001,0.044,0.,0.044
24,0.001,0.,0.001,0.045,0.,0.045
25,0.001,0.,0.001,0.049,0.,0.049
26,0.001,0.,0.001,0.052,0.,0.052
27,0.001,0.,0.001,0.058,0.,0.058
28,0.001,0.,0.001,0.059,0.,0.059
29,0.001,0.,0.001,0.066,0.,0.066
30,0.001,0.,0.001,0.067,0.,0.067
31,0.001,0.,0.001,0.078,0.,0.078
32,0.001,0.,0.001,0.082,0.,0.082
33,0.001,0.,0.001,0.081,0.,0.081
34,0.001,0.,0.001,0.091,0.,0.091
35,0.001,0.,0.001,0.1,0.,0.1
36,0.001,0.,0.001,0.104,0.,0.104
37,0.001,0.,0.001,0.102,0.,0.102
38,0.002,0.,0.002,0.109,0.,0.109
39,0.002,0.,0.002,0.116,0.,0.116
40,0.002,0.,0.002,0.122,0.,0.122
41,0.004,0.,0.004,0.127,0.,0.127
42,0.002,0.,0.002,0.142,0.,0.142
43,0.002,0.,0.002,0.149,0.,0.149
44,0.002,0.,0.002,0.15,0.003,0.147
45,0.002,0.,0.002,0.156,0.,0.156
46,0.002,0.,0.002,0.164,0.003,0.16
47,0.002,0.,0.002,0.174,0.,0.174
48,0.002,0.,0.002,0.179,0.,0.179
49,0.002,0.,0.002,0.192,0.,0.192
50,0.002,0.,0.002,0.202,0.,0.202
51,0.002,0.,0.002,0.221,0.,0.221
52,0.002,0.,0.002,0.226,0.,0.226
53,0.002,0.,0.002,0.235,0.,0.235
54,0.002,0.,0.002,0.244,0.,0.244
55,0.002,0.,0.002,0.253,0.003,0.249
56,0.002,0.,0.002,0.262,0.,0.262
57,0.002,0.,0.002,0.261,0.,0.261
58,0.002,0.,0.002,0.276,0.,0.276
59,0.002,0.,0.002,0.288,0.,0.288
60,0.002,0.,0.002,0.302,0.,0.302
61,0.002,0.,0.002,0.306,0.,0.306
62,0.002,0.,0.002,0.318,0.,0.318
63,0.003,0.,0.003,0.336,0.,0.336
64,0.003,0.,0.003,0.369,0.,0.369
65,0.003,0.,0.003,0.371,0.,0.371
66,0.003,0.,0.003,0.383,0.,0.383
67,0.003,0.,0.003,0.388,0.,0.387
68,0.003,0.,0.003,0.397,0.,0.397
69,0.003,0.,0.003,0.412,0.,0.412
70,0.003,0.,0.003,0.426,0.,0.426
71,0.003,0.,0.003,0.439,0.,0.439
72,0.003,0.,0.003,0.449,0.,0.449
73,0.003,0.,0.003,0.482,0.,0.482
74,0.003,0.,0.003,0.501,0.,0.501
75,0.003,0.,0.003,0.519,0.,0.519
76,0.003,0.,0.003,0.517,0.,0.517
77,0.003,0.,0.003,0.535,0.,0.535
78,0.003,0.,0.003,0.545,0.,0.545
79,0.004,0.,0.004,0.56,0.,0.56
80,0.005,0.,0.005,0.588,0.,0.588
81,0.003,0.,0.003,0.624,0.,0.624
82,0.003,0.,0.003,0.624,0.,0.624
83,0.003,0.,0.003,0.628,0.,0.628
84,0.003,0.,0.003,0.642,0.,0.642
85,0.003,0.003,0.,0.66,0.,0.66
86,0.003,0.,0.003,0.696,0.,0.696
87,0.004,0.,0.004,0.743,0.,0.743
88,0.004,0.,0.004,0.745,0.,0.745
89,0.004,0.,0.004,0.736,0.,0.736
90,0.004,0.,0.004,0.755,0.,0.755
91,0.004,0.,0.004,0.772,0.,0.772
92,0.004,0.,0.004,0.851,0.,0.851
93,0.004,0.,0.004,0.865,0.,0.865
94,0.004,0.,0.004,0.859,0.,0.859
95,0.004,0.,0.004,0.887,0.,0.887
96,0.004,0.,0.004,0.914,0.,0.914
97,0.004,0.,0.004,0.982,0.,0.982
98,0.004,0.,0.004,0.965,0.003,0.96
99,0.004,0.,0.004,0.981,0.,0.981
100,0.004,0.,0.004,1.007,0.,1.007
110,0.004,0.,0.004,1.421,0.028,1.393
120,0.005,0.,0.005,1.618,0.007,1.61
130,0.005,0.,0.005,2.02,0.,2.02
140,0.006,0.,0.006,2.392,0.003,2.388
150,0.006,0.,0.006,2.916,0.,2.916
160,0.007,0.,0.007,3.313,0.003,3.309
170,0.007,0.,0.007,3.984,0.003,3.98
180,0.007,0.,0.007,4.594,0.003,4.59
190,0.008,0.,0.008,5.28,0.008,5.271
200,0.008,0.,0.008,6.192,0.,6.191
210,0.008,0.,0.008,7.017,0.,7.016
220,0.009,0.,0.009,7.991,0.,7.991
230,0.009,0.,0.009,9.041,0.,9.04
240,0.01,0.,0.01,10.112,0.,10.112
250,0.01,0.,0.01,11.4,0.007,11.391
260,0.01,0.,0.01,12.636,0.,12.635
270,0.011,0.,0.011,13.941,0.,13.94
280,0.012,0.,0.012,15.636,0.,15.635
290,0.012,0.,0.012,17.25,0.,17.249
300,0.013,0.,0.013,19.03,0.019,19.008
350,0.014,0.,0.014,29.204,0.007,29.194
400,0.016,0.,0.016,43.097,0.,43.095
450,0.019,0.,0.019,60.43,0.023,60.401
500,0.021,0.,0.021,81.584,0.031,81.545