param-n,abstract-regression-cubic-real,abstract-regression-cubic-sys,abstract-regression-cubic-user,close-abstract-regression-cubic-real,close-abstract-regression-cubic-sys,close-abstract-regression-cubic-user,fast-rewrite-regression-cubic-real,fast-rewrite-regression-cubic-sys,fast-rewrite-regression-cubic-user,pose-build-and-refine-regression-cubic-real,pose-build-and-refine-regression-cubic-sys,pose-build-and-refine-regression-cubic-user,refine-regression-quadratic-regression-linear-real,refine-regression-quadratic-regression-linear-sys,refine-regression-quadratic-regression-linear-user
1,0.,0.,0.,0.,0.,0.,0.,0.,0.,0.,0.,0.,0.,0.,0.
2,0.,0.,0.,0.,0.,0.,0.,0.,0.,0.,0.,0.,0.,0.,0.
3,0.001,0.,0.001,0.,0.,0.,0.,0.,0.,0.,0.,0.,0.,0.,0.
4,0.001,0.,0.,0.,0.,0.,0.,0.,0.,0.,0.,0.,0.,0.,0.
5,0.001,0.,0.,0.,0.,0.,0.,0.,0.,0.,0.,0.,0.,0.,0.
6,0.001,0.,0.001,0.,0.,0.,0.,0.,0.,0.,0.,0.,0.,0.,0.
7,0.001,0.,0.001,0.,0.,0.,0.001,0.,0.001,0.001,0.,0.001,0.,0.,0.
8,0.001,0.,0.001,0.,0.,0.,0.001,0.,0.001,0.001,0.,0.001,0.,0.,0.
9,0.001,0.,0.001,0.,0.,0.,0.001,0.,0.001,0.001,0.,0.001,0.,0.,0.
10,0.017,0.,0.017,0.,0.,0.,0.001,0.,0.001,0.001,0.,0.001,0.,0.,0.
11,0.002,0.,0.002,0.,0.,0.,0.001,0.,0.001,0.001,0.,0.001,0.,0.,0.
12,0.002,0.,0.002,0.,0.,0.,0.001,0.,0.001,0.001,0.,0.001,0.,0.,0.
13,0.002,0.,0.002,0.,0.,0.,0.001,0.,0.001,0.001,0.,0.001,0.,0.,0.
14,0.002,0.,0.002,0.,0.,0.,0.001,0.,0.001,0.001,0.,0.001,0.,0.,0.
15,0.002,0.,0.002,0.,0.,0.,0.001,0.,0.001,0.001,0.,0.001,0.,0.,0.
16,0.003,0.,0.003,0.,0.,0.,0.002,0.,0.002,0.002,0.,0.002,0.,0.,0.
17,0.003,0.,0.003,0.,0.,0.,0.002,0.,0.002,0.002,0.,0.002,0.,0.,0.
18,0.003,0.,0.003,0.,0.,0.,0.002,0.,0.002,0.002,0.,0.002,0.,0.,0.
19,0.003,0.,0.003,0.001,0.,0.001,0.002,0.,0.002,0.002,0.,0.002,0.,0.,0.
20,0.003,0.,0.003,0.,0.,0.,0.002,0.,0.002,0.002,0.,0.002,0.,0.,0.
21,0.004,0.,0.004,0.001,0.,0.001,0.002,0.,0.002,0.002,0.,0.002,0.,0.,0.
22,0.004,0.,0.004,0.001,0.,0.001,0.002,0.,0.002,0.002,0.,0.002,0.,0.,0.
23,0.004,0.,0.004,0.001,0.,0.001,0.003,0.,0.003,0.003,0.,0.003,0.,0.,0.
24,0.004,0.,0.004,0.001,0.,0.001,0.003,0.,0.003,0.003,0.,0.003,0.,0.,0.
25,0.004,0.,0.004,0.001,0.,0.001,0.003,0.,0.003,0.003,0.,0.003,0.,0.,0.
26,0.086,0.,0.086,0.001,0.,0.001,0.084,0.,0.084,0.084,0.,0.084,0.,0.,0.
27,0.005,0.,0.005,0.001,0.,0.001,0.003,0.,0.003,0.003,0.,0.003,0.,0.,0.
28,0.004,0.,0.004,0.001,0.,0.001,0.003,0.,0.003,0.003,0.,0.003,0.,0.,0.
29,0.005,0.,0.005,0.001,0.,0.001,0.003,0.,0.003,0.003,0.,0.003,0.,0.,0.
30,0.005,0.,0.005,0.001,0.,0.001,0.003,0.,0.003,0.003,0.,0.003,0.,0.,0.
31,0.005,0.,0.005,0.001,0.,0.001,0.003,0.,0.003,0.003,0.,0.003,0.,0.,0.
32,0.005,0.,0.005,0.001,0.,0.001,0.003,0.,0.003,0.003,0.,0.003,0.,0.,0.
33,0.005,0.,0.005,0.001,0.,0.001,0.003,0.,0.003,0.003,0.,0.003,0.,0.,0.
34,0.006,0.,0.006,0.001,0.,0.001,0.003,0.,0.003,0.003,0.,0.003,0.,0.,0.
35,0.008,0.,0.008,0.004,0.,0.004,0.004,0.,0.004,0.004,0.,0.004,0.,0.,0.
36,0.006,0.,0.006,0.002,0.,0.002,0.004,0.,0.004,0.004,0.,0.004,0.,0.,0.
37,0.007,0.,0.007,0.002,0.,0.002,0.004,0.,0.004,0.004,0.,0.004,0.,0.,0.
38,0.006,0.,0.006,0.001,0.,0.001,0.004,0.,0.004,0.004,0.,0.004,0.,0.,0.
39,0.006,0.,0.006,0.002,0.,0.002,0.004,0.,0.004,0.004,0.,0.004,0.,0.,0.
40,0.007,0.,0.007,0.002,0.,0.002,0.004,0.,0.004,0.004,0.,0.004,0.,0.,0.
41,0.008,0.,0.008,0.002,0.,0.002,0.005,0.,0.005,0.005,0.,0.005,0.,0.,0.
42,0.007,0.,0.007,0.002,0.,0.002,0.004,0.,0.004,0.004,0.,0.004,0.,0.,0.
43,0.028,0.,0.028,0.002,0.,0.002,0.025,0.,0.025,0.025,0.,0.025,0.,0.,0.
44,0.008,0.,0.008,0.002,0.,0.002,0.005,0.,0.005,0.005,0.,0.005,0.,0.,0.
45,0.008,0.,0.008,0.002,0.,0.002,0.005,0.,0.005,0.005,0.,0.005,0.,0.,0.
46,0.009,0.,0.009,0.002,0.,0.002,0.005,0.,0.005,0.005,0.,0.005,0.,0.,0.
47,0.008,0.,0.008,0.003,0.,0.003,0.005,0.,0.005,0.005,0.,0.005,0.,0.,0.
48,0.009,0.,0.009,0.003,0.,0.003,0.006,0.,0.006,0.006,0.,0.006,0.,0.,0.
49,0.012,0.,0.012,0.003,0.,0.003,0.008,0.,0.008,0.008,0.,0.008,0.002,0.,0.002
50,0.01,0.,0.01,0.003,0.,0.003,0.006,0.,0.006,0.006,0.,0.006,0.,0.,0.
51,0.01,0.,0.01,0.003,0.,0.003,0.006,0.,0.006,0.006,0.,0.006,0.,0.,0.
52,0.01,0.,0.01,0.003,0.,0.003,0.007,0.,0.007,0.007,0.,0.007,0.,0.,0.
53,0.011,0.,0.011,0.003,0.,0.003,0.007,0.,0.007,0.007,0.,0.007,0.,0.,0.
54,0.011,0.,0.011,0.003,0.,0.003,0.006,0.,0.006,0.006,0.,0.006,0.,0.,0.
55,0.01,0.,0.01,0.003,0.,0.003,0.006,0.,0.006,0.006,0.,0.006,0.,0.,0.
56,0.011,0.,0.011,0.003,0.,0.003,0.007,0.,0.007,0.007,0.,0.007,0.,0.,0.
57,0.011,0.,0.011,0.003,0.,0.003,0.007,0.,0.007,0.007,0.,0.007,0.,0.,0.
58,0.011,0.,0.011,0.004,0.,0.004,0.007,0.,0.007,0.007,0.,0.007,0.,0.,0.
59,0.012,0.,0.012,0.004,0.,0.004,0.007,0.,0.007,0.007,0.,0.007,0.,0.,0.
60,0.012,0.,0.012,0.004,0.,0.004,0.008,0.,0.008,0.008,0.,0.008,0.,0.,0.
61,0.013,0.,0.013,0.004,0.,0.004,0.009,0.,0.009,0.009,0.,0.009,0.,0.,0.
62,0.012,0.,0.012,0.004,0.,0.004,0.008,0.,0.008,0.008,0.,0.008,0.,0.,0.
63,0.012,0.,0.012,0.004,0.,0.004,0.008,0.,0.008,0.007,0.,0.007,0.,0.,0.
64,0.013,0.,0.013,0.004,0.,0.004,0.008,0.,0.008,0.008,0.,0.008,0.,0.,0.
65,0.023,0.,0.023,0.004,0.,0.004,0.018,0.,0.018,0.018,0.,0.018,0.,0.,0.
66,0.013,0.,0.013,0.004,0.,0.004,0.008,0.,0.008,0.008,0.,0.008,0.,0.,0.
67,0.013,0.,0.013,0.005,0.,0.005,0.007,0.,0.007,0.007,0.,0.007,0.,0.,0.
68,0.014,0.,0.014,0.005,0.,0.005,0.009,0.,0.009,0.009,0.,0.009,0.,0.,0.
69,0.015,0.,0.015,0.006,0.,0.006,0.008,0.,0.008,0.008,0.,0.008,0.,0.,0.
70,0.016,0.,0.016,0.005,0.,0.005,0.009,0.,0.009,0.009,0.,0.009,0.,0.,0.
71,0.016,0.,0.016,0.005,0.,0.005,0.01,0.,0.01,0.01,0.,0.01,0.,0.,0.
72,0.015,0.,0.015,0.005,0.,0.005,0.009,0.,0.009,0.009,0.,0.009,0.,0.,0.
73,0.031,0.,0.031,0.021,0.,0.021,0.009,0.,0.009,0.009,0.,0.009,0.,0.,0.
74,0.017,0.,0.017,0.007,0.,0.007,0.01,0.,0.01,0.01,0.,0.01,0.,0.,0.
75,0.018,0.,0.018,0.007,0.,0.007,0.01,0.,0.01,0.01,0.,0.01,0.,0.,0.
76,0.017,0.,0.017,0.006,0.,0.006,0.01,0.,0.01,0.01,0.,0.01,0.,0.,0.
77,0.103,0.,0.103,0.007,0.,0.007,0.096,0.,0.096,0.096,0.,0.096,0.,0.,0.
78,0.018,0.,0.018,0.007,0.,0.007,0.01,0.,0.01,0.01,0.,0.01,0.,0.,0.
79,0.019,0.,0.019,0.007,0.,0.007,0.011,0.,0.011,0.011,0.,0.011,0.,0.,0.
80,0.021,0.,0.021,0.008,0.,0.008,0.011,0.,0.011,0.011,0.,0.011,0.,0.,0.
81,0.018,0.,0.018,0.006,0.,0.006,0.01,0.,0.01,0.01,0.,0.01,0.,0.,0.
82,0.019,0.,0.019,0.007,0.,0.007,0.01,0.,0.01,0.01,0.,0.01,0.,0.,0.
83,0.018,0.,0.018,0.007,0.,0.007,0.01,0.,0.01,0.01,0.,0.01,0.,0.,0.
84,0.041,0.,0.041,0.007,0.,0.007,0.033,0.,0.033,0.033,0.,0.033,0.,0.,0.
85,0.02,0.,0.02,0.008,0.,0.008,0.01,0.,0.01,0.01,0.,0.01,0.,0.,0.
86,0.02,0.,0.02,0.007,0.,0.007,0.012,0.,0.012,0.012,0.,0.012,0.,0.,0.
87,0.022,0.,0.022,0.007,0.,0.007,0.014,0.,0.014,0.014,0.,0.014,0.,0.,0.
88,0.02,0.,0.02,0.008,0.,0.008,0.011,0.,0.011,0.011,0.,0.011,0.,0.,0.
89,0.02,0.,0.02,0.008,0.,0.008,0.011,0.,0.011,0.011,0.,0.011,0.,0.,0.
90,0.021,0.,0.021,0.008,0.,0.008,0.011,0.,0.011,0.011,0.,0.011,0.,0.,0.
91,0.022,0.003,0.018,0.008,0.003,0.005,0.012,0.,0.012,0.012,0.,0.012,0.001,0.,0.001
92,0.023,0.,0.023,0.009,0.,0.009,0.013,0.,0.013,0.013,0.,0.013,0.001,0.,0.
93,0.025,0.,0.025,0.009,0.,0.009,0.015,0.,0.015,0.015,0.,0.015,0.,0.,0.
94,0.023,0.,0.023,0.009,0.,0.009,0.013,0.,0.013,0.013,0.,0.013,0.001,0.,0.001
95,0.023,0.,0.023,0.01,0.,0.01,0.013,0.,0.013,0.013,0.,0.013,0.001,0.,0.001
96,0.036,0.,0.036,0.009,0.,0.009,0.026,0.,0.026,0.026,0.,0.026,0.001,0.,0.001
97,0.025,0.,0.025,0.01,0.,0.01,0.013,0.,0.013,0.013,0.,0.013,0.001,0.,0.001
98,0.024,0.,0.024,0.009,0.,0.009,0.014,0.,0.014,0.014,0.,0.014,0.001,0.,0.001
99,0.026,0.,0.026,0.011,0.,0.011,0.014,0.,0.014,0.014,0.,0.014,0.001,0.,0.001
100,0.041,0.,0.041,0.011,0.,0.011,0.029,0.,0.029,0.029,0.,0.029,0.001,0.,0.001
110,0.03,0.,0.03,0.012,0.,0.012,0.016,0.,0.016,0.016,0.,0.016,0.001,0.,0.001
120,0.051,0.,0.051,0.015,0.,0.015,0.034,0.,0.034,0.034,0.,0.034,0.001,0.,0.001
130,0.037,0.,0.037,0.018,0.,0.018,0.018,0.,0.018,0.018,0.,0.018,0.001,0.,0.001
140,0.063,0.,0.063,0.022,0.,0.022,0.04,0.,0.04,0.04,0.,0.04,0.001,0.,0.001
150,0.057,0.,0.057,0.031,0.,0.031,0.026,0.,0.026,0.026,0.,0.026,0.001,0.,0.001
160,0.059,0.,0.059,0.032,0.,0.032,0.026,0.,0.026,0.026,0.,0.026,0.001,0.,0.001
170,0.066,0.,0.066,0.037,0.,0.037,0.028,0.,0.028,0.028,0.,0.028,0.001,0.,0.001
180,0.072,0.,0.072,0.04,0.,0.04,0.031,0.,0.031,0.031,0.,0.031,0.002,0.,0.002
190,0.092,0.,0.092,0.051,0.,0.051,0.04,0.,0.04,0.04,0.,0.04,0.001,0.,0.001
200,0.184,0.,0.184,0.061,0.,0.061,0.122,0.,0.122,0.122,0.,0.122,0.002,0.,0.002
210,0.12,0.,0.12,0.065,0.,0.065,0.054,0.,0.054,0.054,0.,0.054,0.002,0.,0.002
220,0.122,0.,0.122,0.071,0.,0.071,0.05,0.,0.05,0.05,0.,0.05,0.002,0.,0.002
230,0.147,0.,0.147,0.083,0.,0.083,0.063,0.,0.063,0.063,0.,0.063,0.002,0.,0.002
240,0.149,0.003,0.145,0.096,0.,0.096,0.051,0.003,0.048,0.051,0.003,0.048,0.002,0.,0.002
250,0.192,0.,0.192,0.133,0.,0.133,0.058,0.,0.058,0.058,0.,0.058,0.002,0.,0.002
260,0.179,0.,0.179,0.115,0.,0.115,0.063,0.,0.063,0.063,0.,0.063,0.002,0.,0.002
270,0.19,0.,0.19,0.133,0.,0.133,0.056,0.,0.056,0.055,0.,0.055,0.004,0.,0.004
280,0.234,0.003,0.23,0.165,0.,0.165,0.067,0.003,0.063,0.067,0.003,0.063,0.002,0.,0.002
290,0.256,0.007,0.248,0.173,0.,0.173,0.082,0.007,0.074,0.082,0.007,0.074,0.019,0.007,0.011
300,0.279,0.003,0.275,0.191,0.,0.19,0.087,0.003,0.084,0.087,0.003,0.084,0.018,0.003,0.015
310,0.31,0.004,0.306,0.212,0.004,0.207,0.097,0.,0.097,0.097,0.,0.097,0.003,0.,0.003
320,0.281,0.,0.281,0.208,0.,0.208,0.072,0.,0.072,0.072,0.,0.072,0.003,0.,0.003
330,0.307,0.,0.307,0.231,0.,0.231,0.074,0.,0.074,0.074,0.,0.074,0.003,0.,0.003
340,0.339,0.,0.339,0.261,0.,0.261,0.076,0.,0.076,0.076,0.,0.076,0.004,0.,0.004
350,0.387,0.005,0.381,0.295,0.003,0.291,0.091,0.001,0.089,0.091,0.001,0.089,0.004,0.,0.004
360,0.441,0.007,0.433,0.351,0.007,0.343,0.088,0.,0.088,0.088,0.,0.088,0.004,0.,0.004
370,0.458,0.004,0.454,0.344,0.004,0.34,0.113,0.,0.113,0.113,0.,0.113,0.004,0.,0.004
380,0.496,0.004,0.492,0.359,0.,0.359,0.136,0.004,0.132,0.136,0.004,0.132,0.025,0.003,0.021
390,0.513,0.011,0.501,0.412,0.011,0.4,0.1,0.,0.1,0.1,0.,0.1,0.004,0.,0.004
400,0.579,0.,0.579,0.433,0.,0.433,0.145,0.,0.145,0.145,0.,0.145,0.004,0.,0.004
500,1.075,0.004,1.07,0.836,0.,0.836,0.237,0.004,0.233,0.237,0.004,0.233,0.004,0.,0.004
600,1.718,0.015,1.702,1.443,0.003,1.439,0.274,0.011,0.262,0.274,0.011,0.262,0.006,0.,0.006
700,2.577,0.004,2.572,2.259,0.,2.258,0.317,0.003,0.313,0.317,0.003,0.313,0.007,0.,0.007
800,3.947,0.012,3.935,3.417,0.004,3.412,0.528,0.007,0.52,0.528,0.007,0.52,0.061,0.,0.061
900,5.322,0.004,5.315,4.73,0.,4.727,0.59,0.003,0.586,0.59,0.003,0.586,0.035,0.,0.035
1000,7.218,0.036,7.181,6.425,0.02,6.404,0.791,0.015,0.775,0.791,0.015,0.775,0.048,0.004,0.044