param-n,cbn-regression-cubic-real,cbn-regression-cubic-sys,cbn-regression-cubic-user,cbv-regression-quadratic-real,cbv-regression-quadratic-sys,cbv-regression-quadratic-user,lazy-regression-quadratic-real,lazy-regression-quadratic-sys,lazy-regression-quadratic-user,native-compute(1)-native-compute-compilation-real,native-compute(1)-native-compute-conversion-to-native-code-real,native-compute(1)-native-compute-evaluation-real,native-compute(1)-native-compute-reification-real,native-compute(1)-regression-quadratic-real,native-compute(1)-regression-quadratic-sys,native-compute(1)-regression-quadratic-user,native-compute(2)-native-compute-compilation-real,native-compute(2)-native-compute-conversion-to-native-code-real,native-compute(2)-native-compute-evaluation-real,native-compute(2)-native-compute-reification-real,native-compute(2)-regression-quadratic-real,native-compute(2)-regression-quadratic-sys,native-compute(2)-regression-quadratic-user,simpl-regression-cubic-real,simpl-regression-cubic-sys,simpl-regression-cubic-user,vm-compute-regression-quadratic-real,vm-compute-regression-quadratic-sys,vm-compute-regression-quadratic-user
2,0.001,0.,0.001,0.,0.,0.,0.,0.,0.,0.10548,0.00032,0.00105,0.00005,0.107,0.004,0.,0.09709,0.00030,0.00104,0.00008,0.098,0.003,0.001,0.001,0.,0.001,0.,0.,0.
3,0.003,0.,0.003,0.,0.,0.,0.,0.,0.,0.09657,0.00030,0.00116,0.00006,0.098,0.004,0.,0.09723,0.00032,0.00105,0.00006,0.098,0.,0.004,0.003,0.,0.003,0.,0.,0.
4,0.006,0.,0.006,0.,0.,0.,0.,0.,0.,0.09311,0.00029,0.00100,0.00005,0.094,0.,0.004,0.08508,0.00030,0.00108,0.00006,0.086,0.003,0.,0.006,0.,0.006,0.,0.,0.
5,0.011,0.,0.011,0.,0.,0.,0.,0.,0.,0.09152,0.00031,0.00105,0.00006,0.093,0.004,0.,0.09408,0.00031,0.00097,0.00005,0.095,0.,0.004,0.01,0.,0.01,0.,0.,0.
6,0.019,0.,0.019,0.,0.,0.,0.,0.,0.,0.08795,0.00030,0.00104,0.00007,0.089,0.003,0.001,0.08426,0.00030,0.00101,0.00006,0.085,0.004,0.,0.016,0.,0.016,0.,0.,0.
7,0.056,0.007,0.049,0.,0.,0.,0.,0.,0.,0.09322,0.00033,0.00115,0.00007,0.094,0.,0.004,0.08948,0.00032,0.00108,0.00007,0.091,0.,0.004,0.049,0.003,0.046,0.,0.,0.
8,0.033,0.,0.033,0.,0.,0.,0.,0.,0.,0.09345,0.00029,0.00106,0.00008,0.095,0.,0.004,0.09025,0.00028,0.00099,0.00006,0.091,0.004,0.,0.031,0.,0.031,0.,0.,0.
9,0.07,0.,0.07,0.,0.,0.,0.,0.,0.,0.09911,0.00031,0.00100,0.00006,0.1,0.003,0.001,0.08872,0.00030,0.00097,0.00006,0.09,0.,0.003,0.065,0.,0.065,0.,0.,0.
10,0.058,0.,0.058,0.,0.,0.,0.,0.,0.,0.08741,0.00026,0.00106,0.00008,0.088,0.,0.004,0.09162,0.00028,0.00101,0.00007,0.093,0.,0.004,0.052,0.,0.052,0.,0.,0.
11,0.095,0.004,0.09,0.,0.,0.,,,,,,,,,,,,,,,,,,0.096,0.,0.096,,,
12,0.112,0.008,0.104,,,,0.,0.,0.,,,,,,,,,,,,,,,0.114,0.,0.113,,,
13,0.123,0.,0.123,,,,,,,,,,,,,,,,,,,,,0.097,0.,0.097,,,
14,0.12,0.,0.12,,,,,,,,,,,,,,,,,,,,,0.189,0.,0.189,,,
15,0.192,0.,0.192,,,,,,,,,,,,,,,,,,,,,0.164,0.,0.163,,,
16,0.168,0.,0.168,,,,,,,,,,,,,,,,,,,,,0.326,0.,0.326,,,
17,,,,,,,,,,,,,,,,,,,,,,,,0.185,0.,0.185,,,
18,0.248,0.,0.247,,,,0.,0.,0.,,,,,,,,,,,,,,,0.252,0.,0.252,,,
19,0.375,0.,0.375,0.,0.,0.,,,,,,,,,,,,,,,,,,,,,,,
20,,,,,,,,,,,,,,,,,,,,,,,,0.363,0.,0.363,,,
22,0.432,0.,0.432,,,,,,,,,,,,,,,,,,,,,0.554,0.,0.554,,,
23,,,,,,,0.,0.,0.,,,,,,,,,,,,,,,,,,,,
24,,,,,,,,,,,,,,,,,,,,,,,,0.491,0.,0.491,,,
25,0.527,0.,0.527,,,,,,,,,,,,,,,,,,,,,,,,,,
26,,,,,,,,,,,,,,,,,,,,,,,,0.584,0.,0.584,,,
28,0.662,0.,0.662,0.001,0.,0.001,0.001,0.,0.001,,,,,,,,,,,,,,,0.696,0.,0.696,,,
30,0.823,0.,0.823,,,,,,,,,,,,,,,,,,,,,0.832,0.,0.832,,,
32,,,,,,,,,,,,,,,,,,,,,,,,0.977,0.,0.977,,,
33,0.972,0.007,0.965,,,,0.001,0.,0.001,,,,,,,,,,,,,,,,,,,,
34,,,,,,,,,,,,,,,,,,,,,,,,1.137,0.003,1.133,,,
36,1.225,0.,1.225,0.001,0.,0.001,,,,,,,,,,,,,,,,,,,,,,,
39,,,,,,,0.001,0.,0.001,,,,,,,,,,,,,,,,,,,,
41,,,,,,,,,,,,,,,,,,,,,,,,1.815,0.,1.815,0.,0.,0.
43,2.066,0.,2.066,,,,,,,,,,,,,,,,,,,,,,,,,,
44,,,,,,,0.002,0.,0.002,,,,,,,,,,,,,,,,,,,,
45,,,,0.002,0.,0.002,,,,,,,,,,,,,,,,,,,,,,,
47,,,,,,,,,,,,,,,,,,,,,,,,2.708,0.003,2.703,,,
49,,,,,,,0.002,0.,0.002,,,,,,,,,,,,,,,,,,,,
50,3.21,0.,3.21,,,,,,,,,,,,,,,,,,,,,,,,,,
53,,,,0.002,0.,0.002,,,,,,,,,,,,,,,,,,,,,,,
54,,,,,,,0.003,0.,0.003,,,,,,,,,,,,,,,3.881,0.004,3.876,,,
56,3.93,0.,3.93,,,,,,,,,,,,,,,,,,,,,,,,,,
59,,,,,,,0.003,0.,0.003,,,,,,,,,,,,,,,,,,,,
60,,,,,,,,,,,,,,,,,,,,,,,,5.306,0.007,5.283,,,
62,,,,0.003,0.,0.003,,,,,,,,,,,,,,,,,,,,,,,
63,5.972,0.003,5.968,,,,,,,,,,,,,,,,,,,,,,,,,,
65,,,,,,,0.004,0.,0.004,,,,,,,,,,,,,,,,,,,,
67,,,,,,,,,,,,,,,,,,,,,,,,7.172,0.02,7.148,,,
70,7.795,0.003,7.79,,,,0.004,0.,0.004,,,,,,,,,,,,,,,,,,,,
71,,,,0.004,0.,0.004,,,,,,,,,,,,,,,,,,,,,,,
75,,,,,,,0.005,0.,0.004,,,,,,,,,,,,,,,,,,,,
79,,,,0.004,0.,0.004,,,,,,,,,,,,,,,,,,,,,,,
80,,,,,,,0.006,0.,0.006,,,,,,,,,,,,,,,,,,0.,0.,0.
86,,,,,,,0.006,0.,0.006,,,,,,,,,,,,,,,,,,,,
88,,,,0.005,0.,0.005,,,,,,,,,,,,,,,,,,,,,,,
91,,,,,,,0.008,0.,0.008,,,,,,,,,,,,,,,,,,,,
96,,,,0.037,0.,0.037,0.008,0.,0.008,,,,,,,,,,,,,,,,,,,,
101,,,,,,,0.034,0.,0.034,,,,,,,,,,,,,,,,,,,,
105,,,,0.009,0.,0.009,,,,,,,,,,,,,,,,,,,,,,,
106,,,,,,,0.008,0.,0.008,,,,,,,,,,,,,,,,,,,,
112,,,,,,,0.009,0.,0.009,,,,,,,,,,,,,,,,,,,,
113,,,,0.008,0.,0.008,,,,,,,,,,,,,,,,,,,,,,,
116,,,,,,,,,,0.09309,0.00032,0.00111,0.00021,0.095,0.,0.004,0.08311,0.00036,0.00108,0.00021,0.084,0.004,0.,,,,,,
117,,,,,,,0.01,0.,0.01,,,,,,,,,,,,,,,,,,,,
120,,,,,,,,,,,,,,,,,,,,,,,,,,,0.,0.,0.
122,,,,0.008,0.,0.008,0.011,0.,0.011,,,,,,,,,,,,,,,,,,,,
127,,,,,,,0.011,0.,0.011,,,,,,,,,,,,,,,,,,,,
130,,,,0.01,0.,0.01,,,,,,,,,,,,,,,,,,,,,,,
133,,,,,,,0.012,0.,0.012,,,,,,,,,,,,,,,,,,,,
138,,,,,,,0.014,0.,0.014,,,,,,,,,,,,,,,,,,,,
139,,,,0.038,0.,0.038,,,,,,,,,,,,,,,,,,,,,,,
143,,,,,,,0.015,0.,0.015,,,,,,,,,,,,,,,,,,,,
148,,,,0.012,0.,0.012,0.016,0.,0.016,,,,,,,,,,,,,,,,,,,,
153,,,,,,,0.019,0.,0.019,,,,,,,,,,,,,,,,,,,,
156,,,,0.013,0.,0.013,,,,,,,,,,,,,,,,,,,,,,,
159,,,,,,,0.019,0.,0.019,,,,,,,,,,,,,,,,,,0.001,0.,0.001
164,,,,,,,0.036,0.,0.036,,,,,,,,,,,,,,,,,,,,
165,,,,0.014,0.,0.014,,,,,,,,,,,,,,,,,,,,,,,
169,,,,,,,0.021,0.,0.021,,,,,,,,,,,,,,,,,,,,
173,,,,0.014,0.,0.014,,,,,,,,,,,,,,,,,,,,,,,
174,,,,,,,0.024,0.,0.024,,,,,,,,,,,,,,,,,,,,
180,,,,,,,0.021,0.,0.021,,,,,,,,,,,,,,,,,,,,
182,,,,0.016,0.,0.016,,,,,,,,,,,,,,,,,,,,,,,
185,,,,,,,0.046,0.,0.046,,,,,,,,,,,,,,,,,,,,
190,,,,0.016,0.,0.016,0.133,0.,0.133,,,,,,,,,,,,,,,,,,,,
195,,,,,,,0.026,0.,0.026,,,,,,,,,,,,,,,,,,,,
198,,,,,,,,,,,,,,,,,,,,,,,,,,,0.001,0.,0.001
199,,,,0.017,0.,0.017,,,,,,,,,,,,,,,,,,,,,,,
200,,,,,,,0.03,0.,0.03,,,,,,,,,,,,,,,,,,,,
206,,,,,,,0.049,0.,0.049,,,,,,,,,,,,,,,,,,,,
208,,,,0.02,0.,0.02,,,,,,,,,,,,,,,,,,,,,,,
211,,,,,,,0.031,0.,0.031,,,,,,,,,,,,,,,,,,,,
216,,,,0.019,0.,0.019,0.03,0.,0.03,,,,,,,,,,,,,,,,,,,,
221,,,,,,,0.03,0.,0.03,,,,,,,,,,,,,,,,,,,,
225,,,,0.038,0.,0.038,,,,,,,,,,,,,,,,,,,,,,,
227,,,,,,,0.034,0.,0.034,,,,,,,,,,,,,,,,,,,,
229,,,,,,,,,,0.07988,0.00027,0.00111,0.00030,0.081,0.,0.004,0.08242,0.00029,0.00137,0.00032,0.084,0.004,0.,,,,,,
232,,,,,,,0.05,0.,0.05,,,,,,,,,,,,,,,,,,,,
233,,,,0.023,0.,0.023,,,,,,,,,,,,,,,,,,,,,,,
237,,,,,,,0.039,0.,0.039,,,,,,,,,,,,,,,,,,0.002,0.,0.002
242,,,,0.024,0.,0.024,0.057,0.,0.057,,,,,,,,,,,,,,,,,,,,
247,,,,,,,0.091,0.,0.091,,,,,,,,,,,,,,,,,,,,
250,,,,0.048,0.,0.048,,,,,,,,,,,,,,,,,,,,,,,
253,,,,,,,0.04,0.,0.04,,,,,,,,,,,,,,,,,,,,
258,,,,,,,0.042,0.,0.042,,,,,,,,,,,,,,,,,,,,
259,,,,0.14,0.,0.14,,,,,,,,,,,,,,,,,,,,,,,
263,,,,,,,0.046,0.003,0.043,,,,,,,,,,,,,,,,,,,,
268,,,,0.029,0.,0.029,0.049,0.,0.049,,,,,,,,,,,,,,,,,,,,
273,,,,,,,0.051,0.,0.051,,,,,,,,,,,,,,,,,,,,
276,,,,0.033,0.,0.033,,,,,,,,,,,,,,,,,,,,,0.002,0.,0.002
279,,,,,,,0.054,0.,0.054,,,,,,,,,,,,,,,,,,,,
284,,,,,,,0.061,0.,0.061,,,,,,,,,,,,,,,,,,,,
285,,,,0.052,0.,0.052,,,,,,,,,,,,,,,,,,,,,,,
289,,,,,,,0.055,0.,0.055,,,,,,,,,,,,,,,,,,,,
292,,,,,,,0.09,0.,0.09,,,,,,,,,,,,,,,,,,,,
293,,,,0.034,0.,0.034,,,,,,,,,,,,,,,,,,,,,,,
294,,,,,,,0.057,0.,0.057,,,,,,,,,,,,,,,,,,,,
300,,,,,,,0.065,0.,0.065,,,,,,,,,,,,,,,,,,,,
302,,,,0.035,0.,0.035,,,,,,,,,,,,,,,,,,,,,,,
305,,,,,,,0.061,0.,0.061,,,,,,,,,,,,,,,,,,,,
310,,,,0.04,0.,0.04,0.063,0.,0.063,,,,,,,,,,,,,,,,,,,,
315,,,,,,,0.069,0.,0.069,,,,,,,,,,,,,,,,,,,,
316,,,,,,,,,,,,,,,,,,,,,,,,,,,0.003,0.,0.003
319,,,,0.052,0.,0.052,,,,,,,,,,,,,,,,,,,,,,,
320,,,,,,,0.081,0.,0.081,,,,,,,,,,,,,,,,,,,,
326,,,,,,,0.077,0.,0.077,,,,,,,,,,,,,,,,,,,,
328,,,,0.04,0.,0.04,,,,,,,,,,,,,,,,,,,,,,,
331,,,,,,,0.087,0.,0.087,,,,,,,,,,,,,,,,,,,,
336,,,,0.06,0.,0.06,0.071,0.,0.071,,,,,,,,,,,,,,,,,,,,
341,,,,,,,0.071,0.,0.071,,,,,,,,,,,,,,,,,,,,
343,,,,,,,,,,0.08182,0.00029,0.00149,0.00044,0.084,0.,0.005,0.08487,0.00033,0.00160,0.00051,0.087,0.,0.005,,,,,,
345,,,,0.081,0.,0.081,,,,,,,,,,,,,,,,,,,,,,,
347,,,,,,,0.078,0.,0.078,,,,,,,,,,,,,,,,,,,,
352,,,,,,,0.08,0.,0.08,,,,,,,,,,,,,,,,,,,,
353,,,,0.052,0.,0.052,,,,,,,,,,,,,,,,,,,,,,,
355,,,,,,,,,,,,,,,,,,,,,,,,,,,0.004,0.,0.004
357,,,,,,,0.094,0.,0.094,,,,,,,,,,,,,,,,,,,,
362,,,,0.053,0.,0.053,0.099,0.,0.099,,,,,,,,,,,,,,,,,,,,
367,,,,,,,0.1,0.,0.1,,,,,,,,,,,,,,,,,,,,
370,,,,0.055,0.,0.055,,,,,,,,,,,,,,,,,,,,,,,
373,,,,,,,0.112,0.,0.112,,,,,,,,,,,,,,,,,,,,
378,,,,,,,0.108,0.,0.108,,,,,,,,,,,,,,,,,,,,
379,,,,0.064,0.,0.064,,,,,,,,,,,,,,,,,,,,,,,
383,,,,,,,0.112,0.003,0.108,,,,,,,,,,,,,,,,,,,,
387,,,,0.059,0.,0.059,,,,,,,,,,,,,,,,,,,,,,,
388,,,,,,,0.112,0.,0.112,,,,,,,,,,,,,,,,,,,,
394,,,,,,,0.102,0.003,0.098,,,,,,,,,,,,,,,,,,0.004,0.,0.004
396,,,,0.059,0.,0.059,,,,,,,,,,,,,,,,,,,,,,,
399,,,,,,,0.108,0.,0.108,,,,,,,,,,,,,,,,,,,,
404,,,,,,,0.141,0.,0.141,,,,,,,,,,,,,,,,,,,,
405,,,,0.058,0.,0.058,,,,,,,,,,,,,,,,,,,,,,,
409,,,,,,,0.134,0.,0.134,,,,,,,,,,,,,,,,,,,,
413,,,,0.062,0.,0.061,,,,,,,,,,,,,,,,,,,,,,,
414,,,,,,,0.126,0.,0.126,,,,,,,,,,,,,,,,,,,,
420,,,,,,,0.112,0.,0.112,,,,,,,,,,,,,,,,,,,,
422,,,,0.064,0.,0.064,,,,,,,,,,,,,,,,,,,,,,,
425,,,,,,,0.137,0.003,0.133,,,,,,,,,,,,,,,,,,,,
430,,,,0.071,0.,0.071,0.14,0.004,0.136,,,,,,,,,,,,,,,,,,,,
433,,,,,,,,,,,,,,,,,,,,,,,,,,,0.005,0.,0.005
435,,,,,,,0.125,0.003,0.121,,,,,,,,,,,,,,,,,,,,
439,,,,0.074,0.003,0.07,,,,,,,,,,,,,,,,,,,,,,,
441,,,,,,,0.126,0.,0.126,,,,,,,,,,,,,,,,,,,,
446,,,,,,,0.147,0.003,0.143,,,,,,,,,,,,,,,,,,,,
447,,,,0.07,0.,0.07,,,,,,,,,,,,,,,,,,,,,,,
451,,,,,,,0.13,0.,0.13,,,,,,,,,,,,,,,,,,,,
456,,,,0.075,0.,0.075,,,,0.08016,0.00027,0.00175,0.00047,0.082,0.004,0.001,0.07995,0.00032,0.00167,0.00047,0.082,0.004,0.001,,,,,,
458,,,,0.13,0.003,0.126,,,,,,,,,,,,,,,,,,,,,,,
465,,,,0.075,0.,0.075,,,,,,,,,,,,,,,,,,,,,,,
469,,,,,,,0.168,0.,0.168,,,,,,,,,,,,,,,,,,,,
472,,,,,,,,,,,,,,,,,,,,,,,,,,,0.006,0.,0.006
473,,,,0.077,0.,0.077,,,,,,,,,,,,,,,,,,,,,,,
482,,,,0.083,0.,0.083,,,,,,,,,,,,,,,,,,,,,,,
487,,,,,,,0.15,0.,0.15,,,,,,,,,,,,,,,,,,,,
490,,,,0.086,0.,0.086,,,,,,,,,,,,,,,,,,,,,,,
499,,,,0.09,0.,0.09,,,,,,,,,,,,,,,,,,,,,,,
505,,,,,,,0.171,0.,0.171,,,,,,,,,,,,,,,,,,,,
507,,,,0.095,0.,0.095,,,,,,,,,,,,,,,,,,,,,,,
511,,,,,,,,,,,,,,,,,,,,,,,,,,,0.037,0.007,0.029
516,,,,0.096,0.,0.096,,,,,,,,,,,,,,,,,,,,,,,
523,,,,,,,0.192,0.,0.192,,,,,,,,,,,,,,,,,,,,
525,,,,0.095,0.,0.095,,,,,,,,,,,,,,,,,,,,,,,
533,,,,0.098,0.,0.098,,,,,,,,,,,,,,,,,,,,,,,
541,,,,,,,0.215,0.,0.215,,,,,,,,,,,,,,,,,,,,
542,,,,0.101,0.,0.101,,,,,,,,,,,,,,,,,,,,,,,
550,,,,0.111,0.003,0.107,,,,,,,,,,,,,,,,,,,,,,,
551,,,,,,,,,,,,,,,,,,,,,,,,,,,0.008,0.,0.008
559,,,,0.109,0.,0.109,0.228,0.,0.228,,,,,,,,,,,,,,,,,,,,
567,,,,0.119,0.,0.119,,,,,,,,,,,,,,,,,,,,,,,
570,,,,,,,,,,0.07982,0.00025,0.00187,0.00065,0.082,0.,0.005,0.08171,0.00029,0.00208,0.00074,0.084,0.003,0.002,,,,,,
576,,,,0.115,0.,0.115,,,,,,,,,,,,,,,,,,,,,,,
577,,,,,,,0.267,0.,0.267,,,,,,,,,,,,,,,,,,,,
583,,,,,,,0.272,0.011,0.26,,,,,,,,,,,,,,,,,,,,
585,,,,0.13,0.,0.13,,,,,,,,,,,,,,,,,,,,,,,
590,,,,,,,,,,,,,,,,,,,,,,,,,,,0.008,0.,0.008
593,,,,0.135,0.,0.135,,,,,,,,,,,,,,,,,,,,,,,
595,,,,,,,0.279,0.007,0.271,,,,,,,,,,,,,,,,,,,,
602,,,,0.138,0.,0.138,,,,,,,,,,,,,,,,,,,,,,,
610,,,,0.133,0.,0.133,,,,,,,,,,,,,,,,,,,,,,,
613,,,,,,,0.245,0.,0.245,,,,,,,,,,,,,,,,,,,,
619,,,,0.127,0.,0.127,,,,,,,,,,,,,,,,,,,,,,,
627,,,,0.131,0.,0.131,,,,,,,,,,,,,,,,,,,,,,,
629,,,,,,,,,,,,,,,,,,,,,,,,,,,0.01,0.,0.01
631,,,,,,,0.282,0.004,0.278,,,,,,,,,,,,,,,,,,,,
636,,,,0.132,0.,0.132,,,,,,,,,,,,,,,,,,,,,,,
644,,,,0.134,0.,0.134,,,,,,,,,,,,,,,,,,,,,,,
649,,,,,,,0.3,0.,0.3,,,,,,,,,,,,,,,,,,,,
653,,,,0.141,0.,0.141,,,,,,,,,,,,,,,,,,,,,,,
662,,,,0.148,0.,0.148,,,,,,,,,,,,,,,,,,,,,,,
667,,,,,,,0.321,0.,0.321,,,,,,,,,,,,,,,,,,,,
668,,,,,,,,,,,,,,,,,,,,,,,,,,,0.039,0.,0.039
670,,,,0.155,0.,0.155,,,,,,,,,,,,,,,,,,,,,,,
679,,,,0.162,0.,0.162,,,,,,,,,,,,,,,,,,,,,,,
684,,,,,,,,,,0.07967,0.00032,0.00226,0.00078,0.083,0.,0.005,0.08404,0.00029,0.00228,0.00091,0.087,0.,0.006,,,,,,
685,,,,,,,0.38,0.,0.38,,,,,,,,,,,,,,,,,,,,
687,,,,0.164,0.,0.164,,,,,,,,,,,,,,,,,,,,,,,
696,,,,0.167,0.,0.167,,,,,,,,,,,,,,,,,,,,,,,
703,,,,,,,0.375,0.,0.375,,,,,,,,,,,,,,,,,,,,
704,,,,0.172,0.,0.172,,,,,,,,,,,,,,,,,,,,,,,
707,,,,,,,,,,,,,,,,,,,,,,,,,,,0.013,0.,0.013
713,,,,0.18,0.,0.18,,,,,,,,,,,,,,,,,,,,,,,
721,,,,,,,0.356,0.,0.356,,,,,,,,,,,,,,,,,,,,
739,,,,,,,0.393,0.,0.393,,,,,,,,,,,,,,,,,,,,
744,,,,0.196,0.,0.196,,,,,,,,,,,,,,,,,,,,,,,
747,,,,,,,,,,,,,,,,,,,,,,,,,,,0.013,0.,0.013
757,,,,,,,0.429,0.,0.428,,,,,,,,,,,,,,,,,,,,
775,,,,0.199,0.,0.199,0.497,0.,0.497,,,,,,,,,,,,,,,,,,,,
786,,,,,,,,,,,,,,,,,,,,,,,,,,,0.014,0.,0.014
793,,,,,,,0.461,0.,0.461,,,,,,,,,,,,,,,,,,,,
797,,,,,,,,,,0.08249,0.00030,0.00270,0.00080,0.086,0.,0.006,0.08119,0.00025,0.00250,0.00099,0.085,0.004,0.002,,,,,,
806,,,,0.216,0.,0.216,,,,,,,,,,,,,,,,,,,,,,,
811,,,,,,,0.468,0.,0.468,,,,,,,,,,,,,,,,,,,,
825,,,,,,,,,,,,,,,,,,,,,,,,,,,0.015,0.,0.015
829,,,,,,,0.595,0.,0.595,,,,,,,,,,,,,,,,,,,,
837,,,,0.227,0.,0.227,,,,,,,,,,,,,,,,,,,,,,,
847,,,,,,,0.514,0.,0.514,,,,,,,,,,,,,,,,,,,,
864,,,,,,,,,,,,,,,,,,,,,,,,,,,0.017,0.,0.017
865,,,,,,,0.538,0.003,0.534,,,,,,,,,,,,,,,,,,,,
868,,,,0.257,0.,0.257,,,,,,,,,,,,,,,,,,,,,,,
873,,,,,,,0.71,0.011,0.698,,,,,,,,,,,,,,,,,,,,
883,,,,,,,0.646,0.,0.645,,,,,,,,,,,,,,,,,,,,
898,,,,0.263,0.003,0.259,,,,,,,,,,,,,,,,,,,,,,,
901,,,,,,,0.654,0.,0.654,,,,,,,,,,,,,,,,,,,,
903,,,,,,,,,,,,,,,,,,,,,,,,,,,0.019,0.,0.019
911,,,,,,,,,,0.08298,0.00031,0.00319,0.03302,0.119,0.008,0.03,0.08407,0.00036,0.00339,0.00097,0.088,0.004,0.003,,,,,,
914,,,,0.299,0.,0.299,,,,,,,,,,,,,,,,,,,,,,,
929,,,,0.272,0.,0.272,,,,,,,,,,,,,,,,,,,,,,,
943,,,,,,,,,,,,,,,,,,,,,,,,,,,0.02,0.,0.02
960,,,,0.286,0.,0.286,,,,,,,,,,,,,,,,,,,,,,,
982,,,,,,,,,,,,,,,,,,,,,,,,,,,0.023,0.,0.023
991,,,,0.308,0.,0.308,0.787,0.,0.787,,,,,,,,,,,,,,,,,,,,
1021,,,,,,,,,,,,,,,,,,,,,,,,,,,0.024,0.,0.024
1022,,,,0.328,0.,0.328,,,,,,,,,,,,,,,,,,,,,,,
1025,,,,,,,,,,0.08621,0.00027,0.00459,0.00128,0.092,0.004,0.004,0.08498,0.00031,0.00437,0.00127,0.091,0.,0.008,,,,,,
1053,,,,0.342,0.003,0.338,,,,,,,,,,,,,,,,,,,,,,,
1060,,,,,,,,,,,,,,,,,,,,,,,,,,,0.027,0.,0.027
1081,,,,,,,0.96,0.,0.959,,,,,,,,,,,,,,,,,,,,
1084,,,,0.366,0.,0.366,,,,,,,,,,,,,,,,,,,,,,,
1099,,,,,,,,,,,,,,,,,,,,,,,,,,,0.029,0.,0.029
1115,,,,0.391,0.,0.391,,,,,,,,,,,,,,,,,,,,,,,
1138,,,,,,,,,,0.08676,0.00033,0.00486,0.00123,0.093,0.,0.009,0.08852,0.00032,0.00504,0.00150,0.095,0.,0.009,,,,0.03,0.,0.03
1146,,,,0.391,0.,0.391,,,,,,,,,,,,,,,,,,,,,,,
1164,,,,,,,1.29,0.019,1.27,,,,,,,,,,,,,,,,,,,,
1171,,,,,,,1.025,0.,1.024,,,,,,,,,,,,,,,,,,,,
1177,,,,0.425,0.,0.425,,,,,,,,,,,,,,,,,,,,,,,
1178,,,,,,,,,,,,,,,,,,,,,,,,,,,0.049,0.003,0.046
1208,,,,0.437,0.,0.437,,,,,,,,,,,,,,,,,,,,,,,
1217,,,,,,,,,,,,,,,,,,,,,,,,,,,0.033,0.,0.033
1239,,,,0.455,0.,0.455,,,,,,,,,,,,,,,,,,,,,,,
1252,,,,,,,,,,0.08895,0.00027,0.00587,0.00149,0.096,0.003,0.006,0.09491,0.00028,0.00581,0.00162,0.102,0.003,0.006,,,,,,
1256,,,,,,,,,,,,,,,,,,,,,,,,,,,0.035,0.,0.035
1261,,,,,,,1.268,0.019,1.248,,,,,,,,,,,,,,,,,,,,
1269,,,,0.483,0.,0.483,,,,,,,,,,,,,,,,,,,,,,,
1295,,,,,,,,,,,,,,,,,,,,,,,,,,,0.036,0.,0.036
1300,,,,0.522,0.,0.522,,,,,,,,,,,,,,,,,,,,,,,
1331,,,,0.601,0.,0.601,,,,,,,,,,,,,,,,,,,,,,,
1334,,,,,,,,,,,,,,,,,,,,,,,,,,,0.055,0.,0.055
1351,,,,,,,1.585,0.004,1.581,,,,,,,,,,,,,,,,,,,,
1362,,,,0.64,0.,0.64,,,,,,,,,,,,,,,,,,,,,,,
1365,,,,,,,,,,0.08095,0.00029,0.00630,0.00129,0.088,0.003,0.006,0.12310,0.00028,0.00577,0.00142,0.13,0.003,0.037,,,,,,
1370,,,,0.736,0.004,0.732,,,,,,,,,,,,,,,,,,,,,,,
1374,,,,,,,,,,,,,,,,,,,,,,,,,,,0.148,0.,0.148
1393,,,,0.654,0.003,0.65,,,,,,,,,,,,,,,,,,,,,,,
1413,,,,,,,,,,,,,,,,,,,,,,,,,,,0.039,0.,0.039
1424,,,,0.64,0.004,0.636,,,,,,,,,,,,,,,,,,,,,,,
1441,,,,,,,1.579,0.003,1.575,,,,,,,,,,,,,,,,,,,,
1452,,,,,,,,,,,,,,,,,,,,,,,,,,,0.043,0.,0.043
1454,,,,,,,1.683,0.051,1.631,,,,,,,,,,,,,,,,,,,,
1479,,,,,,,,,,0.08802,0.00027,0.00731,0.00165,0.097,0.004,0.007,0.08407,0.00036,0.00681,0.00181,0.093,0.,0.012,,,,,,
1491,,,,,,,,,,,,,,,,,,,,,,,,,,,0.066,0.,0.066
1530,,,,,,,,,,,,,,,,,,,,,,,,,,,0.049,0.,0.049
1531,,,,,,,2.099,0.023,2.075,,,,,,,,,,,,,,,,,,,,
1566,,,,0.723,0.003,0.719,,,,,,,,,,,,,,,,,,,,,,,
1570,,,,,,,,,,,,,,,,,,,,,,,,,,,0.049,0.,0.049
1593,,,,,,,,,,0.08933,0.00031,0.00741,0.00188,0.099,0.003,0.009,0.08588,0.00036,0.00791,0.00191,0.096,0.003,0.009,,,,,,
1609,,,,,,,,,,,,,,,,,,,,,,,,,,,0.051,0.,0.051
1621,,,,,,,1.948,0.,1.948,,,,,,,,,,,,,,,,,,,,
1648,,,,,,,,,,,,,,,,,,,,,,,,,,,0.069,0.,0.069
1687,,,,,,,,,,,,,,,,,,,,,,,,,,,0.057,0.,0.057
1706,,,,,,,,,,0.08937,0.00027,0.01214,0.00171,0.103,0.004,0.012,0.08733,0.00028,0.00884,0.00178,0.098,0.003,0.01,,,,,,
1709,,,,0.869,0.,0.869,,,,,,,,,,,,,,,,,,,,,,,
1711,,,,,,,2.279,0.,2.279,,,,,,,,,,,,,,,,,,,,
1726,,,,,,,,,,,,,,,,,,,,,,,,,,,0.077,0.,0.077
1765,,,,,,,,,,,,,,,,,,,,,,,,,,,0.103,0.,0.103
1801,,,,,,,2.464,0.027,2.436,,,,,,,,,,,,,,,,,,,,
1805,,,,,,,,,,,,,,,,,,,,,,,,,,,0.065,0.,0.065
1820,,,,,,,,,,0.08862,0.00025,0.00977,0.00225,0.101,0.003,0.011,0.09104,0.00034,0.00981,0.00195,0.103,0.003,0.011,,,,,,
1826,,,,0.964,0.,0.964,,,,,,,,,,,,,,,,,,,,,,,
1844,,,,,,,,,,,,,,,,,,,,,,,,,,,0.07,0.,0.07
1851,,,,0.994,0.,0.994,,,,,,,,,,,,,,,,,,,,,,,
1883,,,,,,,,,,,,,,,,,,,,,,,,,,,0.07,0.,0.07
1922,,,,,,,,,,,,,,,,,,,,,,,,,,,0.073,0.,0.073
1933,,,,,,,,,,0.08723,0.00025,0.01117,0.00205,0.1,0.004,0.012,0.08255,0.00033,0.01114,0.00222,0.096,0.,0.016,,,,,,
1961,,,,,,,,,,,,,,,,,,,,,,,,,,,0.074,0.,0.074
1993,,,,1.145,0.003,1.141,,,,,,,,,,,,,,,,,,,,,,,
2001,,,,,,,,,,,,,,,,,,,,,,,,,,,0.08,0.,0.08
2013,,,,,,,,,,,,,,,,,,,,,,,,,,,0.137,0.007,0.13
2040,,,,,,,,,,,,,,,,,,,,,,,,,,,0.085,0.,0.085
2047,,,,,,,,,,0.08698,0.00024,0.01149,0.00250,0.101,0.,0.016,0.08777,0.00033,0.01504,0.00202,0.105,0.008,0.012,,,,,,
2079,,,,,,,,,,,,,,,,,,,,,,,,,,,0.09,0.,0.09
2118,,,,,,,,,,,,,,,,,,,,,,,,,,,0.096,0.,0.096
2136,,,,1.36,0.003,1.356,,,,,,,,,,,,,,,,,,,,,,,
2157,,,,,,,,,,,,,,,,,,,,,,,,,,,0.097,0.,0.097
2161,,,,,,,3.859,0.,3.859,0.08592,0.00028,0.01302,0.00214,0.101,0.,0.018,0.08344,0.00032,0.01341,0.00234,0.099,0.003,0.015,,,,,,
2197,,,,,,,,,,,,,,,,,,,,,,,,,,,0.095,0.,0.095
2236,,,,,,,,,,,,,,,,,,,,,,,,,,,0.102,0.,0.102
2274,,,,,,,,,,0.08776,0.00026,0.03459,0.00233,0.125,0.003,0.036,0.09109,0.00031,0.01542,0.00230,0.109,0.,0.02,,,,,,
2275,,,,,,,,,,,,,,,,,,,,,,,,,,,0.104,0.,0.104
2278,,,,1.501,0.003,1.497,,,,,,,,,,,,,,,,,,,,,,,
2282,,,,1.574,0.,1.573,,,,,,,,,,,,,,,,,,,,,,,
2314,,,,,,,,,,,,,,,,,,,,,,,,,,,0.103,0.003,0.1
2353,,,,,,,,,,,,,,,,,,,,,,,,,,,0.11,0.,0.11
2388,,,,,,,,,,0.08293,0.00028,0.01537,0.00219,0.1,0.008,0.012,0.08778,0.00027,0.02013,0.00246,0.11,0.003,0.022,,,,,,
2392,,,,,,,,,,,,,,,,,,,,,,,,,,,0.114,0.,0.114
2420,,,,1.727,0.003,1.723,,,,,,,,,,,,,,,,,,,,,,,
2432,,,,,,,,,,,,,,,,,,,,,,,,,,,0.114,0.,0.114
2471,,,,,,,,,,,,,,,,,,,,,,,,,,,0.127,0.,0.127
2502,,,,,,,,,,0.08814,0.00027,0.01679,0.00254,0.107,0.,0.022,0.08533,0.00030,0.04843,0.00259,0.136,0.008,0.046,,,,,,
2510,,,,,,,,,,,,,,,,,,,,,,,,,,,0.132,0.003,0.128
2521,,,,,,,4.889,0.,4.889,,,,,,,,,,,,,,,,,,,,
2549,,,,,,,,,,,,,,,,,,,,,,,,,,,0.13,0.,0.13
2562,,,,2.027,0.003,2.023,,,,,,,,,,,,,,,,,,,,,,,
2588,,,,,,,,,,,,,,,,,,,,,,,,,,,0.141,0.,0.141
2615,,,,,,,,,,0.09050,0.00031,0.01982,0.00318,0.113,0.003,0.023,0.08892,0.00032,0.14035,0.00267,0.232,0.012,0.133,,,,,,
2628,,,,,,,,,,,,,,,,,,,,,,,,,,,0.147,0.,0.147
2667,,,,,,,,,,,,,,,,,,,,,,,,,,,0.149,0.,0.149
2705,,,,2.109,0.003,2.105,,,,,,,,,,,,,,,,,,,,,,,
2706,,,,,,,,,,,,,,,,,,,,,,,,,,,0.156,0.003,0.152
2729,,,,,,,,,,0.08779,0.00025,0.01908,0.00272,0.11,0.004,0.02,0.08676,0.00035,0.02284,0.00322,0.113,0.004,0.025,,,,,,
2745,,,,,,,,,,,,,,,,,,,,,,,,,,,0.149,0.,0.149
2784,,,,,,,,,,,,,,,,,,,,,,,,,,,0.154,0.,0.154
2824,,,,,,,,,,,,,,,,,,,,,,,,,,,0.156,0.,0.156
2842,,,,,,,,,,0.09386,0.00029,0.02269,0.00288,0.119,0.,0.028,0.09007,0.00035,0.05030,0.00346,0.144,0.,0.057,,,,,,
2847,,,,2.385,0.008,2.377,,,,,,,,,,,,,,,,,,,,,,,
2863,,,,,,,,,,,,,,,,,,,,,,,,,,,0.163,0.,0.163
2881,,,,,,,6.595,0.063,6.53,,,,,,,,,,,,,,,,,,,,
2902,,,,,,,,,,,,,,,,,,,,,,,,,,,0.166,0.,0.166
2941,,,,,,,,,,,,,,,,,,,,,,,,,,,0.169,0.,0.169
2956,,,,,,,,,,0.08924,0.00033,0.02333,0.00320,0.116,0.003,0.026,0.08846,0.00029,0.02890,0.00300,0.12,0.007,0.027,,,,,,
2980,,,,,,,,,,,,,,,,,,,,,,,,,,,0.177,0.,0.177
3019,,,,,,,,,,,,,,,,,,,,,,,,,,,0.183,0.,0.183
3059,,,,,,,,,,,,,,,,,,,,,,,,,,,0.183,0.,0.183
3070,,,,,,,,,,0.08343,0.00029,0.02637,0.00337,0.113,0.,0.032,0.09085,0.00033,0.02390,0.00296,0.118,0.003,0.026,,,,,,
3098,,,,,,,,,,,,,,,,,,,,,,,,,,,0.186,0.,0.186
3137,,,,,,,,,,,,,,,,,,,,,,,,,,,0.189,0.,0.189
3183,,,,,,,,,,0.08352,0.00025,0.02809,0.00319,0.115,0.003,0.03,0.08580,0.00033,0.02667,0.00365,0.116,0.,0.033,,,,,,
3241,,,,,,,8.428,0.043,8.383,,,,,,,,,,,,,,,,,,,,
3268,,,,,,,,,,,,,,,,,,,,,,,,,,,0.207,0.,0.207
3297,,,,,,,,,,0.08943,0.00030,0.04602,0.00360,0.139,0.007,0.045,0.08579,0.00032,0.03147,0.00358,0.121,0.007,0.03,,,,,,
3398,,,,,,,,,,,,,,,,,,,,,,,,,,,0.22,0.003,0.216
3410,,,,,,,,,,0.08391,0.00028,0.05637,0.00321,0.143,0.007,0.054,0.08375,0.00031,0.02942,0.00380,0.117,0.,0.036,,,,,,
3416,,,,3.38,0.003,3.375,,,,,,,,,,,,,,,,,,,,,,,
3524,,,,,,,,,,0.08531,0.00028,0.09554,0.00350,0.184,0.007,0.094,0.08650,0.00029,0.03633,0.00364,0.126,0.007,0.035,,,,,,
3529,,,,,,,,,,,,,,,,,,,,,,,,,,,0.24,0.,0.24
3601,,,,,,,9.825,0.047,9.777,,,,,,,,,,,,,,,,,,,,
3638,,,,,,,,,,0.08853,0.00031,0.04063,0.00376,0.133,0.003,0.044,0.09017,0.00028,0.03766,0.00408,0.132,0.004,0.041,,,,,,
3660,,,,,,,,,,,,,,,,,,,,,,,,,,,0.261,0.,0.261
3674,,,,,,,,,,0.10157,0.00032,0.07239,0.00420,0.178,0.007,0.072,0.09364,0.00031,0.03655,0.00452,0.135,0.,0.043,,,,,,
3751,,,,,,,,,,0.08986,0.00027,0.03762,0.00961,0.137,0.003,0.046,0.09809,0.00034,0.03781,0.00403,0.14,0.,0.045,,,,,,
3790,,,,,,,,,,,,,,,,,,,,,,,,,,,0.276,0.,0.276
3865,,,,,,,,,,0.08852,0.00024,0.03912,0.00388,0.131,0.006,0.04,0.08679,0.00026,0.04210,0.00394,0.133,0.004,0.045,,,,,,
3921,,,,,,,,,,,,,,,,,,,,,,,,,,,0.285,0.,0.285
3979,,,,,,,,,,0.08815,0.00033,0.04222,0.00411,0.134,0.,0.049,0.08723,0.00026,0.04181,0.00434,0.133,0.003,0.045,,,,,,
3985,,,,4.454,0.003,4.449,,,,,,,,,,,,,,,,,,,,,,,
4024,,,,,,,,,,,,,,,,,,,,,,,,,,,0.323,0.,0.323
4052,,,,,,,,,,,,,,,,,,,,,,,,,,,0.322,0.,0.322
4092,,,,,,,,,,0.08363,0.00029,0.04434,0.00424,0.132,0.003,0.048,0.09751,0.00026,0.04609,0.00463,0.148,0.003,0.05,,,,,,
4182,,,,,,,,,,,,,,,,,,,,,,,,,,,0.331,0.,0.331
4206,,,,,,,,,,0.08860,0.00032,0.05069,0.00468,0.144,0.,0.058,0.09677,0.00035,0.05290,0.00487,0.155,0.,0.061,,,,,,
4313,,,,,,,,,,,,,,,,,,,,,,,,,,,0.346,0.003,0.343
4319,,,,,,,,,,0.09611,0.00031,0.05318,0.00459,0.154,0.,0.061,0.09145,0.00035,0.05065,0.00438,0.147,0.003,0.054,,,,,,
4433,,,,,,,,,,0.09202,0.00028,0.05524,0.00449,0.152,0.003,0.059,0.09088,0.00029,0.05323,0.00508,0.149,0.007,0.053,,,,,,
4444,,,,,,,,,,,,,,,,,,,,,,,,,,,0.381,0.,0.381
4547,,,,,,,,,,0.09085,0.00027,0.05989,0.00523,0.156,0.004,0.064,0.09281,0.00036,0.05309,0.00457,0.151,0.003,0.057,,,,,,
4555,,,,5.881,0.,5.881,,,,,,,,,,,,,,,,,,,,,,,
4574,,,,,,,,,,,,,,,,,,,,,,,,,,,0.391,0.,0.391
4660,,,,,,,,,,0.09032,0.00031,0.05490,0.00447,0.15,0.004,0.058,0.08874,0.00026,0.06053,0.00464,0.154,0.,0.068,,,,,,
4705,,,,,,,,,,,,,,,,,,,,,,,,,,,0.413,0.,0.413
4774,,,,,,,,,,0.09439,0.00027,0.06566,0.00513,0.165,0.,0.074,0.09644,0.00029,0.06702,0.01163,0.175,0.003,0.078,,,,,,
4836,,,,,,,,,,,,,,,,,,,,,,,,,,,0.437,0.,0.437
4887,,,,,,,,,,0.09423,0.00030,0.06224,0.00538,0.162,0.003,0.067,0.08989,0.00032,0.05948,0.01178,0.161,0.004,0.07,,,,,,
4966,,,,,,,,,,,,,,,,,,,,,,,,,,,0.472,0.,0.472
5001,,,,,,,,,,0.09080,0.00030,0.07173,0.00545,0.168,0.004,0.076,0.09165,0.00031,0.07191,0.00467,0.168,0.,0.079,,,,,,
5097,,,,,,,,,,,,,,,,,,,,,,,,,,,0.497,0.,0.497
5115,,,,,,,,,,0.08812,0.00028,0.06629,0.00546,0.16,0.003,0.071,0.09136,0.00029,0.06874,0.00545,0.166,0.004,0.073,,,,,,
5124,,,,7.666,0.003,7.661,,,,,,,,,,,,,,,,,,,,,,,
5228,,,,,,,,,,0.08923,0.00025,0.07192,0.00503,0.166,0.003,0.076,0.08971,0.00030,0.07242,0.00506,0.167,0.004,0.076,,,,0.504,0.,0.504
5342,,,,,,,,,,0.09398,0.00026,0.07665,0.00558,0.176,0.003,0.081,0.09179,0.00027,0.07583,0.00507,0.173,0.008,0.076,,,,,,
5358,,,,,,,,,,,,,,,,,,,,,,,,,,,0.532,0.,0.532
5456,,,,,,,,,,0.09103,0.00025,0.07474,0.00556,0.171,0.,0.083,0.09082,0.00028,0.07613,0.00525,0.172,0.004,0.08,,,,,,
5489,,,,,,,,,,,,,,,,,,,,,,,,,,,0.549,0.,0.549
5569,,,,,,,,,,0.09265,0.00027,0.07836,0.00561,0.177,0.003,0.084,0.09014,0.00028,0.08448,0.00587,0.18,0.007,0.086,,,,,,
5620,,,,,,,,,,,,,,,,,,,,,,,,,,,0.574,0.,0.574
5683,,,,,,,,,,0.09334,0.00028,0.08333,0.00605,0.183,0.,0.092,0.09367,0.00029,0.08022,0.00583,0.18,0.004,0.085,,,,,,
5693,,,,9.212,0.007,9.201,,,,,,,,,,,,,,,,,,,,,,,
5750,,,,,,,,,,,,,,,,,,,,,,,,,,,0.621,0.,0.621
5796,,,,,,,,,,0.09101,0.00032,0.08331,0.00567,0.18,0.,0.092,0.09810,0.00031,0.09166,0.00637,0.196,0.003,0.098,,,,,,
5881,,,,,,,,,,,,,,,,,,,,,,,,,,,0.623,0.,0.623
5910,,,,,,,,,,0.09361,0.00031,0.09122,0.00583,0.191,0.004,0.096,0.09430,0.00035,0.09288,0.00659,0.194,0.008,0.094,,,,,,
6012,,,,,,,,,,,,,,,,,,,,,,,,,,,0.652,0.003,0.648
6034,,,,,,,,,,,,,,,,,,,,,,,,,,,0.849,0.,0.849
6142,,,,,,,,,,,,,,,,,,,,,,,,,,,0.682,0.,0.682
6221,,,,,,,,,,0.09449,0.00024,0.09916,0.00675,0.2,0.006,0.102,0.09114,0.00034,0.10097,0.00640,0.199,0.003,0.107,,,,,,
6273,,,,,,,,,,,,,,,,,,,,,,,,,,,0.732,0.,0.732
6532,,,,,,,,,,0.09891,0.00028,0.10452,0.00708,0.21,0.003,0.111,0.09711,0.00029,0.11290,0.00619,0.216,0.003,0.118,,,,,,
6843,,,,,,,,,,0.09517,0.00024,0.11972,0.00696,0.222,0.003,0.126,0.09385,0.00026,0.11546,0.00743,0.217,0.003,0.122,,,,,,
6900,,,,,,,,,,,,,,,,,,,,,,,,,,,0.864,0.,0.864
7154,,,,,,,,,,0.09516,0.00026,0.12565,0.00708,0.228,0.004,0.132,0.09456,0.00026,0.13459,0.00677,0.236,0.004,0.14,,,,,,
7346,,,,,,,,,,0.09955,0.00030,0.18570,0.00829,0.294,0.004,0.192,0.10494,0.00037,0.18854,0.00754,0.301,0.007,0.191,,,,,,
7465,,,,,,,,,,0.10168,0.00033,0.14303,0.00854,0.253,0.003,0.151,0.10795,0.00034,0.13844,0.00757,0.254,0.007,0.142,,,,,,
7527,,,,,,,,,,,,,,,,,,,,,,,,,,,1.031,0.,1.031
7776,,,,,,,,,,0.09745,0.00027,0.14511,0.00771,0.25,0.007,0.148,0.09683,0.00028,0.15189,0.00788,0.257,0.007,0.155,,,,,,
8045,,,,,,,,,,,,,,,,,,,,,,,,,,,1.172,0.,1.172
8087,,,,,,,,,,0.09068,0.00024,0.15648,0.00861,0.256,0.004,0.164,0.10366,0.00036,0.17372,0.00782,0.285,0.011,0.173,,,,,,
8154,,,,,,,,,,,,,,,,,,,,,,,,,,,1.179,0.,1.179
8398,,,,,,,,,,0.09509,0.00027,0.16861,0.00830,0.272,0.008,0.172,0.09891,0.00026,0.18307,0.00856,0.29,0.007,0.187,,,,,,
8709,,,,,,,,,,0.10079,0.00033,0.19660,0.00882,0.306,0.007,0.201,0.09582,0.00027,0.21455,0.00952,0.32,0.007,0.217,,,,,,
8781,,,,,,,,,,,,,,,,,,,,,,,,,,,1.374,0.,1.374
9019,,,,,,,,,,0.09951,0.00031,0.20597,0.01000,0.315,0.004,0.215,0.10196,0.00034,0.20626,0.00974,0.318,0.008,0.212,,,,,,
9330,,,,,,,,,,0.09584,0.00027,0.20428,0.00855,0.309,0.004,0.212,0.09516,0.00037,0.22013,0.00925,0.325,0.003,0.229,,,,,,
9409,,,,,,,,,,,,,,,,,,,,,,,,,,,1.594,0.003,1.59
9641,,,,,,,,,,0.10194,0.00032,0.22397,0.01012,0.336,0.004,0.233,0.09425,0.00032,0.22631,0.00933,0.33,0.011,0.227,,,,,,
9952,,,,,,,,,,0.09487,0.00030,0.24177,0.01498,0.352,0.004,0.256,0.10029,0.00026,0.26044,0.01160,0.372,0.008,0.267,,,,,,
10036,,,,,,,,,,,,,,,,,,,,,,,,,,,1.822,0.,1.822
10056,,,,,,,,,,,,,,,,,,,,,,,,,,,2.024,0.,2.024
10263,,,,,,,,,,0.10374,0.00033,0.25524,0.01097,0.37,0.,0.27,0.09695,0.00032,0.26673,0.01444,0.378,0.003,0.281,,,,,,
10574,,,,,,,,,,0.09452,0.00031,0.26187,0.01085,0.367,0.004,0.272,0.09685,0.00034,0.27109,0.01067,0.379,0.003,0.281,,,,,,
10663,,,,,,,,,,,,,,,,,,,,,,,,,,,2.044,0.,2.044
10885,,,,,,,,,,0.09585,0.00030,0.28431,0.01148,0.392,0.004,0.295,0.10504,0.00033,0.28647,0.01092,0.402,0.008,0.293,,,,,,
11017,,,,,,,,,,0.09157,0.00030,0.45836,0.01223,0.562,0.019,0.454,0.09285,0.00031,0.34101,0.01057,0.444,0.008,0.346,,,,,,
11196,,,,,,,,,,0.10086,0.00033,0.29352,0.01151,0.406,0.004,0.304,0.09670,0.00035,0.30628,0.01061,0.414,0.008,0.312,,,,,,
11290,,,,,,,,,,,,,,,,,,,,,,,,,,,2.33,0.003,2.326
11507,,,,,,,,,,0.09428,0.00031,0.29992,0.01281,0.407,0.007,0.309,0.09592,0.00034,0.31495,0.01153,0.422,0.008,0.322,,,,,,
11818,,,,,,,,,,0.09666,0.00027,0.32628,0.01108,0.434,0.,0.341,0.09665,0.00029,0.32307,0.01237,0.432,0.007,0.331,,,,,,
11917,,,,,,,,,,,,,,,,,,,,,,,,,,,2.597,0.003,2.591
12544,,,,,,,,,,,,,,,,,,,,,,,,,,,2.794,0.003,2.79
13000,,,,,,,,,,0.09663,0.00032,0.37825,0.01294,0.488,0.003,0.391,0.09753,0.00034,0.41023,0.01417,0.522,0.004,0.424,,,,,,
14181,,,,,,,,,,0.10194,0.00028,0.46254,0.01452,0.579,0.007,0.473,0.10423,0.00032,0.47685,0.01603,0.597,0.004,0.492,,,,,,
14689,,,,,,,,,,0.08952,0.00043,0.50984,0.01478,0.614,0.023,0.504,0.08944,0.00025,0.53638,0.01618,0.642,0.004,0.551,,,,,,
15052,,,,,,,,,,,,,,,,,,,,,,,,,,,3.994,0.,3.993
15363,,,,,,,,,,0.10044,0.00029,0.53747,0.01528,0.653,0.007,0.548,0.09739,0.00032,0.56460,0.01501,0.677,0.008,0.575,,,,,,
16544,,,,,,,,,,0.09339,0.00028,0.65339,0.01534,0.762,0.008,0.664,0.09211,0.00033,0.63984,0.01581,0.748,0.016,0.643,,,,,,
17561,,,,,,,,,,,,,,,,,,,,,,,,,,,5.465,0.,5.465
17726,,,,,,,,,,0.09717,0.00033,0.71964,0.01697,0.834,0.,0.74,0.09698,0.00032,0.78828,0.01665,0.902,0.004,0.804,,,,,,
18361,,,,,,,,,,0.09093,0.00037,0.83033,0.02123,0.943,0.007,0.847,0.08839,0.00027,0.80747,0.02052,0.916,0.012,0.818,,,,,,
18908,,,,,,,,,,0.09236,0.00024,0.88828,0.02144,1.002,0.007,0.905,0.10629,0.00035,0.93936,0.03259,1.078,0.012,0.963,,,,,,
20069,,,,,,,,,,,,,,,,,,,,,,,,,,,7.416,0.004,7.412
20089,,,,,,,,,,0.10726,0.00032,0.97440,0.02111,1.103,0.008,0.991,0.10140,0.00034,0.97733,0.02074,1.1,0.008,0.994,,,,,,
21271,,,,,,,,,,0.10252,0.00033,1.09431,0.02398,1.221,0.003,1.118,0.10760,0.00034,1.06491,0.02046,1.193,0.004,1.085,,,,,,
22452,,,,,,,,,,0.10133,0.00028,1.15149,0.02294,1.276,0.003,1.174,0.09381,0.00034,1.14165,0.02207,1.258,0.008,1.157,,,,,,
22578,,,,,,,,,,,,,,,,,,,,,,,,,,,9.177,0.015,9.16
23634,,,,,,,,,,0.09289,0.00035,1.27759,0.02546,1.396,0.004,1.303,0.10397,0.00030,1.33241,0.02691,1.463,0.012,1.351,,,,,,
25086,,,,,,,,,,,,,,,,,,,,,,,,,,,11.05,0.,11.05
28361,,,,,,,,,,0.09862,0.00028,1.82251,0.03497,1.956,0.003,1.857,0.09944,0.00037,1.86025,0.03145,1.991,0.012,1.883,,,,,,
33087,,,,,,,,,,0.09591,0.00030,2.41500,0.03696,2.548,0.016,2.439,0.09976,0.00026,2.48787,0.03340,2.621,0.003,2.521,,,,,,
37814,,,,,,,,,,0.10548,0.00027,3.13154,0.03678,3.274,0.004,3.168,0.09630,0.00037,3.20225,0.03642,3.335,0.004,3.238,,,,,,
42540,,,,,,,,,,0.09595,0.00032,4.06842,0.05038,4.215,0.024,4.098,0.09558,0.00031,4.06839,0.04371,4.208,0.019,4.096,,,,,,
47267,,,,,,,,,,0.09939,0.00036,5.13758,0.04639,5.283,0.012,5.175,0.10268,0.00026,5.05004,0.04623,5.199,0.02,5.079,,,,,,