param-n,pattern-regression-linear-real,pattern-regression-linear-sys,pattern-regression-linear-user
1,0.,0.,0.
2,0.,0.,0.
3,0.,0.,0.
4,0.,0.,0.
5,0.,0.,0.
6,0.,0.,0.
7,0.,0.,0.
8,0.,0.,0.
9,0.,0.,0.
10,0.,0.,0.
11,0.,0.,0.
12,0.,0.,0.
13,0.,0.,0.
14,0.,0.,0.
15,0.,0.,0.
16,0.,0.,0.
17,0.,0.,0.
18,0.,0.,0.
19,0.,0.,0.
20,0.,0.,0.
21,0.,0.,0.
22,0.,0.,0.
23,0.,0.,0.
24,0.,0.,0.
25,0.,0.,0.
26,0.,0.,0.
27,0.,0.,0.
28,0.,0.,0.
29,0.001,0.,0.001
30,0.,0.,0.
31,0.,0.,0.
32,0.,0.,0.
33,0.,0.,0.
34,0.,0.,0.
35,0.,0.,0.
36,0.001,0.,0.001
37,0.,0.,0.
38,0.,0.,0.
39,0.,0.,0.
40,0.,0.,0.
41,0.,0.,0.
42,0.001,0.,0.001
43,0.001,0.,0.001
44,0.001,0.,0.001
45,0.001,0.,0.001
46,0.001,0.,0.001
47,0.001,0.,0.001
48,0.001,0.,0.001
49,0.001,0.,0.001
50,0.001,0.,0.001
51,0.001,0.,0.001
52,0.001,0.,0.001
53,0.001,0.,0.001
54,0.001,0.,0.001
55,0.001,0.,0.001
56,0.001,0.,0.001
57,0.001,0.,0.001
58,0.001,0.,0.001
59,0.002,0.,0.002
60,0.001,0.,0.001
61,0.001,0.,0.001
62,0.001,0.,0.001
63,0.001,0.,0.001
64,0.002,0.,0.002
65,0.002,0.,0.002
66,0.001,0.,0.001
67,0.001,0.,0.001
68,0.001,0.,0.001
69,0.001,0.,0.001
70,0.001,0.,0.001
71,0.001,0.,0.001
72,0.001,0.,0.001
73,0.001,0.,0.001
74,0.001,0.,0.001
75,0.001,0.,0.001
76,0.001,0.,0.001
77,0.001,0.,0.001
78,0.001,0.,0.001
79,0.001,0.,0.001
80,0.001,0.,0.001
81,0.001,0.,0.001
82,0.014,0.,0.014
83,0.001,0.,0.001
84,0.002,0.,0.002
85,0.001,0.,0.001
86,0.001,0.,0.001
87,0.002,0.,0.002
88,0.002,0.,0.002
89,0.001,0.,0.001
90,0.002,0.,0.002
91,0.002,0.,0.002
92,0.002,0.,0.002
93,0.001,0.,0.001
94,0.001,0.,0.001
95,0.002,0.,0.002
96,0.002,0.,0.002
97,0.002,0.,0.002
98,0.003,0.,0.003
99,0.002,0.,0.002
100,0.003,0.,0.003
101,0.002,0.,0.002
102,0.002,0.,0.002
103,0.002,0.,0.002
104,0.002,0.,0.002
105,0.002,0.,0.002
106,0.002,0.,0.002
107,0.002,0.,0.002
108,0.002,0.,0.002
109,0.002,0.,0.002
110,0.002,0.,0.002
111,0.002,0.,0.002
112,0.002,0.,0.002
113,0.002,0.,0.002
114,0.002,0.,0.002
115,0.019,0.,0.019
116,0.002,0.,0.002
117,0.002,0.,0.002
118,0.002,0.,0.002
119,0.002,0.,0.002
120,0.002,0.,0.002
121,0.002,0.,0.002
122,0.002,0.,0.002
123,0.002,0.,0.002
124,0.002,0.,0.002
125,0.002,0.,0.002
126,0.002,0.,0.002
127,0.002,0.,0.002
128,0.003,0.,0.003
129,0.003,0.,0.003
130,0.002,0.,0.002
131,0.002,0.,0.002
132,0.002,0.,0.002
133,0.003,0.,0.003
134,0.003,0.,0.003
135,0.002,0.,0.002
136,0.002,0.,0.002
137,0.002,0.,0.002
138,0.003,0.,0.003
139,0.002,0.,0.002
140,0.002,0.,0.002
141,0.004,0.,0.004
142,0.002,0.,0.002
143,0.003,0.,0.003
144,0.003,0.,0.003
145,0.002,0.,0.002
146,0.003,0.,0.003
147,0.003,0.,0.003
148,0.003,0.,0.003
149,0.003,0.,0.003
150,0.003,0.,0.003
151,0.003,0.,0.003
152,0.003,0.,0.003
153,0.11,0.,0.11
154,0.003,0.,0.003
155,0.003,0.,0.003
156,0.003,0.,0.003
157,0.003,0.,0.003
158,0.003,0.,0.003
159,0.003,0.,0.003
160,0.003,0.,0.003
161,0.004,0.,0.004
162,0.003,0.,0.003
163,0.003,0.,0.003
164,0.003,0.,0.003
165,0.003,0.,0.003
166,0.003,0.,0.003
167,0.003,0.,0.003
168,0.003,0.,0.003
169,0.003,0.,0.003
170,0.004,0.,0.004
171,0.003,0.,0.003
172,0.004,0.,0.004
173,0.003,0.,0.003
174,0.024,0.,0.024
175,0.003,0.,0.003
176,0.004,0.,0.004
177,0.003,0.,0.003
178,0.004,0.,0.004
179,0.003,0.,0.003
180,0.003,0.,0.003
181,0.003,0.,0.003
182,0.003,0.,0.003
183,0.003,0.,0.003
184,0.004,0.,0.004
185,0.003,0.,0.003
186,0.004,0.,0.004
187,0.004,0.,0.004
188,0.005,0.,0.005
189,0.004,0.,0.004
190,0.004,0.,0.004
191,0.003,0.,0.003
192,0.003,0.,0.003
193,0.004,0.,0.004
194,0.004,0.,0.004
195,0.004,0.,0.004
196,0.003,0.,0.003
197,0.003,0.,0.003
198,0.004,0.,0.004
199,0.003,0.,0.003
200,0.003,0.,0.003
201,0.003,0.,0.003
202,0.004,0.,0.004
203,0.004,0.,0.004
204,0.004,0.,0.004
205,0.004,0.,0.004
206,0.004,0.,0.004
207,0.004,0.,0.004
208,0.004,0.,0.004
209,0.004,0.,0.004
210,0.018,0.,0.018
211,0.004,0.,0.004
212,0.004,0.,0.004
213,0.004,0.,0.004
214,0.005,0.,0.005
215,0.004,0.,0.004
216,0.004,0.,0.004
217,0.004,0.,0.004
218,0.005,0.,0.005
219,0.004,0.,0.004
220,0.004,0.,0.004
221,0.004,0.,0.004
222,0.005,0.,0.005
223,0.004,0.,0.004
224,0.004,0.,0.004
225,0.004,0.,0.004
226,0.022,0.,0.022
227,0.004,0.,0.004
228,0.005,0.002,0.003
229,0.004,0.,0.004
230,0.005,0.,0.005
231,0.005,0.,0.005
232,0.005,0.,0.005
233,0.005,0.,0.005
234,0.107,0.,0.107
235,0.004,0.,0.004
236,0.004,0.,0.004
237,0.004,0.,0.004
238,0.004,0.,0.004
239,0.005,0.,0.005
240,0.005,0.,0.005
241,0.006,0.,0.006
242,0.005,0.,0.005
243,0.005,0.,0.005
244,0.005,0.,0.005
245,0.005,0.,0.005
246,0.005,0.,0.005
247,0.005,0.,0.005
248,0.005,0.,0.005
249,0.005,0.,0.005
250,0.005,0.,0.005
251,0.005,0.,0.005
252,0.005,0.,0.005
253,0.005,0.,0.005
254,0.005,0.,0.005
255,0.006,0.,0.006
256,0.005,0.,0.005
257,0.005,0.,0.005
258,0.006,0.,0.006
259,0.005,0.,0.005
260,0.005,0.,0.005
261,0.005,0.,0.005
262,0.005,0.,0.005
263,0.005,0.,0.005
264,0.006,0.,0.006
265,0.005,0.,0.005
266,0.005,0.,0.005
267,0.007,0.,0.007
268,0.005,0.,0.005
269,0.007,0.,0.007
270,0.005,0.,0.005
271,0.005,0.,0.005
272,0.005,0.,0.005
273,0.005,0.,0.005
274,0.005,0.002,0.002
275,0.005,0.,0.005
276,0.005,0.,0.005
277,0.005,0.,0.005
278,0.005,0.,0.005
279,0.006,0.,0.006
280,0.006,0.,0.006
281,0.005,0.,0.005
282,0.006,0.,0.006
283,0.005,0.,0.005
284,0.006,0.,0.006
285,0.006,0.,0.006
286,0.005,0.,0.005
287,0.006,0.,0.006
288,0.022,0.,0.022
289,0.005,0.,0.005
290,0.006,0.,0.006
291,0.006,0.,0.006
292,0.006,0.,0.006
293,0.006,0.,0.005
294,0.105,0.,0.105
295,0.005,0.,0.005
296,0.006,0.,0.006
297,0.006,0.,0.006
298,0.006,0.,0.006
299,0.006,0.,0.006
300,0.007,0.003,0.003
301,0.005,0.,0.005
302,0.005,0.,0.005
303,0.005,0.,0.005
304,0.006,0.,0.006
305,0.007,0.,0.007
306,0.027,0.,0.027
307,0.006,0.,0.006
308,0.005,0.,0.005
309,0.006,0.,0.006
310,0.006,0.,0.006
311,0.006,0.,0.006
312,0.007,0.,0.007
313,0.006,0.002,0.003
314,0.006,0.,0.006
315,0.007,0.,0.007
316,0.006,0.,0.006
317,0.006,0.,0.006
318,0.006,0.,0.006
319,0.006,0.,0.006
320,0.006,0.,0.006
321,0.006,0.,0.006
322,0.006,0.,0.006
323,0.007,0.,0.007
324,0.006,0.,0.006
325,0.007,0.,0.007
326,0.006,0.,0.006
327,0.006,0.,0.006
328,0.007,0.,0.007
329,0.006,0.,0.006
330,0.006,0.,0.006
331,0.006,0.,0.006
332,0.007,0.,0.007
333,0.006,0.,0.006
334,0.007,0.,0.007
335,0.007,0.,0.007
336,0.006,0.,0.006
337,0.006,0.,0.006
338,0.007,0.,0.007
339,0.018,0.,0.018
340,0.007,0.,0.007
341,0.007,0.,0.007
342,0.008,0.,0.008
343,0.006,0.,0.006
344,0.007,0.,0.007
345,0.006,0.,0.006
346,0.007,0.,0.007
347,0.007,0.,0.007
348,0.007,0.,0.007
349,0.007,0.,0.007
350,0.007,0.,0.007
351,0.007,0.,0.007
352,0.007,0.,0.007
353,0.007,0.,0.007
354,0.006,0.,0.006
355,0.007,0.,0.007
356,0.007,0.,0.007
357,0.007,0.,0.007
358,0.007,0.,0.007
359,0.007,0.,0.007
360,0.007,0.,0.007
361,0.007,0.,0.007
362,0.006,0.,0.006
363,0.007,0.,0.007
364,0.007,0.,0.007
365,0.009,0.,0.009
366,0.007,0.,0.007
367,0.008,0.,0.008
368,0.007,0.,0.007
369,0.008,0.,0.008
370,0.007,0.,0.007
371,0.007,0.,0.007
372,0.007,0.,0.007
373,0.007,0.,0.007
374,0.009,0.,0.009
375,0.007,0.,0.007
376,0.007,0.,0.007
377,0.007,0.,0.007
378,0.008,0.,0.008
379,0.009,0.,0.009
380,0.008,0.,0.008
381,0.008,0.,0.008
382,0.007,0.,0.007
383,0.007,0.,0.007
384,0.009,0.,0.009
385,0.008,0.,0.008
386,0.008,0.,0.008
387,0.008,0.,0.008
388,0.008,0.,0.008
389,0.008,0.,0.008
390,0.008,0.,0.008
391,0.008,0.,0.008
392,0.008,0.,0.008
393,0.009,0.,0.009
394,0.008,0.,0.008
395,0.008,0.,0.008
396,0.008,0.,0.008
397,0.008,0.,0.008
398,0.009,0.,0.009
399,0.008,0.,0.008
400,0.008,0.,0.008
401,0.008,0.,0.008
402,0.009,0.,0.009
403,0.008,0.,0.008
404,0.008,0.,0.008
405,0.008,0.,0.008
406,0.008,0.,0.008
407,0.008,0.,0.008
408,0.008,0.,0.008
409,0.008,0.,0.008
410,0.008,0.,0.008
411,0.009,0.,0.009
412,0.008,0.,0.008
413,0.009,0.,0.009
414,0.008,0.,0.008
415,0.009,0.,0.009
416,0.008,0.,0.008
417,0.008,0.,0.008
418,0.009,0.,0.009
419,0.008,0.,0.008
420,0.009,0.,0.009
421,0.008,0.,0.008
422,0.008,0.,0.008
423,0.008,0.,0.008
424,0.008,0.,0.008
425,0.008,0.,0.008
426,0.008,0.,0.008
427,0.008,0.,0.008
428,0.01,0.,0.01
429,0.008,0.,0.008
430,0.009,0.,0.009
431,0.009,0.,0.009
432,0.011,0.,0.011
433,0.009,0.,0.009
434,0.008,0.,0.008
435,0.008,0.,0.008
436,0.008,0.,0.008
437,0.009,0.,0.009
438,0.008,0.,0.008
439,0.009,0.,0.009
440,0.009,0.,0.009
441,0.01,0.,0.01
442,0.008,0.,0.008
443,0.008,0.,0.008
444,0.009,0.,0.009
445,0.01,0.,0.01
446,0.009,0.,0.009
447,0.008,0.,0.008
448,0.009,0.,0.009
449,0.009,0.,0.009
450,0.009,0.,0.009
451,0.008,0.,0.008
452,0.008,0.,0.008
453,0.009,0.,0.009
454,0.009,0.,0.009
455,0.009,0.,0.009
456,0.008,0.,0.008
457,0.009,0.,0.009
458,0.008,0.,0.008
459,0.008,0.,0.008
460,0.009,0.,0.009
461,0.01,0.,0.01
462,0.01,0.,0.01
463,0.009,0.,0.009
464,0.008,0.,0.008
465,0.008,0.,0.008
466,0.009,0.,0.009
467,0.009,0.,0.009
468,0.011,0.,0.011
469,0.009,0.,0.009
470,0.009,0.,0.009
471,0.009,0.,0.009
472,0.011,0.,0.011
473,0.008,0.,0.008
474,0.009,0.,0.009
475,0.009,0.,0.009
476,0.012,0.,0.012
477,0.008,0.,0.008
478,0.009,0.,0.009
479,0.008,0.,0.008
480,0.01,0.,0.01
481,0.009,0.,0.009
482,0.009,0.,0.009
483,0.01,0.,0.01
484,0.012,0.,0.012
485,0.01,0.,0.01
486,0.009,0.,0.009
487,0.01,0.,0.01
488,0.01,0.,0.01
489,0.01,0.,0.01
490,0.009,0.,0.009
491,0.012,0.,0.012
492,0.01,0.,0.01
493,0.011,0.,0.011
494,0.009,0.,0.009
495,0.01,0.,0.01
496,0.01,0.,0.01
497,0.011,0.,0.011
498,0.011,0.,0.011
499,0.011,0.,0.011
500,0.01,0.,0.01
600,0.012,0.,0.012
800,0.016,0.,0.016
1000,0.019,0.,0.019
1200,0.023,0.,0.023
1400,0.042,0.,0.042
1600,0.034,0.,0.034
1800,0.052,0.,0.052
2000,0.044,0.,0.044
2200,0.052,0.,0.052
2400,0.147,0.,0.147
2600,0.083,0.,0.083
2800,0.062,0.,0.062
3000,0.068,0.,0.068
3200,0.092,0.003,0.088
3400,0.099,0.,0.099
3600,0.088,0.,0.088
3800,0.087,0.,0.087
4000,0.115,0.,0.115
4200,0.135,0.,0.135
4400,0.214,0.,0.214
4600,0.121,0.,0.121
4800,0.126,0.,0.126
5000,0.128,0.,0.128
5200,0.245,0.,0.245
5400,0.139,0.003,0.135
5600,0.141,0.003,0.137
5800,0.154,0.,0.154
6000,0.13,0.,0.13
6200,0.137,0.,0.137
6400,0.168,0.,0.168
6600,0.155,0.,0.155
6800,0.166,0.,0.166
7000,0.167,0.,0.167
7200,0.178,0.,0.178
7400,0.164,0.,0.164
7600,0.176,0.,0.176
7800,0.184,0.,0.184
8000,0.193,0.,0.193
8200,0.205,0.,0.205
8400,0.212,0.,0.212
8600,0.215,0.,0.215
8800,0.238,0.,0.238
9000,0.254,0.004,0.25
9200,0.251,0.,0.251
9400,0.261,0.,0.261
9600,0.271,0.,0.271
9800,0.281,0.,0.281
10000,0.268,0.,0.268
10200,0.288,0.,0.288
10400,0.289,0.,0.289
10600,0.326,0.,0.326
10800,0.333,0.,0.333
11000,0.332,0.,0.332
11200,0.364,0.,0.364
11400,0.344,0.,0.344
11600,0.345,0.,0.345
11800,0.357,0.,0.357
12000,0.352,0.,0.352
12200,0.359,0.,0.359
12400,0.365,0.,0.365
12600,0.377,0.,0.377
12800,0.396,0.,0.396
13000,0.386,0.,0.386
13200,0.415,0.,0.415
13400,0.416,0.,0.416
13600,0.433,0.,0.433
13800,0.411,0.,0.411
14000,0.416,0.,0.416
14200,0.413,0.,0.413
14400,0.413,0.,0.413
14600,0.383,0.,0.383
14800,0.43,0.,0.43
15000,0.401,0.,0.401
15200,0.395,0.,0.394
15400,0.427,0.,0.427
15600,0.431,0.,0.431
15800,0.441,0.,0.441
16000,0.457,0.,0.457
16200,0.465,0.,0.465
16400,0.472,0.,0.472
16600,0.467,0.,0.467
16800,0.511,0.,0.511
17000,0.501,0.,0.501
17200,0.538,0.,0.538
17400,0.528,0.,0.528
17600,0.573,0.,0.573
17800,0.6,0.,0.6
18000,0.618,0.,0.618
18200,0.596,0.,0.596
18400,0.649,0.,0.649
18600,0.688,0.,0.688
18800,0.645,0.,0.645
19000,0.7,0.,0.7
19200,0.696,0.,0.696
19400,0.671,0.,0.671
19600,0.651,0.,0.651
19800,0.658,0.,0.658
20000,0.642,0.,0.642