param-n,abstract-regression-cubic-real,abstract-regression-cubic-sys,abstract-regression-cubic-user,close-abstract-regression-cubic-real,close-abstract-regression-cubic-sys,close-abstract-regression-cubic-user,fast-rewrite-regression-cubic-real,fast-rewrite-regression-cubic-sys,fast-rewrite-regression-cubic-user,pose-build-and-refine-regression-cubic-real,pose-build-and-refine-regression-cubic-sys,pose-build-and-refine-regression-cubic-user,refine-regression-quadratic-regression-linear-real,refine-regression-quadratic-regression-linear-sys,refine-regression-quadratic-regression-linear-user
1,0.,0.,0.,0.,0.,0.,0.,0.,0.,0.,0.,0.,0.,0.,0.
2,0.,0.,0.,0.,0.,0.,0.,0.,0.,0.,0.,0.,0.,0.,0.
3,0.001,0.,0.001,0.,0.,0.,0.,0.,0.,0.,0.,0.,0.,0.,0.
4,0.001,0.,0.001,0.,0.,0.,0.,0.,0.,0.,0.,0.,0.,0.,0.
5,0.002,0.,0.001,0.,0.,0.,0.,0.,0.,0.,0.,0.,0.,0.,0.
6,0.001,0.,0.001,0.,0.,0.,0.001,0.,0.001,0.001,0.,0.001,0.,0.,0.
7,0.001,0.,0.001,0.,0.,0.,0.001,0.,0.001,0.001,0.,0.001,0.,0.,0.
8,0.001,0.,0.001,0.,0.,0.,0.001,0.,0.001,0.001,0.,0.001,0.,0.,0.
9,0.002,0.,0.002,0.,0.,0.,0.001,0.,0.001,0.001,0.,0.001,0.,0.,0.
10,0.002,0.,0.002,0.,0.,0.,0.001,0.,0.001,0.001,0.,0.001,0.,0.,0.
11,0.002,0.,0.002,0.,0.,0.,0.001,0.,0.001,0.001,0.,0.001,0.,0.,0.
12,0.002,0.,0.002,0.,0.,0.,0.002,0.,0.002,0.002,0.,0.002,0.,0.,0.
13,0.002,0.,0.002,0.,0.,0.,0.001,0.,0.001,0.001,0.,0.001,0.,0.,0.
14,0.003,0.,0.003,0.,0.,0.,0.002,0.,0.002,0.002,0.,0.002,0.,0.,0.
15,0.003,0.,0.003,0.,0.,0.,0.002,0.,0.002,0.002,0.,0.002,0.,0.,0.
16,0.003,0.,0.003,0.,0.,0.,0.002,0.,0.002,0.002,0.,0.002,0.,0.,0.
17,0.004,0.,0.004,0.,0.,0.,0.003,0.,0.003,0.003,0.,0.003,0.,0.,0.
18,0.003,0.,0.003,0.001,0.,0.001,0.002,0.,0.002,0.002,0.,0.002,0.,0.,0.
19,0.004,0.,0.004,0.001,0.,0.001,0.002,0.,0.002,0.002,0.,0.002,0.,0.,0.
20,0.004,0.,0.004,0.001,0.,0.001,0.002,0.,0.002,0.002,0.,0.002,0.,0.,0.
21,0.005,0.,0.005,0.001,0.,0.001,0.003,0.,0.003,0.003,0.,0.003,0.,0.,0.
22,0.004,0.,0.004,0.001,0.,0.001,0.003,0.,0.003,0.003,0.,0.003,0.,0.,0.
23,0.005,0.,0.005,0.001,0.,0.001,0.003,0.,0.003,0.003,0.,0.003,0.,0.,0.
24,0.005,0.,0.005,0.001,0.,0.001,0.003,0.,0.003,0.003,0.,0.003,0.,0.,0.
25,0.005,0.,0.005,0.001,0.,0.001,0.003,0.,0.003,0.003,0.,0.003,0.,0.,0.
26,0.006,0.,0.006,0.001,0.,0.001,0.004,0.,0.004,0.004,0.,0.004,0.001,0.,0.001
27,0.022,0.,0.022,0.001,0.,0.001,0.02,0.,0.02,0.02,0.,0.02,0.,0.,0.
28,0.005,0.,0.005,0.001,0.,0.001,0.004,0.,0.004,0.003,0.,0.003,0.,0.,0.
29,0.006,0.,0.006,0.001,0.,0.001,0.004,0.,0.004,0.004,0.,0.004,0.,0.,0.
30,0.007,0.,0.006,0.001,0.,0.001,0.005,0.,0.004,0.005,0.,0.004,0.,0.,0.
31,0.007,0.,0.007,0.002,0.,0.002,0.005,0.,0.005,0.005,0.,0.005,0.,0.,0.
32,0.008,0.,0.008,0.002,0.,0.002,0.005,0.,0.005,0.005,0.,0.005,0.,0.,0.
33,0.007,0.,0.007,0.002,0.,0.002,0.005,0.,0.005,0.005,0.,0.005,0.,0.,0.
34,0.008,0.,0.008,0.002,0.,0.002,0.005,0.,0.005,0.005,0.,0.005,0.,0.,0.
35,0.008,0.,0.008,0.002,0.,0.002,0.005,0.,0.005,0.005,0.,0.005,0.,0.,0.
36,0.008,0.,0.008,0.002,0.,0.002,0.005,0.,0.005,0.005,0.,0.005,0.,0.,0.
37,0.022,0.,0.022,0.002,0.,0.002,0.005,0.,0.005,0.005,0.,0.005,0.,0.,0.
38,0.008,0.,0.008,0.002,0.,0.002,0.005,0.,0.005,0.005,0.,0.005,0.,0.,0.
39,0.009,0.,0.009,0.003,0.,0.003,0.005,0.,0.005,0.005,0.,0.005,0.,0.,0.
40,0.01,0.,0.01,0.003,0.,0.003,0.006,0.,0.006,0.006,0.,0.006,0.,0.,0.
41,0.009,0.,0.009,0.003,0.,0.003,0.005,0.,0.005,0.005,0.,0.005,0.,0.,0.
42,0.009,0.,0.009,0.002,0.,0.002,0.006,0.,0.006,0.006,0.,0.006,0.,0.,0.
43,0.01,0.,0.01,0.003,0.,0.003,0.006,0.,0.006,0.006,0.,0.006,0.,0.,0.
44,0.012,0.,0.012,0.003,0.,0.003,0.009,0.,0.009,0.009,0.,0.009,0.,0.,0.
45,0.011,0.,0.011,0.003,0.,0.003,0.008,0.,0.008,0.008,0.,0.008,0.,0.,0.
46,0.011,0.,0.011,0.003,0.,0.003,0.007,0.,0.007,0.007,0.,0.007,0.,0.,0.
47,0.011,0.,0.011,0.003,0.,0.003,0.007,0.,0.007,0.007,0.,0.007,0.,0.,0.
48,0.011,0.,0.011,0.003,0.,0.003,0.007,0.,0.007,0.007,0.,0.007,0.,0.,0.
49,0.013,0.,0.013,0.004,0.,0.004,0.008,0.,0.008,0.008,0.,0.008,0.,0.,0.
50,0.011,0.001,0.01,0.003,0.,0.003,0.008,0.,0.007,0.008,0.,0.007,0.,0.,0.
51,0.029,0.,0.029,0.021,0.,0.021,0.008,0.,0.008,0.008,0.,0.008,0.,0.,0.
52,0.013,0.,0.013,0.004,0.,0.004,0.008,0.,0.008,0.008,0.,0.008,0.,0.,0.
53,0.012,0.,0.012,0.004,0.,0.004,0.008,0.,0.008,0.008,0.,0.008,0.,0.,0.
54,0.014,0.,0.014,0.004,0.,0.004,0.009,0.,0.009,0.009,0.,0.009,0.,0.,0.
55,0.014,0.,0.014,0.004,0.,0.004,0.009,0.,0.009,0.009,0.,0.009,0.,0.,0.
56,0.014,0.,0.014,0.004,0.,0.004,0.009,0.,0.009,0.009,0.,0.009,0.,0.,0.
57,0.018,0.,0.018,0.005,0.,0.005,0.013,0.,0.013,0.013,0.,0.013,0.001,0.,0.001
58,0.017,0.,0.017,0.005,0.,0.005,0.011,0.,0.011,0.011,0.,0.011,0.,0.,0.
59,0.015,0.,0.015,0.005,0.,0.005,0.009,0.,0.009,0.009,0.,0.009,0.,0.,0.
60,0.016,0.,0.016,0.005,0.,0.005,0.009,0.,0.009,0.009,0.,0.009,0.,0.,0.
61,0.016,0.,0.016,0.005,0.,0.005,0.01,0.,0.01,0.01,0.,0.01,0.,0.,0.
62,0.018,0.,0.018,0.005,0.,0.005,0.012,0.,0.012,0.012,0.,0.012,0.,0.,0.
63,0.017,0.,0.017,0.006,0.,0.006,0.01,0.,0.01,0.01,0.,0.01,0.,0.,0.
64,0.018,0.,0.018,0.006,0.,0.006,0.011,0.,0.011,0.011,0.,0.011,0.,0.,0.
65,0.019,0.,0.019,0.006,0.,0.006,0.012,0.,0.012,0.012,0.,0.012,0.,0.,0.
66,0.117,0.,0.117,0.005,0.,0.005,0.11,0.,0.11,0.11,0.,0.11,0.099,0.,0.099
67,0.018,0.,0.018,0.006,0.,0.006,0.011,0.,0.011,0.011,0.,0.011,0.,0.,0.
68,0.018,0.,0.018,0.007,0.,0.007,0.01,0.,0.01,0.01,0.,0.01,0.,0.,0.
69,0.018,0.,0.018,0.007,0.,0.007,0.011,0.,0.011,0.011,0.,0.011,0.,0.,0.
70,0.021,0.,0.021,0.009,0.,0.009,0.011,0.,0.011,0.011,0.,0.011,0.,0.,0.
71,0.02,0.,0.02,0.006,0.,0.006,0.013,0.,0.013,0.013,0.,0.013,0.,0.,0.
72,0.019,0.,0.019,0.006,0.,0.006,0.011,0.,0.011,0.011,0.,0.011,0.,0.,0.
73,0.02,0.,0.02,0.007,0.,0.007,0.012,0.,0.012,0.012,0.,0.012,0.,0.,0.
74,0.045,0.,0.045,0.032,0.,0.032,0.012,0.,0.012,0.012,0.,0.012,0.,0.,0.
75,0.021,0.,0.021,0.007,0.,0.007,0.013,0.,0.013,0.013,0.,0.013,0.,0.,0.
76,0.022,0.,0.022,0.009,0.,0.009,0.012,0.,0.012,0.012,0.,0.012,0.,0.,0.
77,0.021,0.,0.021,0.007,0.,0.007,0.013,0.,0.013,0.013,0.,0.013,0.,0.,0.
78,0.023,0.,0.023,0.008,0.,0.008,0.014,0.,0.014,0.014,0.,0.014,0.,0.,0.
79,0.023,0.,0.023,0.008,0.,0.008,0.013,0.,0.013,0.013,0.,0.013,0.001,0.,0.001
80,0.023,0.,0.023,0.008,0.,0.008,0.013,0.,0.013,0.013,0.,0.013,0.001,0.,0.001
81,0.024,0.,0.024,0.008,0.,0.008,0.015,0.,0.015,0.015,0.,0.015,0.001,0.,0.001
82,0.024,0.,0.024,0.009,0.,0.009,0.014,0.,0.014,0.014,0.,0.014,0.001,0.,0.001
83,0.024,0.,0.024,0.009,0.,0.009,0.015,0.,0.015,0.015,0.,0.015,0.001,0.,0.001
84,0.025,0.,0.025,0.01,0.,0.01,0.014,0.,0.014,0.014,0.,0.014,0.001,0.,0.001
85,0.028,0.,0.028,0.009,0.,0.009,0.018,0.,0.018,0.018,0.,0.018,0.001,0.,0.001
86,0.028,0.,0.028,0.01,0.,0.01,0.017,0.,0.017,0.017,0.,0.017,0.001,0.,0.001
87,0.024,0.,0.024,0.009,0.,0.009,0.014,0.,0.014,0.014,0.,0.014,0.001,0.,0.001
88,0.044,0.,0.044,0.01,0.,0.01,0.033,0.,0.033,0.033,0.,0.033,0.001,0.,0.001
89,0.028,0.,0.028,0.011,0.,0.011,0.015,0.,0.015,0.015,0.,0.015,0.001,0.,0.001
90,0.027,0.,0.027,0.01,0.,0.01,0.015,0.,0.015,0.015,0.,0.015,0.001,0.,0.001
91,0.031,0.,0.031,0.011,0.,0.011,0.018,0.,0.018,0.018,0.,0.018,0.003,0.,0.003
92,0.029,0.,0.029,0.012,0.,0.012,0.015,0.,0.015,0.015,0.,0.015,0.001,0.,0.001
93,0.029,0.,0.029,0.012,0.,0.012,0.016,0.,0.016,0.016,0.,0.016,0.001,0.,0.001
94,0.048,0.,0.048,0.012,0.,0.012,0.035,0.,0.035,0.035,0.,0.035,0.001,0.,0.001
95,0.031,0.,0.031,0.012,0.,0.012,0.017,0.,0.017,0.017,0.,0.017,0.001,0.,0.001
96,0.031,0.,0.031,0.013,0.,0.013,0.017,0.,0.017,0.017,0.,0.017,0.001,0.,0.001
97,0.13,0.,0.13,0.013,0.,0.013,0.116,0.,0.116,0.116,0.,0.116,0.001,0.,0.001
98,0.033,0.,0.033,0.014,0.,0.014,0.018,0.,0.018,0.018,0.,0.018,0.001,0.,0.001
99,0.032,0.,0.032,0.013,0.,0.013,0.017,0.,0.017,0.017,0.,0.017,0.001,0.,0.001
100,0.03,0.,0.03,0.012,0.,0.012,0.017,0.,0.017,0.017,0.,0.017,0.001,0.,0.001
110,0.04,0.,0.04,0.017,0.,0.017,0.022,0.,0.022,0.022,0.,0.022,0.001,0.,0.001
120,0.045,0.,0.045,0.02,0.,0.02,0.024,0.,0.024,0.024,0.,0.024,0.002,0.,0.002
130,0.102,0.,0.102,0.024,0.,0.024,0.076,0.,0.076,0.076,0.,0.076,0.001,0.,0.001
140,0.231,0.,0.231,0.03,0.,0.03,0.199,0.,0.199,0.199,0.,0.199,0.001,0.,0.001
150,0.509,0.,0.509,0.031,0.,0.031,0.477,0.,0.477,0.477,0.,0.477,0.001,0.,0.001
160,0.088,0.002,0.085,0.041,0.002,0.038,0.046,0.,0.046,0.046,0.,0.046,0.002,0.,0.002
170,0.109,0.,0.109,0.056,0.,0.056,0.051,0.,0.051,0.051,0.,0.051,0.001,0.,0.001
180,0.123,0.,0.123,0.055,0.,0.055,0.066,0.,0.066,0.066,0.,0.066,0.002,0.,0.002
190,0.143,0.003,0.139,0.064,0.,0.064,0.078,0.003,0.074,0.077,0.003,0.074,0.002,0.,0.001
200,0.135,0.,0.135,0.068,0.,0.068,0.066,0.,0.066,0.066,0.,0.066,0.002,0.,0.002
210,0.177,0.003,0.173,0.084,0.,0.084,0.091,0.003,0.087,0.091,0.003,0.087,0.002,0.,0.002
220,0.195,0.003,0.191,0.094,0.,0.094,0.1,0.003,0.096,0.1,0.003,0.096,0.002,0.,0.002
230,0.213,0.,0.213,0.106,0.,0.106,0.106,0.,0.106,0.106,0.,0.106,0.002,0.,0.002
240,0.238,0.006,0.231,0.122,0.,0.122,0.114,0.005,0.109,0.114,0.005,0.109,0.003,0.,0.003
250,0.228,0.,0.228,0.13,0.,0.13,0.097,0.,0.097,0.097,0.,0.097,0.002,0.,0.002
260,0.255,0.,0.255,0.146,0.,0.146,0.107,0.,0.107,0.107,0.,0.107,0.003,0.,0.003
270,0.284,0.,0.284,0.165,0.,0.165,0.117,0.,0.117,0.117,0.,0.117,0.003,0.,0.003
280,0.317,0.,0.317,0.19,0.,0.19,0.126,0.,0.126,0.126,0.,0.126,0.003,0.,0.003
290,0.367,0.003,0.364,0.209,0.,0.209,0.157,0.003,0.153,0.157,0.003,0.153,0.003,0.,0.003
300,0.361,0.007,0.354,0.213,0.003,0.209,0.147,0.003,0.144,0.147,0.003,0.144,0.003,0.,0.003
310,0.426,0.003,0.422,0.243,0.,0.243,0.182,0.003,0.178,0.182,0.003,0.178,0.003,0.,0.003
320,0.471,0.003,0.467,0.264,0.,0.264,0.205,0.003,0.201,0.205,0.003,0.201,0.004,0.,0.004
330,0.463,0.,0.463,0.291,0.,0.291,0.171,0.,0.171,0.171,0.,0.171,0.003,0.,0.003
340,0.487,0.012,0.475,0.31,0.,0.31,0.175,0.012,0.163,0.175,0.012,0.163,0.003,0.,0.003
350,0.592,0.016,0.571,0.365,0.,0.365,0.226,0.016,0.206,0.226,0.016,0.206,0.004,0.,0.004
360,0.551,0.,0.551,0.363,0.,0.363,0.187,0.,0.187,0.187,0.,0.187,0.004,0.,0.004
370,0.667,0.,0.667,0.43,0.,0.43,0.235,0.,0.235,0.235,0.,0.235,0.005,0.,0.005
380,0.689,0.003,0.685,0.438,0.003,0.434,0.249,0.,0.249,0.249,0.,0.249,0.005,0.,0.005
390,0.686,0.007,0.678,0.463,0.,0.463,0.221,0.007,0.213,0.221,0.007,0.213,0.004,0.,0.004
400,0.683,0.,0.683,0.447,0.,0.447,0.235,0.,0.235,0.235,0.,0.235,0.004,0.,0.004
500,1.261,0.008,1.253,0.944,0.003,0.94,0.316,0.004,0.312,0.316,0.004,0.312,0.006,0.,0.006
600,2.15,0.,2.15,1.646,0.,1.646,0.503,0.,0.503,0.503,0.,0.503,0.007,0.,0.007
700,3.169,0.,3.168,2.619,0.,2.619,0.547,0.,0.547,0.547,0.,0.547,0.008,0.,0.008
800,4.557,0.007,4.548,3.797,0.007,3.789,0.757,0.,0.757,0.757,0.,0.757,0.011,0.,0.011
900,6.389,0.007,6.38,5.486,0.007,5.477,0.901,0.,0.901,0.901,0.,0.901,0.011,0.,0.011
1000,8.556,0.011,8.543,7.659,0.008,7.65,0.895,0.003,0.891,0.895,0.003,0.891,0.013,0.,0.013