param-0-nm,param-1-n,param-2-m,param-3-input-size,param-4-output-size,param-5-num-rewrites,autorewrite-regression-cubic-real,autorewrite-regression-cubic-sys,autorewrite-regression-cubic-user,rewrite!-regression-cubic-real,rewrite!-regression-cubic-sys,rewrite!-regression-cubic-user,rewrite-strat(bottomup)-regression-cubic-real,rewrite-strat(bottomup)-regression-cubic-sys,rewrite-strat(bottomup)-regression-cubic-user,rewrite-strat(topdown)-regression-cubic-real,rewrite-strat(topdown)-regression-cubic-sys,rewrite-strat(topdown)-regression-cubic-user,setoid-rewrite-regression-cubic-real,setoid-rewrite-regression-cubic-sys,setoid-rewrite-regression-cubic-user,ssr-rewrite!-regression-cubic-real,ssr-rewrite!-regression-cubic-sys,ssr-rewrite!-regression-cubic-user
1,0,1,5,3,1,0.,0.,0.,0.,0.,0.,0.,0.,0.,0.,0.,0.,0.,0.,0.,0.,0.,0.
2,0,2,7,3,2,0.,0.,0.,0.,0.,0.,0.001,0.,0.001,0.,0.,0.,0.001,0.,0.001,0.,0.,0.
3,0,3,9,3,3,0.001,0.,0.001,0.,0.,0.,0.001,0.,0.001,0.001,0.,0.001,0.001,0.,0.001,0.,0.,0.
3,1,1,13,7,3,0.001,0.,0.001,0.,0.,0.,0.001,0.,0.001,0.001,0.,0.001,0.001,0.,0.001,0.,0.,0.
4,0,4,11,3,4,0.001,0.,0.001,0.001,0.,0.001,0.002,0.,0.002,0.001,0.,0.001,0.002,0.,0.002,0.,0.,0.
5,0,5,13,3,5,0.001,0.,0.001,0.001,0.,0.001,0.002,0.,0.002,0.001,0.,0.001,0.003,0.,0.003,0.001,0.,0.001
6,0,6,15,3,6,0.001,0.,0.001,0.002,0.,0.002,0.003,0.,0.003,0.001,0.,0.001,0.004,0.,0.004,0.001,0.,0.001
6,1,2,19,7,6,0.001,0.,0.001,0.001,0.,0.001,0.003,0.,0.003,0.001,0.,0.001,0.003,0.,0.003,0.001,0.,0.001
7,0,7,17,3,7,0.002,0.,0.001,0.001,0.,0.001,0.004,0.,0.004,0.001,0.,0.001,0.004,0.,0.004,0.001,0.,0.001
7,2,1,29,15,7,0.001,0.,0.001,0.,0.,0.,0.004,0.,0.004,0.002,0.,0.002,0.003,0.,0.003,0.001,0.,0.001
8,0,8,19,3,8,,,,,,,0.005,0.,0.005,0.001,0.,0.001,,,,,,
9,0,9,21,3,9,,,,,,,0.005,0.,0.005,0.002,0.,0.002,,,,,,
9,1,3,25,7,9,0.001,0.,0.001,0.001,0.,0.001,0.005,0.,0.005,0.002,0.,0.002,0.004,0.,0.004,0.002,0.,0.002
10,0,10,23,3,10,0.003,0.,0.003,,,,0.008,0.,0.008,0.002,0.,0.002,0.005,0.,0.005,0.002,0.,0.002
11,0,11,25,3,11,,,,,,,0.007,0.,0.007,0.002,0.,0.002,,,,,,
12,0,12,27,3,12,,,,,,,0.008,0.,0.008,0.002,0.,0.002,,,,,,
12,1,4,31,7,12,,,,,,,0.006,0.,0.006,0.003,0.,0.003,0.007,0.,0.007,,,
13,0,13,29,3,13,0.003,0.,0.003,0.002,0.,0.002,0.008,0.,0.008,0.003,0.,0.003,0.007,0.,0.007,0.003,0.,0.003
14,0,14,31,3,14,,,,,,,0.01,0.,0.01,0.003,0.,0.003,,,,,,
14,2,2,43,15,14,0.002,0.,0.002,0.001,0.,0.001,0.008,0.,0.008,0.004,0.,0.004,0.014,0.,0.014,0.002,0.,0.002
15,0,15,33,3,15,,,,,,,0.01,0.,0.01,0.004,0.,0.004,,,,,,
15,1,5,37,7,15,0.002,0.,0.002,0.002,0.,0.002,0.009,0.,0.009,0.003,0.,0.003,0.008,0.,0.008,0.004,0.,0.004
15,3,1,61,31,15,0.002,0.,0.002,0.001,0.,0.001,0.009,0.,0.009,0.005,0.,0.005,0.007,0.,0.007,0.002,0.,0.002
16,0,16,35,3,16,0.004,0.,0.004,,,,0.012,0.,0.012,0.003,0.,0.003,0.01,0.,0.01,0.004,0.,0.004
17,0,17,37,3,17,,,,,,,0.012,0.,0.012,0.005,0.,0.005,,,,,,
18,0,18,39,3,18,,,,,,,0.013,0.,0.013,0.004,0.,0.004,,,,,,
18,1,6,43,7,18,,,,,,,0.012,0.,0.012,0.004,0.,0.004,0.01,0.,0.01,,,
19,0,19,41,3,19,0.005,0.,0.005,0.004,0.,0.004,0.013,0.,0.013,0.006,0.,0.006,0.012,0.,0.012,0.005,0.,0.005
20,0,20,43,3,20,,,,,,,0.014,0.,0.014,0.005,0.,0.005,,,,,,
21,0,21,45,3,21,,,,,,,0.015,0.,0.015,0.005,0.,0.005,,,,,,
21,1,7,49,7,21,0.004,0.,0.004,0.004,0.,0.004,0.015,0.,0.015,0.005,0.,0.005,0.012,0.,0.012,0.012,0.,0.012
21,2,3,57,15,21,0.003,0.,0.003,0.003,0.,0.003,0.014,0.,0.014,0.006,0.,0.006,0.011,0.,0.011,0.004,0.,0.004
22,0,22,47,3,22,0.006,0.,0.006,,,,0.016,0.,0.016,0.006,0.,0.006,0.014,0.,0.014,0.007,0.,0.007
23,0,23,49,3,23,,,,,,,0.034,0.,0.034,0.024,0.,0.024,,,,,,
24,0,24,51,3,24,,,,,,,0.019,0.,0.019,0.007,0.,0.007,,,,,,
24,1,8,55,7,24,,,,,,,0.017,0.,0.017,0.007,0.,0.007,0.015,0.,0.015,,,
25,0,25,53,3,25,0.007,0.,0.007,0.007,0.,0.007,0.02,0.,0.02,0.007,0.,0.007,0.018,0.,0.018,0.009,0.,0.009
26,0,26,55,3,26,,,,,,,0.023,0.,0.023,0.011,0.,0.011,,,,,,
27,0,27,57,3,27,,,,,,,0.023,0.,0.023,0.008,0.,0.008,,,,,,
27,1,9,61,7,27,0.005,0.,0.005,0.005,0.002,0.002,0.021,0.,0.021,0.007,0.,0.007,0.018,0.,0.018,0.01,0.,0.01
28,0,28,59,3,28,0.008,0.,0.008,,,,0.025,0.,0.025,0.008,0.,0.008,0.034,0.,0.034,0.01,0.,0.01
28,2,4,71,15,28,0.004,0.,0.004,0.003,0.,0.003,0.023,0.,0.023,0.008,0.,0.008,0.015,0.,0.015,0.007,0.,0.007
29,0,29,61,3,29,,,,,,,0.026,0.,0.026,0.01,0.,0.01,,,,,,
30,0,30,63,3,30,,,,,,,0.048,0.,0.048,0.01,0.,0.01,,,,,,
30,1,10,67,7,30,,,,,,,0.024,0.,0.024,0.008,0.,0.008,0.02,0.,0.02,,,
30,3,2,91,31,30,0.004,0.,0.004,0.003,0.002,0.001,0.023,0.,0.023,0.009,0.,0.009,0.016,0.,0.016,0.009,0.,0.009
31,0,31,65,3,31,0.009,0.,0.009,0.008,0.,0.008,0.027,0.,0.027,0.024,0.,0.024,0.023,0.,0.023,0.013,0.,0.013
31,4,1,125,63,31,0.004,0.,0.004,0.002,0.,0.002,0.019,0.,0.019,0.012,0.,0.012,0.018,0.,0.018,0.004,0.,0.004
32,0,32,67,3,32,,,,,,,0.03,0.,0.03,0.01,0.,0.01,,,,,,
33,0,33,69,3,33,,,,,,,0.029,0.,0.029,0.01,0.,0.01,,,,,,
33,1,11,73,7,33,0.009,0.,0.009,0.007,0.,0.007,0.119,0.,0.119,0.013,0.,0.013,0.023,0.,0.023,0.015,0.,0.015
34,0,34,71,3,34,0.011,0.,0.011,,,,0.03,0.,0.03,0.011,0.,0.011,0.025,0.,0.025,0.032,0.011,0.02
35,0,35,73,3,35,,,,,,,0.031,0.,0.031,0.011,0.,0.011,,,,,,
35,2,5,85,15,35,0.005,0.,0.005,0.005,0.,0.005,0.032,0.,0.032,0.015,0.,0.015,0.021,0.,0.021,0.009,0.,0.009
36,0,36,75,3,36,,,,,,,0.059,0.,0.059,0.014,0.,0.014,,,,,,
36,1,12,79,7,36,,,,,,,0.034,0.,0.034,0.011,0.,0.011,0.026,0.,0.026,,,
37,0,37,77,3,37,0.029,0.,0.029,0.012,0.,0.012,0.035,0.,0.035,0.012,0.,0.012,0.044,0.,0.044,0.017,0.,0.017
38,0,38,79,3,38,,,,,,,0.035,0.,0.035,0.013,0.,0.013,,,,,,
39,0,39,81,3,39,,,,,,,0.037,0.,0.037,0.014,0.,0.014,,,,,,
39,1,13,85,7,39,0.01,0.,0.01,0.009,0.,0.009,0.041,0.,0.041,0.012,0.,0.012,0.029,0.,0.029,0.02,0.,0.02
40,0,40,83,3,40,0.012,0.,0.012,,,,0.039,0.,0.039,0.031,0.,0.031,0.033,0.,0.033,0.019,0.,0.019
41,0,41,85,3,41,,,,,,,0.04,0.,0.04,0.014,0.,0.014,,,,,,
42,0,42,87,3,42,,,,,,,0.045,0.,0.045,0.015,0.,0.015,,,,,,
42,1,14,91,7,42,,,,,,,0.044,0.,0.044,0.014,0.,0.014,0.033,0.,0.033,,,
42,2,6,99,15,42,0.008,0.,0.008,0.007,0.,0.007,0.044,0.,0.044,0.013,0.,0.013,0.028,0.,0.028,0.016,0.,0.016
43,0,43,89,3,43,0.017,0.,0.017,0.015,0.,0.015,0.044,0.,0.044,0.016,0.,0.016,0.037,0.,0.037,0.024,0.002,0.022
44,0,44,91,3,44,,,,,,,0.047,0.,0.047,0.019,0.,0.019,,,,,,
45,0,45,93,3,45,,,,,,,0.067,0.,0.067,0.017,0.,0.017,,,,,,
45,1,15,97,7,45,0.012,0.,0.012,0.03,0.,0.03,0.069,0.,0.069,0.015,0.,0.015,0.037,0.,0.037,0.022,0.,0.022
45,3,3,121,31,45,0.006,0.,0.006,0.006,0.,0.005,0.047,0.,0.047,0.015,0.,0.015,0.026,0.,0.026,0.009,0.,0.009
46,0,46,95,3,46,0.018,0.,0.018,,,,0.052,0.,0.052,0.016,0.,0.016,0.04,0.,0.04,0.04,0.,0.04
47,0,47,97,3,47,,,,,,,0.054,0.,0.054,0.018,0.,0.018,,,,,,
48,0,48,99,3,48,,,,,,,0.074,0.,0.074,0.019,0.,0.019,,,,,,
48,1,16,103,7,48,,,,,,,0.054,0.,0.054,0.017,0.,0.017,0.04,0.,0.04,,,
49,0,49,101,3,49,0.037,0.,0.037,0.034,0.003,0.031,0.056,0.,0.056,0.02,0.,0.02,0.059,0.,0.059,0.029,0.,0.029
49,2,7,113,15,49,0.009,0.,0.009,0.015,0.,0.015,0.056,0.,0.056,0.017,0.,0.017,0.034,0.,0.034,0.015,0.,0.015
50,0,50,103,3,50,,,,,,,0.149,0.,0.149,0.019,0.,0.019,,,,,,
51,0,51,105,3,51,,,,,,,0.062,0.,0.062,0.119,0.,0.119,,,,,,
51,1,17,109,7,51,0.017,0.,0.017,0.014,0.,0.014,0.062,0.,0.062,0.018,0.,0.018,0.044,0.,0.044,0.029,0.,0.029
52,0,52,107,3,52,0.022,0.,0.022,,,,0.063,0.,0.063,0.021,0.,0.021,0.047,0.,0.047,0.033,0.,0.033
53,0,53,109,3,53,,,,,,,0.095,0.,0.095,0.024,0.,0.024,,,,,,
54,0,54,111,3,54,,,,,,,0.067,0.,0.067,0.024,0.,0.024,,,,,,
54,1,18,115,7,54,,,,,,,0.065,0.,0.065,0.021,0.,0.021,0.045,0.,0.045,,,
55,0,55,113,3,55,0.026,0.002,0.023,0.022,0.,0.022,0.073,0.,0.073,0.027,0.,0.027,0.052,0.,0.052,0.035,0.,0.035
56,0,56,115,3,56,,,,,,,0.07,0.,0.07,0.055,0.,0.055,,,,,,
56,2,8,127,15,56,0.01,0.,0.01,0.01,0.,0.01,0.066,0.,0.066,0.019,0.,0.019,0.04,0.,0.04,0.02,0.,0.02
57,0,57,117,3,57,,,,,,,0.082,0.,0.082,0.024,0.,0.024,,,,,,
57,1,19,121,7,57,0.017,0.,0.017,0.017,0.,0.017,0.072,0.002,0.069,0.022,0.,0.022,0.049,0.,0.049,0.032,0.,0.032
58,0,58,119,3,58,0.028,0.,0.028,,,,0.092,0.,0.092,0.027,0.,0.027,0.149,0.,0.149,0.056,0.,0.056
59,0,59,121,3,59,,,,,,,0.079,0.,0.079,0.025,0.,0.025,,,,,,
60,0,60,123,3,60,,,,,,,0.104,0.,0.104,0.027,0.,0.027,,,,,,
60,1,20,127,7,60,,,,,,,0.084,0.,0.084,0.023,0.,0.023,0.053,0.,0.053,,,
60,3,4,151,31,60,0.009,0.,0.009,0.008,0.,0.008,0.085,0.003,0.082,0.021,0.,0.021,0.057,0.,0.057,0.013,0.,0.013
61,0,61,125,3,61,0.051,0.,0.051,0.039,0.,0.039,0.174,0.,0.174,0.027,0.,0.027,0.063,0.,0.063,0.043,0.,0.043
62,0,62,127,3,62,,,,,,,0.085,0.,0.085,0.03,0.,0.03,,,,,,
62,4,2,187,63,62,0.007,0.,0.007,0.005,0.,0.005,0.07,0.,0.07,0.023,0.,0.023,0.04,0.,0.04,0.019,0.,0.019
63,0,63,129,3,63,,,,,,,0.116,0.,0.116,0.029,0.,0.029,,,,,,
63,1,21,133,7,63,0.025,0.,0.025,0.03,0.,0.03,0.081,0.,0.081,0.026,0.003,0.022,0.057,0.,0.057,0.041,0.,0.041
63,2,9,141,15,63,0.013,0.,0.013,0.012,0.,0.012,0.079,0.,0.079,0.024,0.,0.024,0.044,0.,0.044,0.029,0.,0.029
63,5,1,253,127,63,0.007,0.,0.007,0.004,0.,0.004,0.083,0.,0.083,0.025,0.,0.025,0.039,0.,0.039,0.009,0.,0.009
64,0,64,131,3,64,0.03,0.,0.03,,,,0.089,0.,0.089,0.047,0.,0.047,0.091,0.,0.091,0.046,0.,0.046
65,0,65,133,3,65,,,,,,,0.09,0.,0.09,0.031,0.,0.031,,,,,,
66,0,66,135,3,66,,,,,,,0.096,0.,0.096,0.032,0.,0.032,,,,,,
66,1,22,139,7,66,,,,,,,0.096,0.,0.096,0.028,0.,0.028,0.062,0.,0.062,,,
67,0,67,137,3,67,0.032,0.,0.032,0.029,0.,0.029,0.11,0.,0.11,0.032,0.,0.032,0.071,0.,0.071,0.05,0.,0.05
68,0,68,139,3,68,,,,,,,,,,0.051,0.,0.051,,,,,,
69,0,69,141,3,69,,,,,,,,,,0.033,0.,0.033,,,,,,
69,1,23,145,7,69,0.024,0.,0.024,0.022,0.,0.022,0.095,0.,0.095,0.031,0.,0.031,0.066,0.,0.066,0.04,0.,0.04
70,0,70,143,3,70,0.032,0.,0.032,,,,,,,0.133,0.,0.133,0.076,0.,0.076,0.144,0.,0.144
70,2,10,155,15,70,0.014,0.,0.014,0.014,0.,0.014,0.097,0.,0.097,0.028,0.,0.028,0.054,0.,0.054,0.028,0.,0.028
71,0,71,145,3,71,,,,,,,,,,0.04,0.,0.04,,,,,,
72,0,72,147,3,72,,,,,,,,,,0.035,0.,0.035,,,,,,
72,1,24,151,7,72,,,,,,,,,,0.034,0.,0.034,0.071,0.,0.071,,,
73,0,73,149,3,73,0.036,0.,0.036,0.037,0.,0.037,,,,0.065,0.,0.065,0.08,0.,0.08,0.068,0.,0.068
74,0,74,151,3,74,,,,,,,0.117,0.,0.117,0.041,0.,0.041,,,,,,
75,0,75,153,3,75,,,,,,,,,,0.039,0.,0.039,,,,,,
75,1,25,157,7,75,0.026,0.,0.026,0.027,0.,0.027,,,,0.037,0.,0.037,0.076,0.,0.076,0.048,0.,0.048
75,3,5,181,31,75,0.012,0.,0.012,0.011,0.,0.011,0.131,0.,0.131,0.03,0.,0.03,0.071,0.,0.071,0.019,0.,0.019
76,0,76,155,3,76,0.13,0.,0.13,,,,,,,0.04,0.,0.04,0.103,0.,0.103,0.089,0.,0.089
77,0,77,157,3,77,,,,,,,,,,0.043,0.,0.043,,,,,,
77,2,11,169,15,77,0.016,0.,0.016,0.019,0.,0.019,,,,0.035,0.,0.035,0.066,0.,0.066,0.035,0.,0.035
78,0,78,159,3,78,,,,,,,,,,0.042,0.,0.042,,,,,,
78,1,26,163,7,78,,,,,,,0.133,0.,0.133,0.04,0.,0.04,0.078,0.,0.078,,,
79,0,79,161,3,79,0.037,0.,0.037,0.056,0.,0.056,,,,0.062,0.,0.062,0.117,0.,0.117,0.07,0.,0.07
80,0,80,163,3,80,,,,,,,,,,0.051,0.,0.051,,,,,,
81,0,81,165,3,81,,,,,,,0.139,0.,0.139,0.066,0.,0.066,,,,,,
81,1,27,169,7,81,0.032,0.,0.032,0.028,0.,0.028,,,,0.044,0.,0.044,0.081,0.,0.081,0.072,0.,0.072
82,0,82,167,3,82,0.039,0.,0.039,,,,,,,0.151,0.,0.151,0.2,0.,0.2,0.067,0.,0.067
83,0,83,169,3,83,,,,,,,,,,0.048,0.,0.048,,,,,,
84,0,84,171,3,84,,,,,,,,,,0.052,0.,0.051,,,,,,
84,1,28,175,7,84,,,,,,,,,,0.044,0.,0.044,0.087,0.,0.087,,,
84,2,12,183,15,84,0.019,0.,0.019,0.022,0.,0.022,0.135,0.,0.135,0.038,0.,0.038,0.077,0.,0.077,0.036,0.,0.036
85,0,85,173,3,85,0.069,0.,0.069,0.045,0.,0.045,,,,0.079,0.,0.079,0.128,0.,0.128,0.095,0.,0.095
86,0,86,175,3,86,,,,,,,,,,0.05,0.,0.05,,,,,,
87,0,87,177,3,87,,,,,,,,,,0.051,0.,0.051,,,,,,
87,1,29,181,7,87,0.034,0.,0.034,0.035,0.,0.035,0.152,0.,0.152,0.047,0.,0.047,0.097,0.,0.097,0.071,0.,0.071
88,0,88,179,3,88,0.045,0.,0.045,,,,0.16,0.,0.16,0.054,0.,0.054,0.115,0.,0.115,0.083,0.003,0.08
89,0,89,181,3,89,,,,,,,,,,0.069,0.,0.069,,,,,,
90,0,90,183,3,90,,,,,,,,,,0.057,0.,0.057,,,,,,
90,1,30,187,7,90,,,,,,,,,,0.047,0.,0.046,0.106,0.,0.106,,,
90,3,6,211,31,90,0.015,0.,0.015,0.015,0.,0.015,0.149,0.,0.149,0.036,0.,0.036,0.075,0.,0.075,0.042,0.,0.042
91,0,91,185,3,91,0.048,0.,0.048,0.05,0.,0.05,,,,0.079,0.,0.079,0.133,0.,0.133,0.105,0.,0.105
91,2,13,197,15,91,0.024,0.,0.024,0.023,0.,0.023,,,,0.044,0.,0.044,0.084,0.,0.084,0.045,0.,0.045
92,0,92,187,3,92,,,,,,,,,,0.07,0.,0.07,,,,,,
93,0,93,189,3,93,,,,,,,,,,0.061,0.,0.061,,,,,,
93,1,31,193,7,93,0.048,0.,0.048,0.034,0.,0.034,,,,0.05,0.,0.05,0.105,0.,0.105,0.075,0.,0.075
93,4,3,249,63,93,0.017,0.,0.017,0.01,0.,0.01,0.124,0.,0.124,0.04,0.,0.04,0.065,0.,0.065,0.02,0.,0.02
94,0,94,191,3,94,0.052,0.,0.052,,,,,,,0.067,0.,0.067,0.145,0.,0.145,0.204,0.,0.204
95,0,95,193,3,95,,,,,,,0.174,0.,0.174,0.063,0.,0.063,,,,,,
96,0,96,195,3,96,,,,,,,,,,0.068,0.,0.068,,,,,,
96,1,32,199,7,96,,,,,,,0.172,0.003,0.168,0.054,0.,0.054,0.106,0.,0.106,,,
97,0,97,197,3,97,0.07,0.,0.07,0.144,0.,0.144,,,,0.066,0.003,0.063,0.228,0.,0.228,0.12,0.,0.12
98,0,98,199,3,98,,,,,,,,,,0.072,0.,0.072,,,,,,
98,2,14,211,15,98,0.023,0.,0.023,0.027,0.,0.027,0.171,0.,0.171,0.051,0.,0.051,0.093,0.,0.093,0.052,0.,0.052
99,0,99,201,3,99,,,,,,,,,,0.075,0.,0.075,,,,,,
99,1,33,205,7,99,0.04,0.,0.04,0.042,0.,0.042,,,,0.055,0.,0.055,0.115,0.,0.115,0.079,0.,0.079
100,0,100,203,3,100,0.059,0.,0.059,,,,,,,0.076,0.,0.076,0.175,0.,0.175,0.101,0.,0.101
101,0,101,205,3,101,,,,,,,,,,0.072,0.,0.072,,,,,,
102,0,102,207,3,102,,,,,,,,,,0.077,0.,0.077,,,,,,
102,1,34,211,7,102,,,,,,,0.178,0.,0.178,0.061,0.,0.061,0.125,0.003,0.121,,,
103,0,103,209,3,103,0.08,0.,0.08,0.061,0.003,0.057,,,,0.077,0.,0.077,0.146,0.,0.146,0.124,0.003,0.121
104,0,104,211,3,104,,,,,,,,,,0.076,0.,0.076,,,,,,
105,0,105,213,3,105,,,,,,,,,,0.081,0.,0.081,,,,,,
105,1,35,217,7,105,0.046,0.,0.046,0.044,0.,0.044,,,,0.064,0.,0.064,0.134,0.,0.134,0.099,0.,0.099
105,2,15,225,15,105,0.03,0.,0.03,0.029,0.,0.029,,,,0.054,0.,0.054,0.102,0.,0.102,0.058,0.,0.058
105,3,7,241,31,105,0.019,0.,0.019,0.033,0.003,0.03,0.189,0.003,0.185,0.046,0.,0.046,0.103,0.,0.103,0.032,0.,0.032
106,0,106,215,3,106,0.172,0.,0.172,,,,,,,0.079,0.,0.079,0.175,0.,0.175,0.133,0.,0.133
107,0,107,217,3,107,,,,,,,,,,0.103,0.,0.103,,,,,,
108,0,108,219,3,108,,,,,,,,,,0.095,0.,0.095,,,,,,
108,1,36,223,7,108,,,,,,,,,,0.068,0.,0.068,0.144,0.,0.144,,,
109,0,109,221,3,109,0.093,0.,0.093,0.09,0.,0.09,,,,0.08,0.,0.08,0.161,0.,0.161,0.225,0.,0.225
110,0,110,223,3,110,,,,,,,,,,0.098,0.003,0.094,,,,,,
111,0,111,225,3,111,,,,,,,,,,0.097,0.,0.097,,,,,,
111,1,37,229,7,111,0.051,0.,0.051,0.048,0.,0.048,,,,0.067,0.,0.067,0.145,0.,0.145,0.1,0.,0.1
112,0,112,227,3,112,0.069,0.,0.069,,,,,,,0.085,0.,0.085,0.167,0.,0.167,0.14,0.,0.14
112,2,16,239,15,112,0.029,0.,0.029,0.031,0.,0.031,,,,0.059,0.,0.059,0.116,0.003,0.112,0.064,0.,0.064
113,0,113,229,3,113,,,,,,,,,,0.099,0.,0.099,,,,,,
114,0,114,231,3,114,,,,,,,,,,0.101,0.,0.101,,,,,,
114,1,38,235,7,114,,,,,,,,,,0.076,0.,0.076,0.158,0.003,0.154,,,
115,0,115,233,3,115,0.076,0.,0.076,0.071,0.,0.071,,,,0.092,0.,0.092,0.175,0.002,0.172,0.13,0.003,0.127
116,0,116,235,3,116,,,,,,,,,,0.085,0.,0.085,,,,,,
117,0,117,237,3,117,,,,,,,,,,0.093,0.,0.093,,,,,,
117,1,39,241,7,117,0.056,0.,0.056,0.054,0.,0.054,,,,0.084,0.,0.084,0.151,0.,0.151,0.109,0.,0.109
118,0,118,239,3,118,0.095,0.,0.095,,,,,,,0.097,0.,0.097,0.188,0.,0.188,0.173,0.,0.173
119,0,119,241,3,119,,,,,,,,,,0.091,0.,0.091,,,,,,
119,2,17,253,15,119,0.034,0.,0.034,0.037,0.,0.037,,,,0.072,0.,0.072,0.13,0.,0.13,0.076,0.,0.076
120,0,120,243,3,120,,,,,,,,,,0.098,0.,0.098,,,,,,
120,1,40,247,7,120,,,,,,,,,,0.084,0.,0.084,0.164,0.,0.163,,,
120,3,8,271,31,120,0.024,0.,0.024,0.025,0.,0.025,0.328,0.,0.328,0.059,0.,0.059,0.121,0.,0.121,0.054,0.,0.054
121,0,121,245,3,121,0.097,0.,0.097,0.08,0.,0.08,,,,0.104,0.,0.104,0.189,0.,0.189,0.171,0.,0.171
122,0,122,247,3,122,,,,,,,,,,0.104,0.,0.104,,,,,,
123,0,123,249,3,123,,,,,,,,,,0.106,0.,0.106,,,,,,
123,1,41,253,7,123,0.059,0.,0.059,0.058,0.,0.058,,,,0.09,0.,0.09,0.178,0.,0.178,0.126,0.,0.126
124,0,124,251,3,124,0.183,0.,0.183,,,,,,,0.099,0.,0.099,0.203,0.,0.203,0.169,0.,0.168
124,4,4,311,63,124,0.018,0.,0.018,0.02,0.,0.02,0.221,0.,0.221,0.061,0.,0.061,0.093,0.003,0.089,0.032,0.,0.032
125,0,125,253,3,125,,,,,,,,,,0.096,0.,0.096,,,,,,
126,0,126,255,3,126,,,,,,,,,,0.117,0.007,0.109,,,,,,
126,1,42,259,7,126,,,,,,,,,,0.094,0.,0.094,0.171,0.,0.171,,,
126,2,18,267,15,126,0.05,0.,0.05,0.04,0.,0.04,,,,0.077,0.,0.077,0.146,0.,0.146,0.083,0.,0.083
126,5,2,379,127,126,0.013,0.,0.013,0.012,0.,0.012,,,,0.058,0.,0.058,0.09,0.,0.09,0.022,0.,0.022
127,0,127,257,3,127,0.118,0.,0.118,0.102,0.,0.102,,,,0.103,0.,0.103,0.211,0.,0.211,0.176,0.,0.174
127,6,1,509,255,127,0.016,0.,0.016,0.008,0.,0.008,0.179,0.,0.179,0.066,0.,0.066,0.107,0.,0.107,0.017,0.,0.017
128,0,128,259,3,128,,,,,,,,,,0.111,0.,0.111,,,,,,
129,0,129,261,3,129,,,,,,,,,,0.113,0.,0.113,0.228,0.,0.228,,,
129,1,43,265,7,129,0.065,0.,0.065,0.074,0.,0.074,,,,0.097,0.,0.097,0.187,0.,0.187,0.13,0.003,0.126
130,0,130,263,3,130,0.091,0.,0.091,,,,,,,0.116,0.003,0.112,,,,0.171,0.,0.171
131,0,131,265,3,131,,,,,,,,,,0.119,0.003,0.115,,,,,,
132,0,132,267,3,132,,,,,,,,,,0.121,0.003,0.117,,,,,,
132,1,44,271,7,132,,,,,,,0.264,0.,0.264,0.104,0.,0.104,,,,,,
133,0,133,269,3,133,0.109,0.,0.109,0.206,0.,0.206,,,,0.118,0.,0.118,,,,0.183,0.,0.183
133,2,19,281,15,133,0.045,0.,0.045,0.041,0.,0.041,,,,0.085,0.,0.085,0.153,0.002,0.15,0.084,0.,0.084
134,0,134,271,3,134,,,,,,,,,,0.136,0.,0.136,,,,,,
135,0,135,273,3,135,,,,,,,,,,0.139,0.,0.139,,,,,,
135,1,45,277,7,135,0.069,0.,0.069,0.076,0.,0.076,,,,0.111,0.,0.111,,,,0.136,0.,0.136
135,3,9,301,31,135,0.029,0.,0.029,0.043,0.,0.043,0.31,0.,0.31,0.068,0.,0.068,0.225,0.003,0.221,0.052,0.,0.052
136,0,136,275,3,136,0.115,0.,0.115,,,,,,,0.141,0.,0.141,,,,0.193,0.003,0.189
137,0,137,277,3,137,,,,,,,,,,0.139,0.,0.139,,,,,,
138,0,138,279,3,138,,,,,,,,,,0.144,0.,0.143,,,,,,
138,1,46,283,7,138,,,,,,,,,,0.107,0.,0.107,,,,0.146,0.,0.146
139,0,139,281,3,139,0.108,0.,0.108,0.125,0.,0.125,,,,0.153,0.,0.153,,,,,,
140,0,140,283,3,140,,,,,,,,,,0.144,0.,0.144,,,,,,
140,2,20,295,15,140,0.049,0.,0.049,0.049,0.,0.049,,,,0.088,0.,0.088,,,,0.1,0.,0.1
141,0,141,285,3,141,,,,,,,,,,0.148,0.,0.148,,,,,,
141,1,47,289,7,141,0.077,0.,0.077,0.076,0.,0.076,,,,0.122,0.,0.122,,,,,,
142,0,142,287,3,142,0.116,0.,0.116,,,,,,,0.149,0.,0.149,,,,,,
143,0,143,289,3,143,,,,,,,,,,0.149,0.,0.149,,,,,,
144,0,144,291,3,144,,,,,,,,,,0.13,0.,0.13,,,,,,
144,1,48,295,7,144,,,,,,,,,,0.138,0.,0.138,,,,,,
145,0,145,293,3,145,0.12,0.,0.12,0.119,0.,0.119,,,,0.139,0.,0.139,,,,,,
146,0,146,295,3,146,,,,,,,,,,0.144,0.,0.144,,,,,,
147,0,147,297,3,147,,,,,,,,,,0.149,0.003,0.145,,,,,,
147,1,49,301,7,147,0.091,0.003,0.087,0.092,0.003,0.088,,,,0.143,0.,0.143,,,,,,
147,2,21,309,15,147,0.053,0.,0.053,0.06,0.,0.06,,,,0.106,0.,0.106,,,,,,
148,0,148,299,3,148,0.122,0.,0.122,,,,,,,0.149,0.,0.149,,,,,,
149,0,149,301,3,149,,,,,,,,,,0.154,0.,0.154,,,,,,
150,0,150,303,3,150,,,,,,,,,,0.151,0.,0.151,,,,,,
150,1,50,307,7,150,,,,,,,,,,0.133,0.,0.133,,,,,,
150,3,10,331,31,150,0.035,0.,0.035,0.033,0.,0.033,0.342,0.,0.342,0.082,0.,0.082,0.194,0.,0.194,0.084,0.,0.084
151,0,151,305,3,151,0.13,0.002,0.128,0.138,0.,0.138,,,,0.147,0.,0.147,,,,,,
152,0,152,307,3,152,,,,,,,,,,0.15,0.,0.15,,,,,,
153,0,153,309,3,153,,,,,,,,,,0.159,0.,0.159,,,,,,
153,1,51,313,7,153,0.098,0.,0.098,0.098,0.003,0.094,,,,0.139,0.,0.139,,,,,,
154,0,154,311,3,154,0.142,0.,0.142,,,,,,,0.159,0.,0.159,,,,,,
154,2,22,323,15,154,0.058,0.,0.058,0.059,0.,0.059,,,,0.11,0.,0.11,,,,,,
155,0,155,313,3,155,,,,,,,,,,0.164,0.,0.164,,,,,,
155,4,5,373,63,155,0.025,0.,0.025,0.021,0.,0.021,0.362,0.,0.362,0.079,0.,0.079,0.143,0.,0.143,0.053,0.,0.053
156,0,156,315,3,156,,,,,,,,,,0.163,0.,0.163,,,,,,
156,1,52,319,7,156,,,,,,,,,,0.155,0.003,0.147,,,,,,
157,0,157,317,3,157,0.144,0.002,0.141,0.236,0.,0.236,,,,0.156,0.,0.156,,,,,,
158,0,158,319,3,158,,,,,,,,,,0.183,0.,0.183,,,,,,
159,0,159,321,3,159,,,,,,,,,,0.166,0.,0.166,,,,,,
159,1,53,325,7,159,0.093,0.,0.093,0.099,0.,0.099,,,,0.155,0.,0.155,,,,,,
160,0,160,323,3,160,0.139,0.,0.139,,,,,,,0.163,0.,0.163,,,,,,
161,0,161,325,3,161,,,,,,,,,,0.192,0.,0.192,0.315,0.004,0.311,,,
161,2,23,337,15,161,0.06,0.,0.06,0.066,0.,0.066,,,,0.129,0.,0.129,,,,,,
162,0,162,327,3,162,,,,,,,,,,0.193,0.,0.193,,,,,,
162,1,54,331,7,162,,,,,,,,,,0.159,0.,0.159,,,,,,
163,0,163,329,3,163,0.155,0.,0.155,0.166,0.,0.166,,,,0.174,0.,0.174,,,,,,
164,0,164,331,3,164,,,,,,,,,,0.195,0.,0.195,,,,,,
165,0,165,333,3,165,,,,,,,,,,0.175,0.,0.175,,,,,,
165,1,55,337,7,165,0.096,0.,0.096,0.107,0.,0.107,,,,0.169,0.,0.169,,,,,,
165,3,11,361,31,165,0.041,0.,0.041,0.042,0.,0.042,0.409,0.,0.409,0.098,0.,0.098,0.185,0.,0.185,0.078,0.,0.078
166,0,166,335,3,166,0.149,0.003,0.145,,,,,,,0.174,0.,0.174,,,,,,
167,0,167,337,3,167,,,,,,,,,,0.192,0.,0.192,,,,,,
168,0,168,339,3,168,,,,,,,,,,0.191,0.,0.191,,,,,,
168,1,56,343,7,168,,,,,,,,,,0.163,0.,0.163,,,,,,
168,2,24,351,15,168,0.073,0.,0.073,0.064,0.,0.064,,,,0.124,0.,0.124,,,,,,
169,0,169,341,3,169,0.161,0.,0.161,0.168,0.,0.168,,,,0.2,0.,0.2,,,,,,
170,0,170,343,3,170,0.165,0.,0.165,,,,,,,,,,,,,0.307,0.,0.307
171,0,171,345,3,171,,,,0.159,0.,0.159,,,,,,,,,,,,
171,1,57,349,7,171,0.106,0.002,0.103,0.113,0.,0.113,,,,0.162,0.,0.162,0.305,0.004,0.301,0.215,0.,0.215
175,2,25,365,15,175,0.079,0.003,0.075,0.075,0.,0.075,,,,0.137,0.,0.136,0.251,0.,0.251,,,
180,3,12,391,31,180,0.051,0.,0.051,0.064,0.,0.064,0.44,0.003,0.436,0.109,0.,0.109,0.368,0.,0.368,0.19,0.,0.19
182,2,26,379,15,182,,,,,,,,,,,,,,,,0.17,0.003,0.166
186,4,6,435,63,186,0.031,0.,0.031,0.031,0.,0.031,,,,0.104,0.,0.104,,,,0.067,0.,0.067
189,5,3,505,127,189,0.021,0.,0.021,0.022,0.,0.022,,,,0.097,0.,0.097,0.175,0.004,0.171,0.041,0.,0.041
193,0,193,389,3,193,,,,,,,,,,,,,0.423,0.,0.422,,,
195,3,13,421,31,195,,,,0.055,0.,0.055,0.6,0.,0.6,,,,0.261,0.,0.261,0.136,0.003,0.133
197,0,197,397,3,197,,,,,,,,,,0.253,0.,0.253,,,,,,
199,0,199,401,3,199,0.222,0.,0.222,,,,,,,,,,,,,,,
200,0,200,403,3,200,,,,0.219,0.,0.219,,,,,,,,,,,,
204,0,204,411,3,204,,,,,,,,,,,,,,,,0.411,0.007,0.403
204,1,68,415,7,204,,,,,,,,,,0.241,0.,0.241,,,,0.3,0.,0.3
207,1,69,421,7,207,0.147,0.,0.147,,,,,,,,,,,,,,,
210,2,30,435,15,210,,,,,,,,,,0.185,0.,0.185,,,,,,
210,3,14,451,31,210,,,,0.063,0.,0.063,0.56,0.,0.56,,,,0.409,0.,0.409,0.12,0.002,0.118
213,1,71,433,7,213,,,,,,,,,,,,,0.437,0.,0.437,,,
216,1,72,439,7,216,,,,0.179,0.003,0.175,,,,,,,,,,,,
217,2,31,449,15,217,0.109,0.,0.109,,,,,,,,,,0.373,0.,0.373,,,
217,4,7,497,63,217,,,,,,,0.683,0.004,0.679,0.134,0.,0.134,0.237,0.003,0.233,0.091,0.,0.091
224,2,32,463,15,224,,,,,,,,,,,,,,,,0.253,0.003,0.249
225,0,225,453,3,225,,,,,,,,,,0.321,0.,0.321,0.567,0.004,0.563,,,
225,3,15,481,31,225,,,,0.184,0.,0.184,0.679,0.,0.679,0.18,0.,0.18,0.338,0.,0.338,0.151,0.,0.151
228,0,228,459,3,228,0.259,0.,0.259,,,,,,,,,,,,,,,
229,0,229,461,3,229,,,,0.284,0.,0.284,,,,,,,,,,,,
231,2,33,477,15,231,,,,0.116,0.,0.116,,,,,,,,,,,,
237,1,79,481,7,237,,,,,,,,,,0.295,0.,0.295,,,,0.418,0.003,0.414
238,0,238,479,3,238,,,,,,,,,,,,,,,,0.549,0.,0.549
240,3,16,511,31,240,0.072,0.,0.072,0.106,0.,0.106,0.757,0.,0.757,,,,0.378,0.,0.378,0.29,0.003,0.286
243,1,81,493,7,243,0.196,0.,0.196,,,,,,,,,,,,,,,
245,2,35,505,15,245,,,,,,,,,,0.27,0.,0.27,,,,,,
248,4,8,559,63,248,0.05,0.,0.05,,,,,,,0.166,0.,0.166,,,,0.104,0.,0.104
252,5,4,631,127,252,0.034,0.,0.034,0.033,0.,0.033,,,,0.156,0.,0.156,0.25,0.002,0.248,0.073,0.003,0.069
253,0,253,509,3,253,,,,,,,,,,0.394,0.,0.394,,,,,,
254,6,2,763,255,254,0.025,0.,0.025,0.024,0.,0.024,,,,0.136,0.,0.136,0.234,0.,0.234,0.05,0.,0.05
255,1,85,517,7,255,,,,,,,,,,,,,0.605,0.003,0.601,,,
255,3,17,541,31,255,,,,0.086,0.,0.086,0.92,0.003,0.916,,,,0.411,0.,0.411,0.185,0.,0.185
255,7,1,1021,511,255,0.026,0.003,0.022,0.018,0.,0.018,0.523,0.007,0.515,0.143,0.,0.143,0.249,0.,0.249,0.04,0.,0.04
257,0,257,517,3,257,0.34,0.,0.339,,,,,,,,,,0.706,0.003,0.702,,,
258,0,258,519,3,258,,,,0.371,0.008,0.363,,,,,,,,,,,,
259,2,37,533,15,259,0.154,0.,0.154,,,,,,,,,,0.513,0.,0.513,,,
261,1,87,529,7,261,,,,0.243,0.,0.243,,,,,,,,,,,,
266,2,38,547,15,266,,,,,,,,,,,,,,,,0.34,0.,0.339
270,1,90,547,7,270,,,,,,,,,,0.363,0.003,0.359,,,,0.516,0.,0.516
270,3,18,571,31,270,,,,0.115,0.,0.115,,,,0.225,0.,0.225,0.449,0.,0.449,0.208,0.,0.208
279,1,93,565,7,279,0.285,0.,0.285,,,,,,,,,,,,,,,
279,4,9,621,63,279,,,,0.061,0.,0.061,,,,0.204,0.,0.204,0.342,0.,0.342,,,
280,2,40,575,15,280,,,,,,,,,,0.325,0.003,0.321,,,,,,
281,0,281,565,3,281,,,,,,,,,,0.503,0.,0.503,,,,,,
283,0,283,569,3,283,0.551,0.012,0.538,,,,,,,,,,,,,,,
285,3,19,601,31,285,,,,0.12,0.,0.12,,,,,,,0.487,0.,0.487,0.349,0.,0.349
286,0,286,575,3,286,0.415,0.007,0.407,,,,,,,,,,,,,,,
287,0,287,577,3,287,,,,0.428,0.003,0.424,,,,,,,,,,,,
287,2,41,589,15,287,,,,0.173,0.,0.173,,,,,,,,,,,,
288,0,288,579,3,288,,,,,,,,,,0.651,0.003,0.647,,,,,,
300,3,20,631,31,300,0.114,0.,0.114,0.115,0.,0.115,,,,,,,0.521,0.003,0.517,0.237,0.,0.237
301,2,43,617,15,301,0.184,0.,0.184,,,,,,,,,,,,,,,
303,1,101,613,7,303,,,,,,,,,,0.484,0.,0.484,,,,,,
306,1,102,619,7,306,,,,0.323,0.003,0.319,,,,,,,,,,,,
309,0,309,621,3,309,,,,,,,,,,0.583,0.,0.583,,,,,,
310,4,10,683,63,310,0.075,0.,0.075,0.075,0.,0.075,,,,0.232,0.,0.232,,,,,,
315,0,315,633,3,315,0.496,0.004,0.492,,,,,,,,,,,,,,,
315,1,105,637,7,315,0.349,0.,0.349,,,,,,,,,,,,,,,
315,2,45,645,15,315,,,,,,,,,,0.405,0.,0.405,,,,,,
315,3,21,661,31,315,,,,0.254,0.,0.254,,,,0.331,0.,0.331,0.562,0.,0.562,0.332,0.,0.332
315,5,5,757,127,315,0.048,0.,0.048,0.049,0.002,0.046,,,,0.212,0.,0.212,,,,0.11,0.,0.11
316,0,316,635,3,316,,,,0.531,0.,0.531,,,,,,,,,,,,
330,3,22,691,31,330,,,,0.142,0.,0.142,,,,,,,0.607,0.,0.607,0.288,0.,0.288
336,1,112,679,7,336,,,,,,,,,,0.589,0.,0.589,,,,,,
337,0,337,677,3,337,,,,,,,,,,0.729,0.,0.729,,,,,,
341,4,11,745,63,341,0.082,0.,0.082,,,,,,,0.283,0.,0.283,,,,,,
342,0,342,687,3,342,,,,0.638,0.004,0.634,,,,,,,,,,,,
343,2,49,701,15,343,0.234,0.008,0.226,0.251,0.,0.251,,,,0.491,0.,0.491,,,,,,
345,3,23,721,31,345,,,,0.186,0.,0.186,,,,,,,0.677,0.003,0.672,0.318,0.,0.318
350,2,50,715,15,350,,,,,,,,,,0.52,0.,0.52,,,,,,
357,2,51,729,15,357,,,,,,,,,,0.5,0.,0.5,,,,,,
360,3,24,751,31,360,,,,0.285,0.,0.285,,,,,,,0.72,0.007,0.712,0.352,0.,0.352
364,2,52,743,15,364,,,,,,,,,,0.515,0.,0.514,,,,,,
371,2,53,757,15,371,,,,,,,,,,0.584,0.,0.584,,,,,,
372,4,12,807,63,372,0.095,0.,0.095,0.102,0.,0.102,,,,,,,,,,,,
375,3,25,781,31,375,,,,0.181,0.,0.181,,,,,,,0.805,0.,0.805,0.393,0.,0.393
378,2,54,771,15,378,,,,,,,,,,0.541,0.,0.541,,,,,,
378,5,6,883,127,378,0.062,0.,0.062,,,,,,,0.249,0.,0.249,,,,0.157,0.,0.157
381,6,3,1017,255,381,,,,0.056,0.,0.056,,,,,,,0.397,0.003,0.393,0.097,0.,0.097
385,0,385,773,3,385,,,,,,,,,,,,,1.477,0.016,1.461,,,
385,2,55,785,15,385,,,,,,,,,,0.665,0.,0.665,1.034,0.,1.034,,,
390,3,26,811,31,390,,,,0.21,0.,0.21,,,,,,,0.889,0.003,0.885,0.428,0.,0.428
392,2,56,799,15,392,,,,,,,,,,0.553,0.,0.553,,,,,,
399,2,57,813,15,399,,,,,,,,,,0.594,0.,0.594,,,,,,
403,4,13,869,63,403,0.112,0.,0.112,,,,,,,,,,0.667,0.003,0.663,,,
405,3,27,841,31,405,,,,0.211,0.003,0.208,,,,,,,,,,0.426,0.,0.426
406,2,58,827,15,406,,,,,,,,,,0.625,0.003,0.621,,,,,,
413,2,59,841,15,413,,,,,,,,,,0.657,0.,0.657,,,,,,
420,2,60,855,15,420,,,,,,,,,,0.664,0.,0.664,,,,,,
420,3,28,871,31,420,,,,0.231,0.003,0.227,,,,,,,,,,0.464,0.,0.464
427,0,427,857,3,427,,,,0.962,0.015,0.946,,,,,,,,,,,,
427,2,61,869,15,427,0.359,0.007,0.351,0.389,0.,0.389,,,,0.801,0.,0.801,,,,,,
434,2,62,883,15,434,,,,,,,,,,0.775,0.,0.775,,,,,,
434,4,14,931,63,434,0.141,0.,0.141,0.137,0.,0.137,,,,0.426,0.,0.426,,,,0.309,0.,0.309
435,3,29,901,31,435,,,,0.254,0.,0.254,,,,,,,,,,0.492,0.,0.492
441,2,63,897,15,441,,,,,,,,,,0.735,0.,0.735,,,,,,
441,5,7,1009,127,441,0.088,0.,0.088,,,,,,,0.341,0.,0.341,,,,,,
448,2,64,911,15,448,,,,,,,,,,0.762,0.,0.761,,,,,,
450,3,30,931,31,450,,,,0.272,0.,0.272,,,,,,,,,,0.565,0.003,0.561
455,2,65,925,15,455,,,,,,,,,,0.767,0.,0.767,,,,,,
462,2,66,939,15,462,,,,,,,,,,0.779,0.,0.779,,,,,,
465,3,31,961,31,465,,,,0.294,0.003,0.29,,,,,,,,,,0.575,0.003,0.571
465,4,15,993,63,465,0.157,0.,0.157,,,,,,,,,,,,,,,
469,2,67,953,15,469,,,,,,,,,,0.773,0.,0.773,,,,,,
476,2,68,967,15,476,,,,,,,,,,0.926,0.,0.926,,,,,,
480,3,32,991,31,480,,,,0.292,0.,0.292,,,,,,,,,,0.599,0.003,0.595
483,2,69,981,15,483,,,,,,,,,,0.895,0.02,0.875,,,,,,
490,2,70,995,15,490,,,,,,,,,,0.885,0.004,0.881,,,,,,
495,3,33,1021,31,495,,,,0.334,0.,0.333,,,,,,,,,,0.634,0.003,0.63
496,4,16,1055,63,496,0.172,0.,0.172,0.197,0.,0.197,,,,,,,,,,0.397,0.,0.397
497,2,71,1009,15,497,,,,,,,,,,0.892,0.004,0.888,,,,,,
504,2,72,1023,15,504,,,,,,,,,,1.159,0.,1.159,,,,,,
504,5,8,1135,127,504,0.107,0.,0.107,,,,,,,0.43,0.,0.43,,,,,,
505,0,505,1013,3,505,,,,,,,,,,1.545,0.,1.545,,,,,,
508,0,508,1019,3,508,1.216,0.,1.216,,,,,,,,,,,,,,,
508,6,4,1271,255,508,,,,0.069,0.,0.069,,,,,,,0.629,0.,0.628,,,
510,3,34,1051,31,510,,,,0.342,0.,0.342,,,,,,,,,,0.696,0.,0.696
511,2,73,1037,15,511,,,,0.541,0.,0.541,,,,,,,1.79,0.003,1.786,,,
511,8,1,2045,1023,511,0.053,0.,0.053,0.038,0.,0.038,,,,0.429,0.,0.429,0.592,0.,0.592,0.087,0.003,0.083
512,0,512,1027,3,512,,,,1.303,0.007,1.295,,,,,,,,,,,,
513,0,513,1029,3,513,,,,,,,,,,,,,2.481,0.,2.481,,,
525,3,35,1081,31,525,,,,0.337,0.,0.337,,,,,,,,,,0.736,0.,0.736
527,4,17,1117,63,527,0.197,0.,0.197,0.207,0.,0.207,,,,0.592,0.,0.592,,,,,,
540,3,36,1111,31,540,,,,0.348,0.,0.348,,,,,,,,,,0.772,0.,0.772
541,0,541,1085,3,541,,,,,,,,,,,,,,,,2.788,0.011,2.776
555,3,37,1141,31,555,,,,0.379,0.,0.379,,,,,,,,,,,,
558,4,18,1179,63,558,,,,0.232,0.,0.232,,,,,,,,,,,,
565,0,565,1133,3,565,1.891,0.,1.891,,,,,,,,,,,,,,,
567,5,9,1261,127,567,,,,,,,,,,,,,0.964,0.003,0.96,0.289,0.,0.288
570,3,38,1171,31,570,,,,0.388,0.,0.388,,,,,,,,,,,,
575,0,575,1153,3,575,,,,,,,,,,2.658,0.039,2.618,,,,,,
589,4,19,1241,63,589,0.253,0.,0.253,0.259,0.,0.259,,,,0.755,0.007,0.747,,,,,,
590,0,590,1183,3,590,,,,,,,,,,2.19,0.,2.189,,,,,,
593,0,593,1189,3,593,1.697,0.,1.697,,,,,,,,,,,,,,,
620,4,20,1303,63,620,,,,0.279,0.,0.279,,,,,,,,,,,,
651,4,21,1365,63,651,0.285,0.,0.285,0.316,0.,0.316,,,,0.835,0.,0.835,,,,,,
674,0,674,1351,3,674,,,,,,,,,,2.768,0.003,2.764,,,,,,
677,0,677,1357,3,677,2.207,0.007,2.199,,,,,,,,,,,,,,,
682,4,22,1427,63,682,,,,0.347,0.,0.347,,,,,,,,,,,,
683,0,683,1369,3,683,,,,2.25,0.,2.25,,,,,,,,,,,,
693,5,11,1513,127,693,0.178,0.,0.178,0.192,0.,0.192,,,,0.688,0.,0.688,,,,,,
769,0,769,1541,3,769,,,,,,,,,,,,,5.483,0.,5.483,,,
811,0,811,1625,3,811,,,,,,,,,,,,,,,,6.017,0.007,6.009
819,5,13,1765,127,819,,,,,,,,,,,,,1.879,0.008,1.871,0.591,0.003,0.587
1008,5,16,2143,127,1008,0.365,0.,0.365,0.388,0.,0.388,,,,1.546,0.003,1.541,,,,,,
1011,0,1011,2025,3,1011,,,,,,,,,,6.043,0.1,5.943,,,,,,
1016,0,1016,2035,3,1016,4.863,0.,4.863,,,,,,,,,,,,,,,
1023,9,1,4093,2047,1023,0.136,0.,0.136,0.079,0.,0.079,,,,1.122,0.,1.122,1.599,0.003,1.595,0.167,0.,0.167
1024,0,1024,2051,3,1024,,,,5.068,0.007,5.059,,,,,,,,,,,,
1025,0,1025,2053,3,1025,,,,,,,,,,,,,9.782,0.003,9.777,,,
1071,5,17,2269,127,1071,,,,,,,,,,,,,,,,1.037,0.008,1.029
1081,0,1081,2165,3,1081,,,,,,,,,,,,,,,,10.571,0.031,10.538
1323,5,21,2773,127,1323,0.648,0.,0.647,0.643,0.007,0.635,,,,2.411,0.,2.41,,,,,,
1365,0,1365,2733,3,1365,,,,9.043,0.056,8.986,,,,,,,,,,,,