param-n,cbn-regression-cubic-real,cbn-regression-cubic-sys,cbn-regression-cubic-user,cbv-regression-quadratic-real,cbv-regression-quadratic-sys,cbv-regression-quadratic-user,lazy-regression-quadratic-real,lazy-regression-quadratic-sys,lazy-regression-quadratic-user,native-compute(1)-regression-quadratic-real,native-compute(1)-regression-quadratic-sys,native-compute(1)-regression-quadratic-user,native-compute(2)-regression-quadratic-real,native-compute(2)-regression-quadratic-sys,native-compute(2)-regression-quadratic-user,simpl-regression-cubic-real,simpl-regression-cubic-sys,simpl-regression-cubic-user,vm-compute-regression-quadratic-real,vm-compute-regression-quadratic-sys,vm-compute-regression-quadratic-user
2,0.055,0.011,0.043,0.,0.,0.,0.,0.,0.,0.093,0.,0.005,0.088,0.001,0.003,0.055,0.003,0.051,0.,0.,0.
3,0.003,0.,0.003,0.,0.,0.,0.,0.,0.,0.09,0.004,0.,0.089,0.,0.004,0.003,0.,0.003,0.,0.,0.
4,0.007,0.,0.007,0.,0.,0.,0.,0.,0.,0.097,0.001,0.003,0.094,0.004,0.,0.007,0.,0.007,0.,0.,0.
5,0.012,0.,0.012,0.,0.,0.,0.,0.,0.,0.097,0.004,0.,0.09,0.,0.005,0.011,0.,0.011,0.,0.,0.
6,0.019,0.,0.019,0.,0.,0.,0.,0.,0.,0.092,0.,0.004,0.091,0.,0.005,0.02,0.,0.02,0.,0.,0.
7,0.027,0.,0.027,0.,0.,0.,0.,0.,0.,0.09,0.003,0.,0.089,0.,0.004,0.045,0.,0.044,0.,0.,0.
8,0.052,0.,0.052,0.,0.,0.,0.,0.,0.,0.09,0.003,0.001,0.095,0.003,0.001,0.037,0.,0.037,0.,0.,0.
9,0.05,0.,0.05,0.,0.,0.,0.,0.,0.,0.091,0.004,0.,0.091,0.004,0.,0.047,0.,0.047,0.,0.,0.
10,0.066,0.,0.066,0.,0.,0.,0.,0.,0.,0.097,0.,0.004,0.087,0.003,0.001,0.087,0.,0.087,0.,0.,0.
11,0.148,0.004,0.144,0.,0.,0.,,,,,,,,,,0.139,0.007,0.131,,,
12,0.164,0.003,0.161,,,,0.,0.,0.,,,,,,,0.094,0.,0.094,,,
13,0.115,0.,0.115,,,,,,,,,,,,,0.264,0.,0.264,,,
14,0.306,0.,0.306,,,,,,,,,,,,,0.223,0.008,0.215,,,
15,0.208,0.,0.208,,,,,,,,,,,,,0.193,0.,0.193,,,
16,0.207,0.,0.207,,,,,,,,,,,,,0.216,0.,0.216,,,
17,,,,,,,,,,,,,,,,0.371,0.,0.371,,,
18,0.432,0.,0.432,,,,0.,0.,0.,,,,,,,0.441,0.,0.44,,,
19,0.314,0.003,0.31,0.,0.,0.,,,,,,,,,,,,,,,
20,,,,,,,,,,,,,,,,0.391,0.,0.391,,,
22,0.618,0.,0.617,,,,,,,,,,,,,0.643,0.,0.643,,,
23,,,,,,,0.001,0.,0.001,,,,,,,,,,,,
24,,,,,,,,,,,,,,,,0.737,0.,0.737,,,
25,0.774,0.,0.774,,,,,,,,,,,,,,,,,,
26,,,,,,,,,,,,,,,,0.778,0.003,0.774,,,
28,0.919,0.,0.919,0.001,0.,0.001,0.001,0.,0.001,,,,,,,0.824,0.,0.824,,,
30,0.975,0.,0.975,,,,,,,,,,,,,1.029,0.,1.028,,,
32,,,,,,,,,,,,,,,,1.176,0.,1.176,,,
33,1.181,0.,1.181,,,,0.002,0.,0.002,,,,,,,,,,,,
34,,,,,,,,,,,,,,,,1.397,0.,1.397,,,
36,1.461,0.,1.461,0.001,0.,0.001,,,,,,,,,,,,,,,
39,,,,,,,0.002,0.,0.002,,,,,,,,,,,,
41,,,,,,,,,,,,,,,,2.201,0.,2.201,0.,0.,0.
43,2.426,0.003,2.422,,,,,,,,,,,,,,,,,,
44,,,,,,,0.002,0.,0.002,,,,,,,,,,,,
45,,,,0.003,0.,0.003,,,,,,,,,,,,,,,
47,,,,,,,,,,,,,,,,3.208,0.,3.208,,,
49,,,,,,,0.003,0.,0.003,,,,,,,,,,,,
50,3.48,0.,3.48,,,,,,,,,,,,,,,,,,
53,,,,0.003,0.,0.003,,,,,,,,,,,,,,,
54,,,,,,,0.004,0.,0.004,,,,,,,4.616,0.003,4.612,,,
56,4.657,0.,4.657,,,,,,,,,,,,,,,,,,
59,,,,,,,0.005,0.,0.005,,,,,,,,,,,,
60,,,,,,,,,,,,,,,,6.2,0.,6.199,,,
62,,,,0.003,0.,0.003,,,,,,,,,,,,,,,
63,6.786,0.,6.785,,,,,,,,,,,,,,,,,,
65,,,,,,,0.004,0.,0.004,,,,,,,,,,,,
67,,,,,,,,,,,,,,,,8.423,0.003,8.419,,,
70,8.872,0.003,8.867,,,,0.006,0.,0.006,,,,,,,,,,,,
71,,,,0.004,0.,0.004,,,,,,,,,,,,,,,
75,,,,,,,0.007,0.,0.007,,,,,,,,,,,,
79,,,,0.005,0.,0.005,,,,,,,,,,,,,,,
80,,,,,,,0.024,0.,0.024,,,,,,,,,,0.,0.,0.
86,,,,,,,0.008,0.,0.008,,,,,,,,,,,,
88,,,,0.006,0.,0.006,,,,,,,,,,,,,,,
91,,,,,,,0.008,0.,0.008,,,,,,,,,,,,
96,,,,0.007,0.,0.007,0.009,0.,0.009,,,,,,,,,,,,
101,,,,,,,0.009,0.,0.009,,,,,,,,,,,,
105,,,,0.007,0.,0.007,,,,,,,,,,,,,,,
106,,,,,,,0.012,0.,0.012,,,,,,,,,,,,
112,,,,,,,0.012,0.,0.012,,,,,,,,,,,,
113,,,,0.024,0.,0.024,,,,,,,,,,,,,,,
116,,,,,,,,,,0.154,0.,0.005,0.149,0.004,0.001,,,,,,
117,,,,,,,0.016,0.,0.016,,,,,,,,,,,,
120,,,,,,,,,,,,,,,,,,,0.,0.,0.
122,,,,0.01,0.,0.01,0.014,0.,0.014,,,,,,,,,,,,
127,,,,,,,0.039,0.,0.039,,,,,,,,,,,,
130,,,,0.01,0.,0.01,,,,,,,,,,,,,,,
133,,,,,,,0.016,0.,0.016,,,,,,,,,,,,
138,,,,,,,0.016,0.,0.016,,,,,,,,,,,,
139,,,,0.013,0.,0.013,,,,,,,,,,,,,,,
143,,,,,,,0.151,0.,0.151,,,,,,,,,,,,
148,,,,0.013,0.,0.013,0.018,0.,0.018,,,,,,,,,,,,
153,,,,,,,0.022,0.,0.022,,,,,,,,,,,,
156,,,,0.014,0.,0.014,,,,,,,,,,,,,,,
159,,,,,,,0.024,0.,0.024,,,,,,,,,,0.001,0.,0.001
164,,,,,,,0.046,0.,0.046,,,,,,,,,,,,
165,,,,0.016,0.,0.016,,,,,,,,,,,,,,,
169,,,,,,,0.024,0.,0.024,,,,,,,,,,,,
173,,,,0.038,0.,0.038,,,,,,,,,,,,,,,
174,,,,,,,0.027,0.,0.027,,,,,,,,,,,,
180,,,,,,,0.025,0.,0.025,,,,,,,,,,,,
182,,,,0.019,0.,0.019,,,,,,,,,,,,,,,
185,,,,,,,0.026,0.,0.026,,,,,,,,,,,,
190,,,,0.141,0.,0.141,0.027,0.,0.027,,,,,,,,,,,,
195,,,,,,,0.031,0.,0.031,,,,,,,,,,,,
198,,,,,,,,,,,,,,,,,,,0.001,0.,0.001
199,,,,0.022,0.,0.022,,,,,,,,,,,,,,,
200,,,,,,,0.049,0.,0.049,,,,,,,,,,,,
206,,,,,,,0.034,0.,0.034,,,,,,,,,,,,
208,,,,0.023,0.,0.023,,,,,,,,,,,,,,,
211,,,,,,,0.033,0.,0.033,,,,,,,,,,,,
216,,,,0.024,0.,0.024,0.062,0.003,0.058,,,,,,,,,,,,
221,,,,,,,0.171,0.003,0.168,,,,,,,,,,,,
225,,,,0.046,0.,0.046,,,,,,,,,,,,,,,
227,,,,,,,0.045,0.,0.045,,,,,,,,,,,,
229,,,,,,,,,,0.138,0.003,0.001,0.141,0.001,0.003,,,,,,
232,,,,,,,0.067,0.,0.067,,,,,,,,,,,,
233,,,,0.028,0.,0.028,,,,,,,,,,,,,,,
237,,,,,,,0.045,0.,0.045,,,,,,,,,,0.002,0.,0.002
242,,,,0.032,0.,0.032,0.049,0.,0.049,,,,,,,,,,,,
247,,,,,,,0.047,0.,0.047,,,,,,,,,,,,
250,,,,0.033,0.,0.033,,,,,,,,,,,,,,,
253,,,,,,,0.049,0.,0.049,,,,,,,,,,,,
258,,,,,,,0.064,0.,0.064,,,,,,,,,,,,
259,,,,0.035,0.,0.035,,,,,,,,,,,,,,,
263,,,,,,,0.075,0.,0.075,,,,,,,,,,,,
268,,,,0.037,0.,0.037,0.179,0.,0.179,,,,,,,,,,,,
273,,,,,,,0.055,0.,0.055,,,,,,,,,,,,
276,,,,0.056,0.,0.056,,,,,,,,,,,,,0.003,0.,0.003
279,,,,,,,0.08,0.,0.08,,,,,,,,,,,,
284,,,,,,,0.064,0.,0.064,,,,,,,,,,,,
285,,,,0.04,0.,0.04,,,,,,,,,,,,,,,
289,,,,,,,0.069,0.,0.069,,,,,,,,,,,,
292,,,,,,,0.133,0.012,0.121,,,,,,,,,,,,
293,,,,0.064,0.,0.064,,,,,,,,,,,,,,,
294,,,,,,,0.087,0.,0.087,,,,,,,,,,,,
300,,,,,,,0.07,0.,0.07,,,,,,,,,,,,
302,,,,0.164,0.,0.164,,,,,,,,,,,,,,,
305,,,,,,,0.227,0.,0.227,,,,,,,,,,,,
310,,,,0.045,0.,0.045,0.072,0.,0.072,,,,,,,,,,,,
315,,,,,,,0.098,0.,0.098,,,,,,,,,,,,
316,,,,,,,,,,,,,,,,,,,0.002,0.,0.002
319,,,,0.069,0.,0.069,,,,,,,,,,,,,,,
320,,,,,,,0.073,0.,0.073,,,,,,,,,,,,
326,,,,,,,0.077,0.,0.077,,,,,,,,,,,,
328,,,,0.05,0.,0.05,,,,,,,,,,,,,,,
331,,,,,,,0.095,0.,0.095,,,,,,,,,,,,
336,,,,0.06,0.,0.06,0.095,0.,0.095,,,,,,,,,,,,
341,,,,,,,0.093,0.,0.093,,,,,,,,,,,,
343,,,,,,,,,,0.141,0.005,0.,0.143,0.,0.006,,,,,,
345,,,,0.057,0.,0.057,,,,,,,,,,,,,,,
347,,,,,,,0.096,0.,0.096,,,,,,,,,,,,
352,,,,,,,0.097,0.,0.097,,,,,,,,,,,,
353,,,,0.073,0.,0.073,,,,,,,,,,,,,,,
355,,,,,,,,,,,,,,,,,,,0.003,0.,0.003
357,,,,,,,0.092,0.,0.092,,,,,,,,,,,,
362,,,,0.083,0.,0.083,0.099,0.,0.098,,,,,,,,,,,,
367,,,,,,,0.099,0.,0.099,,,,,,,,,,,,
370,,,,0.202,0.,0.202,,,,,,,,,,,,,,,
373,,,,,,,0.103,0.,0.103,,,,,,,,,,,,
378,,,,,,,0.107,0.,0.107,,,,,,,,,,,,
379,,,,0.067,0.,0.068,,,,,,,,,,,,,,,
383,,,,,,,0.115,0.,0.115,,,,,,,,,,,,
387,,,,0.09,0.,0.09,,,,,,,,,,,,,,,
388,,,,,,,0.118,0.,0.118,,,,,,,,,,,,
394,,,,,,,0.107,0.,0.107,,,,,,,,,,0.004,0.,0.004
396,,,,0.07,0.,0.07,,,,,,,,,,,,,,,
399,,,,,,,0.116,0.,0.116,,,,,,,,,,,,
404,,,,,,,0.146,0.003,0.142,,,,,,,,,,,,
405,,,,0.094,0.,0.094,,,,,,,,,,,,,,,
409,,,,,,,0.141,0.,0.141,,,,,,,,,,,,
413,,,,0.101,0.,0.101,,,,,,,,,,,,,,,
414,,,,,,,0.134,0.,0.134,,,,,,,,,,,,
420,,,,,,,0.177,0.003,0.173,,,,,,,,,,,,
422,,,,0.174,0.,0.174,,,,,,,,,,,,,,,
425,,,,,,,0.161,0.007,0.153,,,,,,,,,,,,
430,,,,0.08,0.,0.08,0.149,0.,0.149,,,,,,,,,,,,
433,,,,,,,,,,,,,,,,,,,0.004,0.,0.004
435,,,,,,,0.168,0.004,0.163,,,,,,,,,,,,
439,,,,0.085,0.,0.085,,,,,,,,,,,,,,,
441,,,,,,,0.185,0.003,0.181,,,,,,,,,,,,
446,,,,,,,0.155,0.,0.155,,,,,,,,,,,,
447,,,,0.088,0.,0.088,,,,,,,,,,,,,,,
451,,,,,,,0.176,0.,0.176,,,,,,,,,,,,
456,,,,0.092,0.,0.092,,,,0.143,0.,0.005,0.143,0.003,0.002,,,,,,
458,,,,0.162,0.007,0.154,,,,,,,,,,,,,,,
465,,,,0.1,0.,0.1,,,,,,,,,,,,,,,
469,,,,,,,0.174,0.003,0.17,,,,,,,,,,,,
472,,,,,,,,,,,,,,,,,,,0.005,0.,0.005
473,,,,0.099,0.,0.099,,,,,,,,,,,,,,,
482,,,,0.101,0.,0.101,,,,,,,,,,,,,,,
487,,,,,,,0.22,0.008,0.212,,,,,,,,,,,,
490,,,,0.106,0.,0.106,,,,,,,,,,,,,,,
499,,,,0.109,0.,0.109,,,,,,,,,,,,,,,
505,,,,,,,0.201,0.,0.201,,,,,,,,,,,,
507,,,,0.112,0.,0.112,,,,,,,,,,,,,,,
511,,,,,,,,,,,,,,,,,,,0.006,0.,0.006
516,,,,0.115,0.,0.115,,,,,,,,,,,,,,,
523,,,,,,,0.228,0.003,0.224,,,,,,,,,,,,
525,,,,0.126,0.,0.126,,,,,,,,,,,,,,,
533,,,,0.127,0.,0.127,,,,,,,,,,,,,,,
541,,,,,,,0.24,0.004,0.236,,,,,,,,,,,,
542,,,,0.134,0.,0.134,,,,,,,,,,,,,,,
550,,,,0.135,0.,0.135,,,,,,,,,,,,,,,
551,,,,,,,,,,,,,,,,,,,0.007,0.,0.007
559,,,,0.138,0.,0.138,0.271,0.,0.271,,,,,,,,,,,,
567,,,,0.139,0.,0.139,,,,,,,,,,,,,,,
570,,,,,,,,,,0.146,0.,0.007,0.143,0.003,0.003,,,,,,
576,,,,0.142,0.,0.142,,,,,,,,,,,,,,,
577,,,,,,,0.315,0.003,0.311,,,,,,,,,,,,
583,,,,,,,0.408,0.003,0.405,,,,,,,,,,,,
585,,,,0.149,0.,0.149,,,,,,,,,,,,,,,
590,,,,,,,,,,,,,,,,,,,0.008,0.,0.008
593,,,,0.156,0.,0.156,,,,,,,,,,,,,,,
595,,,,,,,0.319,0.,0.319,,,,,,,,,,,,
602,,,,0.153,0.,0.153,,,,,,,,,,,,,,,
610,,,,0.158,0.,0.158,,,,,,,,,,,,,,,
613,,,,,,,0.368,0.,0.368,,,,,,,,,,,,
619,,,,0.164,0.003,0.16,,,,,,,,,,,,,,,
627,,,,0.171,0.,0.171,,,,,,,,,,,,,,,
629,,,,,,,,,,,,,,,,,,,0.01,0.,0.01
631,,,,,,,0.339,0.,0.339,,,,,,,,,,,,
636,,,,0.171,0.,0.171,,,,,,,,,,,,,,,
644,,,,0.174,0.,0.174,,,,,,,,,,,,,,,
649,,,,,,,0.365,0.003,0.361,,,,,,,,,,,,
653,,,,0.179,0.,0.179,,,,,,,,,,,,,,,
662,,,,0.189,0.,0.189,,,,,,,,,,,,,,,
667,,,,,,,0.397,0.003,0.393,,,,,,,,,,,,
668,,,,,,,,,,,,,,,,,,,0.01,0.,0.01
670,,,,0.188,0.,0.188,,,,,,,,,,,,,,,
679,,,,0.194,0.,0.194,,,,,,,,,,,,,,,
684,,,,,,,,,,0.146,0.,0.008,0.143,0.004,0.004,,,,,,
685,,,,,,,0.405,0.004,0.401,,,,,,,,,,,,
687,,,,0.209,0.,0.208,,,,,,,,,,,,,,,
696,,,,0.203,0.,0.203,,,,,,,,,,,,,,,
703,,,,,,,0.493,0.,0.493,,,,,,,,,,,,
704,,,,0.21,0.,0.209,,,,,,,,,,,,,,,
707,,,,,,,,,,,,,,,,,,,0.011,0.,0.011
713,,,,0.209,0.,0.209,,,,,,,,,,,,,,,
721,,,,,,,0.481,0.,0.481,,,,,,,,,,,,
739,,,,,,,0.486,0.,0.486,,,,,,,,,,,,
744,,,,0.229,0.,0.229,,,,,,,,,,,,,,,
747,,,,,,,,,,,,,,,,,,,0.012,0.,0.012
757,,,,,,,0.488,0.,0.488,,,,,,,,,,,,
775,,,,0.255,0.,0.255,0.546,0.,0.546,,,,,,,,,,,,
786,,,,,,,,,,,,,,,,,,,0.013,0.,0.013
793,,,,,,,0.555,0.,0.555,,,,,,,,,,,,
797,,,,,,,,,,0.153,0.,0.008,0.151,0.004,0.005,,,,,,
806,,,,0.272,0.,0.272,,,,,,,,,,,,,,,
811,,,,,,,0.576,0.007,0.568,,,,,,,,,,,,
825,,,,,,,,,,,,,,,,,,,0.014,0.,0.014
829,,,,,,,0.602,0.007,0.594,,,,,,,,,,,,
837,,,,0.287,0.,0.287,,,,,,,,,,,,,,,
847,,,,,,,0.698,0.,0.698,,,,,,,,,,,,
864,,,,,,,,,,,,,,,,,,,0.016,0.,0.016
865,,,,,,,0.642,0.,0.642,,,,,,,,,,,,
868,,,,0.302,0.,0.301,,,,,,,,,,,,,,,
873,,,,,,,0.844,0.011,0.832,,,,,,,,,,,,
883,,,,,,,0.682,0.,0.682,,,,,,,,,,,,
898,,,,0.321,0.,0.321,,,,,,,,,,,,,,,
901,,,,,,,0.791,0.,0.791,,,,,,,,,,,,
903,,,,,,,,,,,,,,,,,,,0.017,0.,0.017
911,,,,,,,,,,0.157,0.004,0.006,0.156,0.003,0.006,,,,,,
914,,,,0.525,0.,0.524,,,,,,,,,,,,,,,
929,,,,0.352,0.003,0.348,,,,,,,,,,,,,,,
943,,,,,,,,,,,,,,,,,,,0.019,0.,0.019
960,,,,0.378,0.,0.378,,,,,,,,,,,,,,,
982,,,,,,,,,,,,,,,,,,,0.021,0.,0.021
991,,,,0.396,0.,0.396,0.841,0.,0.841,,,,,,,,,,,,
1021,,,,,,,,,,,,,,,,,,,0.022,0.,0.022
1022,,,,0.416,0.,0.416,,,,,,,,,,,,,,,
1025,,,,,,,,,,0.149,0.004,0.006,0.173,0.004,0.031,,,,,,
1053,,,,0.443,0.,0.443,,,,,,,,,,,,,,,
1060,,,,,,,,,,,,,,,,,,,0.047,0.,0.047
1081,,,,,,,1.073,0.,1.073,,,,,,,,,,,,
1084,,,,0.474,0.,0.474,,,,,,,,,,,,,,,
1099,,,,,,,,,,,,,,,,,,,0.029,0.,0.029
1115,,,,0.517,0.003,0.51,,,,,,,,,,,,,,,
1138,,,,,,,,,,0.151,0.003,0.008,0.151,0.004,0.007,,,,0.028,0.,0.028
1146,,,,0.53,0.003,0.526,,,,,,,,,,,,,,,
1164,,,,,,,1.531,0.019,1.511,,,,,,,,,,,,
1171,,,,,,,1.194,0.,1.194,,,,,,,,,,,,
1177,,,,0.528,0.,0.528,,,,,,,,,,,,,,,
1178,,,,,,,,,,,,,,,,,,,0.03,0.,0.03
1208,,,,0.535,0.,0.535,,,,,,,,,,,,,,,
1217,,,,,,,,,,,,,,,,,,,0.031,0.,0.032
1239,,,,0.572,0.,0.572,,,,,,,,,,,,,,,
1252,,,,,,,,,,0.156,0.004,0.009,0.154,0.,0.013,,,,,,
1256,,,,,,,,,,,,,,,,,,,0.034,0.,0.034
1261,,,,,,,1.442,0.011,1.43,,,,,,,,,,,,
1269,,,,0.612,0.003,0.608,,,,,,,,,,,,,,,
1295,,,,,,,,,,,,,,,,,,,0.035,0.,0.035
1300,,,,0.636,0.,0.636,,,,,,,,,,,,,,,
1331,,,,0.691,0.003,0.687,,,,,,,,,,,,,,,
1334,,,,,,,,,,,,,,,,,,,0.038,0.,0.038
1351,,,,,,,1.694,0.012,1.681,,,,,,,,,,,,
1362,,,,0.682,0.,0.682,,,,,,,,,,,,,,,
1365,,,,,,,,,,0.156,0.003,0.011,0.152,0.004,0.01,,,,,,
1370,,,,1.08,0.,1.08,,,,,,,,,,,,,,,
1374,,,,,,,,,,,,,,,,,,,0.039,0.,0.039
1393,,,,0.739,0.,0.733,,,,,,,,,,,,,,,
1413,,,,,,,,,,,,,,,,,,,0.04,0.,0.04
1424,,,,0.758,0.,0.758,,,,,,,,,,,,,,,
1441,,,,,,,1.798,0.,1.798,,,,,,,,,,,,
1452,,,,,,,,,,,,,,,,,,,0.042,0.,0.042
1454,,,,,,,2.128,0.003,2.124,,,,,,,,,,,,
1479,,,,,,,,,,0.158,0.007,0.013,0.156,0.003,0.012,,,,,,
1491,,,,,,,,,,,,,,,,,,,0.045,0.,0.045
1530,,,,,,,,,,,,,,,,,,,0.047,0.,0.047
1531,,,,,,,2.083,0.,2.083,,,,,,,,,,,,
1566,,,,0.951,0.,0.951,,,,,,,,,,,,,,,
1570,,,,,,,,,,,,,,,,,,,0.048,0.,0.048
1593,,,,,,,,,,0.156,0.007,0.011,0.16,0.004,0.013,,,,,,
1609,,,,,,,,,,,,,,,,,,,0.051,0.,0.051
1621,,,,,,,2.296,0.,2.296,,,,,,,,,,,,
1648,,,,,,,,,,,,,,,,,,,0.055,0.,0.055
1687,,,,,,,,,,,,,,,,,,,0.056,0.,0.056
1706,,,,,,,,,,0.157,0.,0.018,0.196,0.012,0.044,,,,,,
1709,,,,1.127,0.,1.127,,,,,,,,,,,,,,,
1711,,,,,,,2.587,0.,2.587,,,,,,,,,,,,
1726,,,,,,,,,,,,,,,,,,,0.057,0.,0.057
1765,,,,,,,,,,,,,,,,,,,0.064,0.,0.064
1801,,,,,,,2.713,0.019,2.693,,,,,,,,,,,,
1805,,,,,,,,,,,,,,,,,,,0.089,0.,0.089
1820,,,,,,,,,,0.17,0.,0.023,0.168,0.003,0.018,,,,,,
1826,,,,1.429,0.,1.428,,,,,,,,,,,,,,,
1844,,,,,,,,,,,,,,,,,,,0.068,0.,0.068
1851,,,,1.287,0.003,1.283,,,,,,,,,,,,,,,
1883,,,,,,,,,,,,,,,,,,,0.071,0.003,0.068
1922,,,,,,,,,,,,,,,,,,,0.078,0.,0.078
1933,,,,,,,,,,0.161,0.004,0.018,0.297,0.007,0.145,,,,,,
1961,,,,,,,,,,,,,,,,,,,0.204,0.,0.204
1993,,,,1.441,0.,1.441,,,,,,,,,,,,,,,
2001,,,,,,,,,,,,,,,,,,,0.081,0.,0.081
2013,,,,,,,,,,,,,,,,,,,0.135,0.003,0.131
2040,,,,,,,,,,,,,,,,,,,0.082,0.,0.082
2047,,,,,,,,,,0.158,0.002,0.02,0.159,0.005,0.018,,,,,,
2079,,,,,,,,,,,,,,,,,,,0.096,0.,0.096
2118,,,,,,,,,,,,,,,,,,,0.087,0.,0.087
2136,,,,1.675,0.,1.675,,,,,,,,,,,,,,,
2157,,,,,,,,,,,,,,,,,,,0.089,0.,0.089
2161,,,,,,,3.984,0.,3.983,0.167,0.007,0.022,0.171,0.003,0.023,,,,,,
2197,,,,,,,,,,,,,,,,,,,0.095,0.,0.095
2236,,,,,,,,,,,,,,,,,,,0.097,0.,0.097
2274,,,,,,,,,,0.177,0.,0.029,0.192,0.003,0.05,,,,,,
2275,,,,,,,,,,,,,,,,,,,0.098,0.,0.098
2278,,,,1.836,0.,1.836,,,,,,,,,,,,,,,
2282,,,,1.87,0.,1.869,,,,,,,,,,,,,,,
2314,,,,,,,,,,,,,,,,,,,0.129,0.,0.129
2353,,,,,,,,,,,,,,,,,,,0.107,0.,0.106
2388,,,,,,,,,,0.171,0.003,0.026,0.175,0.011,0.024,,,,,,
2392,,,,,,,,,,,,,,,,,,,0.119,0.,0.118
2420,,,,2.066,0.,2.066,,,,,,,,,,,,,,,
2432,,,,,,,,,,,,,,,,,,,0.119,0.,0.119
2471,,,,,,,,,,,,,,,,,,,0.127,0.,0.127
2502,,,,,,,,,,0.172,0.004,0.029,0.186,0.003,0.032,,,,,,
2510,,,,,,,,,,,,,,,,,,,0.126,0.,0.126
2521,,,,,,,5.555,0.024,5.529,,,,,,,,,,,,
2549,,,,,,,,,,,,,,,,,,,0.128,0.,0.128
2562,,,,2.337,0.007,2.329,,,,,,,,,,,,,,,
2588,,,,,,,,,,,,,,,,,,,0.131,0.,0.131
2615,,,,,,,,,,0.175,0.,0.034,0.177,0.,0.037,,,,,,
2628,,,,,,,,,,,,,,,,,,,0.133,0.,0.133
2667,,,,,,,,,,,,,,,,,,,0.135,0.,0.135
2705,,,,2.66,0.003,2.656,,,,,,,,,,,,,,,
2706,,,,,,,,,,,,,,,,,,,0.14,0.,0.14
2729,,,,,,,,,,0.187,0.004,0.037,0.18,0.004,0.033,,,,,,
2745,,,,,,,,,,,,,,,,,,,0.143,0.,0.143
2784,,,,,,,,,,,,,,,,,,,0.167,0.,0.167
2824,,,,,,,,,,,,,,,,,,,0.152,0.,0.152
2842,,,,,,,,,,0.207,0.007,0.058,0.182,0.003,0.038,,,,,,
2847,,,,2.829,0.,2.828,,,,,,,,,,,,,,,
2863,,,,,,,,,,,,,,,,,,,0.154,0.,0.154
2881,,,,,,,7.503,0.068,7.435,,,,,,,,,,,,
2902,,,,,,,,,,,,,,,,,,,0.166,0.,0.166
2941,,,,,,,,,,,,,,,,,,,0.17,0.,0.17
2956,,,,,,,,,,0.182,0.007,0.037,0.222,0.007,0.068,,,,,,
2980,,,,,,,,,,,,,,,,,,,0.171,0.,0.171
3019,,,,,,,,,,,,,,,,,,,0.193,0.,0.193
3059,,,,,,,,,,,,,,,,,,,0.305,0.,0.304
3070,,,,,,,,,,0.19,0.,0.047,0.338,0.015,0.181,,,,,,
3098,,,,,,,,,,,,,,,,,,,0.183,0.,0.183
3137,,,,,,,,,,,,,,,,,,,0.188,0.,0.188
3183,,,,,,,,,,0.195,0.015,0.036,0.188,0.007,0.041,,,,,,
3241,,,,,,,9.226,0.043,9.164,,,,,,,,,,,,
3268,,,,,,,,,,,,,,,,,,,0.2,0.,0.2
3297,,,,,,,,,,0.225,0.003,0.077,0.196,0.004,0.052,,,,,,
3398,,,,,,,,,,,,,,,,,,,0.217,0.,0.217
3410,,,,,,,,,,0.198,0.003,0.052,0.199,0.,0.054,,,,,,
3416,,,,4.153,0.003,4.149,,,,,,,,,,,,,,,
3524,,,,,,,,,,0.199,0.003,0.058,0.215,0.008,0.072,,,,,,
3529,,,,,,,,,,,,,,,,,,,0.25,0.,0.25
3601,,,,,,,11.23,0.,11.229,,,,,,,,,,,,
3638,,,,,,,,,,0.198,0.004,0.058,0.196,0.003,0.057,,,,,,
3660,,,,,,,,,,,,,,,,,,,0.254,0.,0.254
3674,,,,,,,,,,0.157,0.004,0.057,0.178,0.004,0.077,,,,,,
3751,,,,,,,,,,0.229,0.012,0.084,0.339,0.003,0.2,,,,,,
3790,,,,,,,,,,,,,,,,,,,0.264,0.,0.264
3865,,,,,,,,,,0.21,0.,0.072,0.241,0.008,0.089,,,,,,
3921,,,,,,,,,,,,,,,,,,,0.285,0.,0.285
3979,,,,,,,,,,0.219,0.004,0.071,0.206,0.,0.07,,,,,,
3985,,,,5.587,0.,5.586,,,,,,,,,,,,,,,
4024,,,,,,,,,,,,,,,,,,,0.327,0.,0.327
4052,,,,,,,,,,,,,,,,,,,0.303,0.,0.303
4092,,,,,,,,,,0.23,0.,0.081,0.235,0.019,0.078,,,,,,
4182,,,,,,,,,,,,,,,,,,,0.32,0.,0.32
4206,,,,,,,,,,0.224,0.,0.083,0.252,0.004,0.107,,,,,,
4313,,,,,,,,,,,,,,,,,,,0.349,0.,0.349
4319,,,,,,,,,,0.37,0.019,0.205,0.222,0.007,0.077,,,,,,
4433,,,,,,,,,,0.23,0.011,0.08,0.224,0.,0.086,,,,,,
4444,,,,,,,,,,,,,,,,,,,0.366,0.,0.366
4547,,,,,,,,,,0.238,0.007,0.089,0.233,0.004,0.09,,,,,,
4555,,,,7.185,0.,7.185,,,,,,,,,,,,,,,
4574,,,,,,,,,,,,,,,,,,,0.406,0.,0.406
4660,,,,,,,,,,0.248,0.003,0.1,0.243,0.004,0.097,,,,,,
4705,,,,,,,,,,,,,,,,,,,0.537,0.,0.537
4774,,,,,,,,,,0.239,0.,0.1,0.237,0.004,0.096,,,,,,
4836,,,,,,,,,,,,,,,,,,,0.44,0.,0.44
4887,,,,,,,,,,0.255,0.003,0.105,0.249,0.003,0.105,,,,,,
4966,,,,,,,,,,,,,,,,,,,0.494,0.,0.494
5001,,,,,,,,,,0.256,0.003,0.109,0.247,0.003,0.105,,,,,,
5097,,,,,,,,,,,,,,,,,,,0.472,0.,0.472
5115,,,,,,,,,,0.293,0.004,0.129,0.275,0.,0.117,,,,,,
5124,,,,9.22,0.008,9.211,,,,,,,,,,,,,,,
5228,,,,,,,,,,0.27,0.003,0.122,0.275,0.003,0.12,,,,0.517,0.,0.517
5342,,,,,,,,,,0.26,0.007,0.114,0.258,0.003,0.115,,,,,,
5358,,,,,,,,,,,,,,,,,,,0.528,0.,0.528
5456,,,,,,,,,,0.267,0.003,0.125,0.273,0.003,0.128,,,,,,
5489,,,,,,,,,,,,,,,,,,,0.571,0.,0.571
5569,,,,,,,,,,0.279,0.,0.133,0.281,0.004,0.135,,,,,,
5620,,,,,,,,,,,,,,,,,,,0.586,0.,0.586
5683,,,,,,,,,,0.292,0.004,0.141,0.279,0.004,0.135,,,,,,
5693,,,,11.168,0.016,11.148,,,,,,,,,,,,,,,
5750,,,,,,,,,,,,,,,,,,,0.747,0.,0.746
5796,,,,,,,,,,0.3,0.,0.148,0.291,0.007,0.144,,,,,,
5881,,,,,,,,,,,,,,,,,,,0.633,0.,0.633
5910,,,,,,,,,,0.296,0.011,0.14,0.301,0.004,0.153,,,,,,
6012,,,,,,,,,,,,,,,,,,,0.68,0.,0.68
6034,,,,,,,,,,,,,,,,,,,0.681,0.,0.681
6142,,,,,,,,,,,,,,,,,,,0.724,0.,0.724
6221,,,,,,,,,,0.302,0.003,0.16,0.325,0.004,0.176,,,,,,
6273,,,,,,,,,,,,,,,,,,,0.723,0.,0.723
6532,,,,,,,,,,0.336,0.004,0.184,0.329,0.007,0.179,,,,,,
6843,,,,,,,,,,0.336,0.007,0.189,0.383,0.011,0.205,,,,,,
6900,,,,,,,,,,,,,,,,,,,0.89,0.,0.89
7154,,,,,,,,,,0.369,0.004,0.212,0.365,0.003,0.218,,,,,,
7346,,,,,,,,,,0.482,0.,0.391,0.35,0.007,0.249,,,,,,
7465,,,,,,,,,,0.364,0.004,0.222,0.392,0.003,0.242,,,,,,
7527,,,,,,,,,,,,,,,,,,,1.129,0.,1.128
7776,,,,,,,,,,0.397,0.004,0.25,0.417,0.003,0.263,,,,,,
8045,,,,,,,,,,,,,,,,,,,1.335,0.,1.335
8087,,,,,,,,,,0.419,0.004,0.27,0.423,0.007,0.274,,,,,,
8154,,,,,,,,,,,,,,,,,,,1.226,0.,1.226
8398,,,,,,,,,,0.437,0.,0.295,0.47,0.004,0.311,,,,,,
8709,,,,,,,,,,0.462,0.003,0.313,0.478,0.016,0.32,,,,,,
8781,,,,,,,,,,,,,,,,,,,1.429,0.,1.429
9019,,,,,,,,,,0.491,0.012,0.337,0.493,0.008,0.341,,,,,,
9330,,,,,,,,,,0.52,0.003,0.367,0.518,0.004,0.366,,,,,,
9409,,,,,,,,,,,,,,,,,,,1.587,0.,1.587
9641,,,,,,,,,,0.55,0.007,0.388,0.53,0.,0.39,,,,,,
9952,,,,,,,,,,0.557,0.003,0.413,0.546,0.003,0.403,,,,,,
10036,,,,,,,,,,,,,,,,,,,1.803,0.,1.803
10056,,,,,,,,,,,,,,,,,,,1.839,0.007,1.831
10263,,,,,,,,,,0.558,0.007,0.412,0.567,0.004,0.425,,,,,,
10574,,,,,,,,,,0.608,0.007,0.45,0.607,0.004,0.461,,,,,,
10663,,,,,,,,,,,,,,,,,,,2.089,0.003,2.085
10885,,,,,,,,,,0.624,0.,0.475,0.655,0.008,0.492,,,,,,
11017,,,,,,,,,,0.796,0.003,0.697,0.781,0.023,0.66,,,,,,
11196,,,,,,,,,,0.646,0.007,0.493,0.665,0.012,0.508,,,,,,
11290,,,,,,,,,,,,,,,,,,,2.322,0.,2.322
11507,,,,,,,,,,0.682,0.004,0.537,0.675,0.007,0.522,,,,,,
11818,,,,,,,,,,0.725,0.007,0.559,0.704,0.004,0.562,,,,,,
11917,,,,,,,,,,,,,,,,,,,2.523,0.,2.523
12544,,,,,,,,,,,,,,,,,,,2.8,0.,2.799
13000,,,,,,,,,,0.805,0.003,0.657,0.81,0.019,0.652,,,,,,
14181,,,,,,,,,,0.956,0.004,0.813,0.935,0.007,0.792,,,,,,
14689,,,,,,,,,,1.219,0.003,1.12,1.028,0.011,0.917,,,,,,
15052,,,,,,,,,,,,,,,,,,,4.085,0.,4.082
15363,,,,,,,,,,1.091,0.007,0.943,1.137,0.004,0.987,,,,,,
16544,,,,,,,,,,1.29,0.003,1.136,1.271,0.,1.112,,,,,,
17561,,,,,,,,,,,,,,,,,,,5.415,0.007,5.406
17726,,,,,,,,,,1.445,0.011,1.281,1.451,0.024,1.28,,,,,,
18361,,,,,,,,,,1.428,0.007,1.327,1.505,0.,1.411,,,,,,
18908,,,,,,,,,,1.54,0.,1.398,1.577,0.007,1.427,,,,,,
20069,,,,,,,,,,,,,,,,,,,6.88,0.003,6.875
20089,,,,,,,,,,1.737,0.012,1.585,1.753,0.007,1.605,,,,,,
21271,,,,,,,,,,1.894,0.007,1.735,1.935,0.004,1.787,,,,,,
22452,,,,,,,,,,2.117,0.003,1.97,2.147,0.004,1.988,,,,,,
22578,,,,,,,,,,,,,,,,,,,8.953,0.,8.952
23634,,,,,,,,,,2.333,0.015,2.157,2.336,0.007,2.185,,,,,,
25086,,,,,,,,,,,,,,,,,,,11.313,0.008,11.304
28361,,,,,,,,,,3.32,0.008,3.17,3.309,0.011,3.154,,,,,,
33087,,,,,,,,,,4.47,0.003,4.325,4.535,0.003,4.381,,,,,,
37814,,,,,,,,,,5.854,0.011,5.699,5.908,0.016,5.744,,,,,,
42540,,,,,,,,,,7.261,0.004,7.108,7.201,0.003,7.053,,,,,,
47267,,,,,,,,,,8.772,0.004,8.622,8.884,0.023,8.717,,,,,,