param-n,abstract-regression-quadratic-real,abstract-regression-quadratic-sys,abstract-regression-quadratic-user,close-abstract-regression-quadratic-real,close-abstract-regression-quadratic-sys,close-abstract-regression-quadratic-user,ssr-rewrite!-regression-quadratic-real,ssr-rewrite!-regression-quadratic-sys,ssr-rewrite!-regression-quadratic-user,ssr-rewrite?-noop-regression-linear-real,ssr-rewrite?-noop-regression-linear-sys,ssr-rewrite?-noop-regression-linear-user
1,0.,0.,0.,0.,0.,0.,0.,0.,0.,0.,0.,0.
2,0.,0.,0.,0.,0.,0.,0.,0.,0.,0.,0.,0.
3,0.001,0.,0.001,0.,0.,0.,0.,0.,0.,0.,0.,0.
4,0.002,0.,0.002,0.,0.,0.,0.,0.,0.,0.,0.,0.
5,0.002,0.,0.002,0.,0.,0.,0.001,0.,0.001,0.,0.,0.
6,0.003,0.,0.003,0.001,0.,0.001,0.001,0.,0.001,0.,0.,0.
7,0.004,0.,0.004,0.002,0.,0.002,0.001,0.,0.001,0.,0.,0.
8,0.003,0.,0.003,0.001,0.,0.001,0.001,0.,0.001,0.,0.,0.
9,0.004,0.,0.004,0.002,0.,0.002,0.002,0.,0.002,0.,0.,0.
10,0.005,0.,0.005,0.002,0.,0.002,0.002,0.,0.002,0.,0.,0.
11,0.006,0.,0.006,0.003,0.,0.003,0.003,0.,0.003,0.,0.,0.
12,0.006,0.,0.006,0.003,0.,0.003,0.003,0.,0.003,0.,0.,0.
13,0.008,0.,0.008,0.003,0.,0.003,0.004,0.,0.004,0.,0.,0.
14,0.009,0.,0.009,0.004,0.,0.004,0.004,0.,0.004,0.,0.,0.
15,0.01,0.,0.01,0.005,0.,0.005,0.005,0.,0.005,0.,0.,0.
16,0.012,0.,0.012,0.005,0.,0.005,0.006,0.,0.006,0.,0.,0.
17,0.013,0.,0.013,0.005,0.,0.005,0.006,0.,0.006,0.,0.,0.
18,0.013,0.,0.013,0.006,0.,0.006,0.006,0.,0.006,0.,0.,0.
19,0.015,0.,0.015,0.013,0.,0.013,0.006,0.,0.006,0.,0.,0.
20,0.016,0.,0.016,0.008,0.,0.008,0.007,0.,0.007,0.,0.,0.
21,0.039,0.003,0.036,0.022,0.003,0.019,0.017,0.,0.017,0.,0.,0.
22,0.018,0.,0.018,0.009,0.,0.008,0.008,0.,0.008,0.,0.,0.
23,0.02,0.,0.02,0.009,0.,0.009,0.009,0.,0.009,0.,0.,0.
24,0.022,0.,0.022,0.011,0.,0.011,0.01,0.,0.01,0.,0.,0.
25,0.022,0.,0.022,0.011,0.,0.011,0.01,0.,0.01,0.,0.,0.
26,0.039,0.,0.039,0.012,0.,0.012,0.026,0.,0.026,0.,0.,0.
27,0.026,0.,0.026,0.013,0.,0.013,0.011,0.,0.011,0.,0.,0.
28,0.029,0.,0.029,0.014,0.,0.014,0.014,0.,0.014,0.,0.,0.
29,0.03,0.,0.03,0.014,0.,0.014,0.014,0.,0.014,0.,0.,0.
30,0.031,0.,0.031,0.015,0.,0.015,0.014,0.,0.014,0.,0.,0.
31,0.033,0.,0.033,0.018,0.,0.018,0.014,0.,0.014,0.,0.,0.
32,0.056,0.003,0.053,0.02,0.002,0.017,0.035,0.,0.035,0.,0.,0.
33,0.038,0.,0.038,0.021,0.,0.021,0.016,0.,0.016,0.,0.,0.
34,0.135,0.,0.135,0.023,0.,0.023,0.11,0.,0.11,0.,0.,0.
35,0.044,0.,0.044,0.024,0.,0.024,0.018,0.,0.018,0.,0.,0.
36,0.048,0.,0.048,0.025,0.,0.025,0.022,0.,0.022,0.,0.,0.
37,0.048,0.,0.048,0.026,0.,0.026,0.02,0.,0.02,0.,0.,0.
38,0.075,0.,0.075,0.028,0.,0.028,0.046,0.,0.046,0.,0.,0.
39,0.056,0.,0.056,0.031,0.,0.031,0.023,0.,0.023,0.,0.,0.
40,0.058,0.,0.058,0.031,0.,0.031,0.026,0.,0.026,0.,0.,0.
41,0.057,0.,0.057,0.032,0.,0.032,0.024,0.,0.024,0.,0.,0.
42,0.058,0.,0.058,0.031,0.,0.031,0.025,0.,0.025,0.,0.,0.
43,0.073,0.,0.073,0.041,0.,0.041,0.03,0.,0.03,0.,0.,0.
44,0.081,0.,0.081,0.053,0.,0.053,0.027,0.,0.027,0.,0.,0.
45,0.072,0.,0.072,0.039,0.,0.039,0.031,0.,0.031,0.,0.,0.
46,0.068,0.,0.068,0.038,0.,0.038,0.03,0.,0.03,0.,0.,0.
47,0.094,0.,0.094,0.043,0.,0.043,0.049,0.,0.049,0.,0.,0.
48,0.173,0.,0.173,0.048,0.,0.048,0.124,0.,0.124,0.,0.,0.
49,0.089,0.,0.089,0.049,0.,0.049,0.039,0.,0.039,0.,0.,0.
50,0.075,0.003,0.071,0.04,0.003,0.037,0.034,0.,0.033,0.,0.,0.
51,0.117,0.002,0.114,0.051,0.,0.051,0.064,0.002,0.062,0.,0.,0.
52,0.097,0.,0.097,0.053,0.,0.053,0.043,0.,0.043,0.,0.,0.
53,0.093,0.,0.093,0.053,0.,0.053,0.039,0.,0.039,0.,0.,0.
54,0.101,0.,0.101,0.054,0.,0.054,0.046,0.,0.046,0.,0.,0.
55,0.118,0.,0.117,0.055,0.,0.055,0.061,0.,0.061,0.,0.,0.
56,0.104,0.002,0.101,0.057,0.,0.057,0.046,0.002,0.043,0.,0.,0.
57,0.212,0.,0.212,0.166,0.,0.166,0.044,0.,0.044,0.,0.,0.
58,0.118,0.,0.118,0.069,0.,0.069,0.047,0.,0.047,0.,0.,0.
59,0.141,0.,0.141,0.065,0.,0.065,0.075,0.,0.075,0.,0.,0.
60,0.119,0.,0.119,0.069,0.,0.069,0.049,0.,0.049,0.,0.,0.
61,0.125,0.,0.125,0.074,0.,0.074,0.05,0.,0.05,0.,0.,0.
62,0.123,0.,0.123,0.068,0.,0.068,0.054,0.,0.054,0.,0.,0.
63,0.128,0.,0.128,0.069,0.,0.069,0.057,0.,0.057,0.,0.,0.
64,0.132,0.,0.132,0.07,0.,0.07,0.061,0.,0.061,0.,0.,0.
65,0.137,0.,0.137,0.076,0.,0.076,0.059,0.,0.059,0.,0.,0.
66,0.141,0.,0.141,0.079,0.,0.079,0.061,0.,0.061,0.,0.,0.
67,0.148,0.,0.148,0.085,0.,0.085,0.061,0.,0.061,0.,0.,0.
68,0.143,0.,0.143,0.079,0.,0.079,0.062,0.,0.062,0.,0.,0.
69,0.154,0.,0.154,0.084,0.,0.084,0.068,0.,0.068,0.,0.,0.
70,0.175,0.,0.175,0.09,0.,0.09,0.084,0.,0.084,0.,0.,0.
71,0.157,0.,0.157,0.088,0.,0.088,0.067,0.,0.067,0.,0.,0.
72,0.162,0.003,0.158,0.091,0.003,0.087,0.069,0.,0.069,0.,0.,0.
73,0.171,0.,0.171,0.101,0.,0.101,0.068,0.,0.068,0.,0.,0.
74,0.17,0.,0.17,0.096,0.,0.096,0.072,0.,0.072,0.,0.,0.
75,0.172,0.002,0.169,0.096,0.,0.096,0.074,0.002,0.072,0.,0.,0.
76,0.181,0.,0.181,0.103,0.,0.103,0.077,0.,0.077,0.,0.,0.
77,0.186,0.,0.186,0.107,0.,0.107,0.077,0.,0.077,0.,0.,0.
78,0.194,0.,0.194,0.112,0.,0.112,0.08,0.,0.08,0.,0.,0.
79,0.205,0.,0.205,0.122,0.,0.122,0.082,0.,0.082,0.,0.,0.
80,0.208,0.,0.208,0.122,0.,0.122,0.084,0.,0.084,0.,0.,0.
81,0.227,0.,0.227,0.135,0.,0.135,0.09,0.,0.09,0.,0.,0.
82,0.219,0.003,0.215,0.126,0.,0.126,0.091,0.003,0.087,0.,0.,0.
83,0.23,0.,0.23,0.137,0.,0.137,0.092,0.,0.092,0.,0.,0.
84,0.235,0.,0.235,0.136,0.,0.136,0.097,0.,0.097,0.,0.,0.
85,0.247,0.,0.247,0.146,0.,0.146,0.098,0.,0.098,0.,0.,0.
86,0.25,0.,0.25,0.146,0.,0.146,0.102,0.,0.102,0.,0.,0.
87,0.257,0.,0.257,0.149,0.,0.149,0.106,0.,0.106,0.,0.,0.
88,0.282,0.,0.282,0.166,0.,0.166,0.115,0.,0.115,0.,0.,0.
89,0.264,0.,0.264,0.158,0.,0.158,0.105,0.,0.105,0.,0.,0.
90,0.275,0.,0.275,0.161,0.,0.161,0.112,0.,0.112,0.,0.,0.
91,0.268,0.,0.268,0.157,0.,0.157,0.109,0.,0.109,0.,0.,0.
92,0.282,0.,0.282,0.169,0.,0.169,0.112,0.,0.112,0.,0.,0.
93,0.278,0.,0.278,0.16,0.,0.16,0.115,0.,0.115,0.,0.,0.
94,0.269,0.003,0.265,0.153,0.003,0.149,0.114,0.,0.114,0.,0.,0.
95,0.288,0.,0.288,0.163,0.,0.163,0.122,0.,0.122,0.,0.,0.
96,0.298,0.,0.298,0.166,0.,0.166,0.131,0.,0.131,0.,0.,0.
97,0.303,0.,0.303,0.172,0.,0.172,0.128,0.,0.128,0.,0.,0.
98,0.304,0.003,0.3,0.174,0.003,0.17,0.128,0.,0.128,0.,0.,0.
99,0.3,0.003,0.296,0.168,0.003,0.164,0.13,0.,0.13,0.,0.,0.
100,0.31,0.008,0.301,0.177,0.,0.177,0.131,0.007,0.123,0.,0.,0.
110,0.372,0.,0.372,0.208,0.,0.208,0.162,0.,0.162,0.,0.,0.
120,0.442,0.003,0.438,0.252,0.003,0.249,0.187,0.,0.187,0.,0.,0.
130,0.548,0.,0.548,0.332,0.,0.332,0.214,0.,0.214,0.,0.,0.
140,0.63,0.,0.63,0.358,0.,0.358,0.27,0.,0.27,0.,0.,0.
150,0.816,0.003,0.811,0.402,0.,0.401,0.413,0.003,0.409,0.,0.,0.
160,0.845,0.003,0.841,0.506,0.003,0.502,0.337,0.,0.337,0.,0.,0.
170,0.9,0.003,0.896,0.518,0.,0.518,0.38,0.003,0.376,0.,0.,0.
180,0.989,0.003,0.985,0.572,0.,0.572,0.414,0.003,0.41,0.,0.,0.
190,1.097,0.003,1.093,0.604,0.,0.604,0.49,0.003,0.486,0.,0.,0.
200,1.516,0.012,1.504,0.866,0.007,0.858,0.648,0.004,0.644,0.,0.,0.
210,1.385,0.003,1.381,0.809,0.,0.808,0.574,0.003,0.57,0.,0.,0.
220,1.571,0.,1.571,0.901,0.,0.901,0.667,0.,0.667,0.,0.,0.
230,1.612,0.,1.612,0.887,0.,0.886,0.723,0.,0.723,0.,0.,0.
240,1.74,0.003,1.736,1.,0.003,0.995,0.738,0.,0.738,0.,0.,0.
250,1.926,0.008,1.918,1.105,0.008,1.097,0.819,0.,0.819,0.,0.,0.
260,2.152,0.,2.152,1.267,0.,1.267,0.882,0.,0.882,0.,0.,0.
270,2.363,0.003,2.359,1.382,0.003,1.378,0.979,0.,0.979,0.,0.,0.
280,2.312,0.012,2.3,1.31,0.003,1.306,0.999,0.007,0.991,0.,0.,0.
290,2.626,0.,2.626,1.532,0.,1.531,1.092,0.,1.091,0.,0.,0.
300,2.79,0.024,2.765,1.554,0.015,1.538,1.234,0.008,1.226,0.,0.,0.
310,3.047,0.003,3.04,1.747,0.003,1.74,1.297,0.,1.297,0.,0.,0.
320,3.131,0.,3.131,1.779,0.,1.779,1.349,0.,1.349,0.,0.,0.
330,3.505,0.,3.505,2.026,0.,2.026,1.476,0.,1.476,0.,0.,0.
340,3.434,0.,3.433,1.905,0.,1.904,1.526,0.,1.526,0.,0.,0.
350,3.684,0.015,3.668,2.152,0.007,2.143,1.531,0.007,1.523,0.,0.,0.
360,3.96,0.,3.96,2.273,0.,2.273,1.684,0.,1.684,0.,0.,0.
370,4.024,0.003,4.02,2.265,0.,2.264,1.756,0.003,1.752,0.,0.,0.
380,4.272,0.004,4.267,2.367,0.003,2.363,1.901,0.,1.901,0.,0.,0.
390,4.99,0.032,4.957,3.017,0.008,3.009,1.97,0.024,1.946,0.,0.,0.
400,4.766,0.036,4.73,2.655,0.011,2.643,2.108,0.023,2.084,0.,0.,0.