param-n,autorewrite-noop-regression-quadratic-real,autorewrite-noop-regression-quadratic-sys,autorewrite-noop-regression-quadratic-user,try-rewrite!-noop-regression-quadratic-real,try-rewrite!-noop-regression-quadratic-sys,try-rewrite!-noop-regression-quadratic-user,try-rewrite-noop-regression-quadratic-real,try-rewrite-noop-regression-quadratic-sys,try-rewrite-noop-regression-quadratic-user,try-rewrite?-noop-regression-quadratic-real,try-rewrite?-noop-regression-quadratic-sys,try-rewrite?-noop-regression-quadratic-user,try-ssr-rewrite!-noop-regression-linear-real,try-ssr-rewrite!-noop-regression-linear-sys,try-ssr-rewrite!-noop-regression-linear-user,try-ssr-rewrite-noop-regression-linear-real,try-ssr-rewrite-noop-regression-linear-sys,try-ssr-rewrite-noop-regression-linear-user,try-ssr-rewrite?-noop-regression-linear-real,try-ssr-rewrite?-noop-regression-linear-sys,try-ssr-rewrite?-noop-regression-linear-user
1,0.,0.,0.,0.,0.,0.,0.,0.,0.,0.,0.,0.,0.,0.,0.,0.,0.,0.,0.,0.,0.
2,0.,0.,0.,0.,0.,0.,0.,0.,0.,0.,0.,0.,0.,0.,0.,0.,0.,0.,0.,0.,0.
3,0.,0.,0.,0.,0.,0.,0.,0.,0.,0.,0.,0.,0.,0.,0.,0.,0.,0.,0.,0.,0.
4,0.,0.,0.,0.,0.,0.,0.,0.,0.,0.,0.,0.,0.,0.,0.,0.,0.,0.,0.,0.,0.
8,0.,0.,0.,0.,0.,0.,0.,0.,0.,0.,0.,0.,0.,0.,0.,0.,0.,0.,0.,0.,0.
12,0.,0.,0.,0.,0.,0.,0.,0.,0.,0.,0.,0.,0.,0.,0.,0.,0.,0.,0.,0.,0.
16,0.,0.,0.,0.,0.,0.,0.,0.,0.,0.,0.,0.,0.,0.,0.,0.,0.,0.,0.,0.,0.
20,0.,0.,0.,0.,0.,0.,0.,0.,0.,0.,0.,0.,0.,0.,0.,0.,0.,0.,0.,0.,0.
24,0.,0.,0.,0.,0.,0.,0.,0.,0.,0.,0.,0.,0.,0.,0.,0.,0.,0.,0.,0.,0.
28,0.,0.,0.,0.,0.,0.,0.,0.,0.,0.,0.,0.,0.,0.,0.,0.,0.,0.,0.,0.,0.
32,0.,0.,0.,0.,0.,0.,0.019,0.,0.019,0.,0.,0.,0.,0.,0.,0.,0.,0.,0.,0.,0.
36,0.,0.,0.,0.,0.,0.,0.,0.,0.,0.,0.,0.,0.,0.,0.,0.,0.,0.,0.,0.,0.
40,0.,0.,0.,0.,0.,0.,0.,0.,0.,0.,0.,0.,0.,0.,0.,0.,0.,0.,0.,0.,0.
44,0.,0.,0.,0.,0.,0.,0.,0.,0.,0.,0.,0.,0.,0.,0.,0.,0.,0.,0.,0.,0.
48,0.,0.,0.,0.,0.,0.,0.,0.,0.,0.,0.,0.,0.,0.,0.,0.,0.,0.,0.,0.,0.
50,0.,0.,0.,0.,0.,0.,0.001,0.,0.,0.,0.,0.,0.,0.,0.,0.,0.,0.,0.,0.,0.
52,0.,0.,0.,0.,0.,0.,0.,0.,0.,0.,0.,0.,0.,0.,0.,0.,0.,0.,0.,0.,0.
56,0.,0.,0.,0.,0.,0.,0.,0.,0.,0.,0.,0.,0.,0.,0.,0.,0.,0.,0.,0.,0.
60,0.,0.,0.,0.,0.,0.,0.,0.,0.,0.,0.,0.,0.,0.,0.,0.,0.,0.,0.,0.,0.
64,0.001,0.,0.001,0.,0.,0.,0.,0.,0.,0.,0.,0.,0.,0.,0.,0.,0.,0.,0.,0.,0.
68,0.001,0.,0.001,0.001,0.,0.001,0.001,0.,0.001,0.,0.,0.,0.,0.,0.,0.,0.,0.,0.,0.,0.
72,0.001,0.,0.001,0.001,0.,0.001,0.001,0.,0.001,0.001,0.,0.001,0.,0.,0.,0.,0.,0.,0.,0.,0.
76,0.001,0.,0.001,0.001,0.,0.001,0.001,0.,0.001,0.001,0.,0.001,0.,0.,0.,0.,0.,0.,0.,0.,0.
80,0.001,0.001,0.,0.001,0.,0.,0.001,0.,0.001,0.001,0.,0.,0.,0.,0.,0.,0.,0.,0.,0.,0.
84,0.001,0.,0.001,0.001,0.,0.001,0.001,0.,0.001,0.001,0.,0.001,0.,0.,0.,0.,0.,0.,0.,0.,0.
88,0.001,0.,0.001,0.001,0.,0.001,0.04,0.003,0.037,0.001,0.,0.001,0.,0.,0.,0.,0.,0.,0.,0.,0.
92,0.001,0.,0.001,0.001,0.,0.001,0.001,0.,0.001,0.001,0.,0.001,0.,0.,0.,0.,0.,0.,0.,0.,0.
96,0.001,0.,0.001,0.001,0.,0.001,0.001,0.,0.001,0.001,0.,0.001,0.,0.,0.,0.,0.,0.,0.,0.,0.
100,0.001,0.,0.001,0.001,0.,0.001,0.001,0.,0.001,0.001,0.,0.001,0.,0.,0.,0.,0.,0.,0.,0.,0.
104,0.001,0.,0.001,0.001,0.,0.001,0.001,0.,0.001,0.001,0.,0.001,0.,0.,0.,0.,0.,0.,0.,0.,0.
108,0.001,0.,0.001,0.001,0.,0.001,0.001,0.,0.001,0.001,0.,0.001,0.,0.,0.,0.,0.,0.,0.,0.,0.
112,0.001,0.001,0.,0.001,0.001,0.,0.001,0.,0.001,0.001,0.,0.001,0.,0.,0.,0.,0.,0.,0.,0.,0.
116,0.002,0.,0.002,0.002,0.,0.002,0.001,0.,0.001,0.001,0.,0.001,0.,0.,0.,0.,0.,0.,0.,0.,0.
120,0.001,0.,0.001,0.001,0.,0.001,0.001,0.,0.001,0.001,0.,0.001,0.,0.,0.,0.,0.,0.,0.,0.,0.
124,0.002,0.,0.002,0.022,0.,0.022,0.002,0.,0.002,0.002,0.,0.002,0.,0.,0.,0.,0.,0.,0.,0.,0.
128,0.001,0.,0.001,0.001,0.,0.001,0.001,0.,0.001,0.002,0.,0.002,0.,0.,0.,0.,0.,0.,0.,0.,0.
132,0.002,0.,0.002,0.002,0.,0.002,0.002,0.,0.002,0.002,0.,0.002,0.,0.,0.,0.,0.,0.,0.,0.,0.
136,0.002,0.,0.002,0.002,0.,0.002,0.002,0.,0.002,0.002,0.,0.002,0.,0.,0.,0.,0.,0.,0.,0.,0.
140,0.002,0.,0.002,0.002,0.,0.002,0.002,0.,0.002,0.002,0.,0.002,0.,0.,0.,0.,0.,0.,0.,0.,0.
144,0.002,0.,0.002,0.002,0.,0.002,0.002,0.,0.002,0.002,0.,0.002,0.,0.,0.,0.,0.,0.,0.,0.,0.
148,0.118,0.,0.118,0.002,0.,0.002,0.002,0.,0.002,0.002,0.,0.002,0.,0.,0.,0.,0.,0.,0.,0.,0.
150,0.002,0.,0.002,0.002,0.,0.002,0.002,0.,0.002,0.002,0.,0.002,0.,0.,0.,0.,0.,0.,0.,0.,0.
152,0.002,0.,0.002,0.002,0.,0.002,0.002,0.,0.002,0.002,0.,0.002,0.,0.,0.,0.,0.,0.,0.,0.,0.
156,0.002,0.,0.002,0.003,0.,0.003,0.002,0.,0.002,0.002,0.,0.002,0.,0.,0.,0.,0.,0.,0.,0.,0.
160,0.002,0.,0.002,0.002,0.,0.002,0.002,0.,0.002,0.002,0.,0.002,0.,0.,0.,0.,0.,0.,0.,0.,0.
164,0.002,0.002,0.,0.002,0.,0.002,0.002,0.,0.002,0.002,0.,0.002,0.,0.,0.,0.,0.,0.,0.,0.,0.
168,0.003,0.,0.003,0.003,0.,0.003,0.003,0.,0.003,0.002,0.,0.002,0.,0.,0.,0.,0.,0.,0.,0.,0.
172,0.003,0.,0.003,0.003,0.,0.003,0.003,0.,0.003,0.003,0.,0.003,0.,0.,0.,0.,0.,0.,0.,0.,0.
176,0.003,0.,0.003,0.003,0.,0.003,0.003,0.,0.003,0.003,0.,0.003,0.,0.,0.,0.,0.,0.,0.,0.,0.
180,0.003,0.,0.003,0.002,0.,0.002,0.003,0.,0.003,0.003,0.,0.003,0.,0.,0.,0.,0.,0.,0.,0.,0.
184,0.003,0.,0.003,0.027,0.,0.027,0.003,0.,0.003,0.003,0.,0.003,0.,0.,0.,0.,0.,0.,0.,0.,0.
188,0.003,0.,0.003,0.003,0.,0.003,0.003,0.,0.003,0.004,0.,0.004,0.,0.,0.,0.,0.,0.,0.,0.,0.
192,0.003,0.,0.003,0.003,0.,0.003,0.004,0.,0.003,0.003,0.,0.003,0.,0.,0.,0.,0.,0.,0.,0.,0.
196,0.003,0.,0.003,0.003,0.,0.003,0.003,0.,0.003,0.004,0.,0.004,0.,0.,0.,0.,0.,0.,0.,0.,0.
200,0.003,0.,0.003,0.003,0.,0.003,0.003,0.,0.003,0.003,0.,0.003,0.,0.,0.,0.,0.,0.,0.,0.,0.
204,0.004,0.,0.004,0.004,0.,0.004,0.003,0.,0.003,0.003,0.,0.003,0.,0.,0.,0.,0.,0.,0.,0.,0.
208,0.004,0.,0.004,0.003,0.,0.003,0.003,0.,0.003,0.003,0.,0.003,0.,0.,0.,0.,0.,0.,0.,0.,0.
212,0.004,0.,0.004,0.004,0.,0.004,0.004,0.,0.004,0.004,0.,0.004,0.,0.,0.,0.,0.,0.,0.,0.,0.
216,0.004,0.,0.004,0.003,0.,0.003,0.004,0.,0.004,0.003,0.,0.003,0.,0.,0.,0.,0.,0.,0.,0.,0.
220,0.004,0.,0.004,0.003,0.,0.003,0.003,0.,0.003,0.004,0.,0.004,0.,0.,0.,0.,0.,0.,0.,0.,0.
224,0.004,0.,0.004,0.004,0.,0.004,0.004,0.,0.004,0.004,0.,0.004,0.,0.,0.,0.,0.,0.,0.,0.,0.
228,0.005,0.,0.005,0.006,0.,0.006,0.006,0.,0.006,0.006,0.,0.006,0.,0.,0.,0.,0.,0.,0.,0.,0.
232,0.004,0.,0.004,0.004,0.,0.004,0.004,0.,0.004,0.004,0.,0.004,0.,0.,0.,0.,0.,0.,0.,0.,0.
236,0.004,0.,0.004,0.005,0.,0.005,0.004,0.,0.004,0.004,0.,0.004,0.,0.,0.,0.,0.,0.,0.,0.,0.
240,0.004,0.,0.004,0.004,0.,0.004,0.005,0.,0.005,0.027,0.,0.027,0.,0.,0.,0.,0.,0.,0.,0.,0.
244,0.005,0.,0.005,0.004,0.,0.004,0.005,0.,0.005,0.005,0.,0.005,0.,0.,0.,0.,0.,0.,0.,0.,0.
248,0.005,0.,0.005,0.005,0.,0.005,0.005,0.,0.005,0.005,0.,0.005,0.,0.,0.,0.,0.,0.,0.,0.,0.
250,0.005,0.,0.005,0.005,0.,0.005,0.005,0.,0.005,0.004,0.,0.004,0.,0.,0.,0.,0.,0.,0.,0.,0.
252,0.005,0.,0.005,0.006,0.,0.006,0.005,0.,0.005,0.007,0.,0.007,0.,0.,0.,0.,0.,0.,0.,0.,0.
256,0.005,0.,0.005,0.005,0.,0.005,0.006,0.,0.006,0.005,0.,0.005,0.,0.,0.,0.,0.,0.,0.,0.,0.
260,0.005,0.,0.005,0.005,0.,0.005,0.005,0.,0.005,0.005,0.,0.005,0.,0.,0.,0.,0.,0.,0.,0.,0.
264,0.03,0.,0.03,0.006,0.,0.006,0.005,0.,0.005,0.005,0.,0.005,0.,0.,0.,0.,0.,0.,0.,0.,0.
268,0.005,0.,0.005,0.005,0.,0.005,0.006,0.,0.006,0.006,0.,0.006,0.,0.,0.,0.,0.,0.,0.,0.,0.
272,0.005,0.,0.005,0.006,0.,0.006,0.128,0.,0.128,0.005,0.,0.005,0.,0.,0.,0.,0.,0.,0.,0.,0.
276,0.006,0.,0.006,0.005,0.,0.005,0.006,0.,0.006,0.006,0.,0.006,0.,0.,0.,0.,0.,0.,0.,0.,0.
280,0.006,0.,0.006,0.005,0.,0.005,0.006,0.,0.006,0.006,0.,0.006,0.,0.,0.,0.,0.,0.,0.,0.,0.
284,0.005,0.,0.005,0.006,0.003,0.002,0.006,0.,0.006,0.006,0.,0.006,0.,0.,0.,0.,0.,0.,0.,0.,0.
288,0.006,0.,0.006,0.006,0.,0.006,0.006,0.,0.006,0.006,0.,0.006,0.,0.,0.,0.,0.,0.,0.,0.,0.
292,0.03,0.,0.03,0.006,0.,0.006,0.006,0.,0.006,0.006,0.,0.006,0.,0.,0.,0.,0.,0.,0.,0.,0.
296,0.006,0.,0.006,0.006,0.,0.006,0.007,0.,0.007,0.006,0.,0.006,0.,0.,0.,0.,0.,0.,0.,0.,0.
300,0.006,0.,0.006,0.006,0.,0.006,0.006,0.,0.006,0.007,0.,0.007,0.,0.,0.,0.,0.,0.,0.,0.,0.
304,0.007,0.,0.007,0.007,0.,0.007,0.006,0.,0.006,0.006,0.,0.006,0.,0.,0.,0.,0.,0.,0.,0.,0.
308,0.006,0.,0.006,0.01,0.,0.01,0.007,0.,0.007,0.007,0.,0.007,0.,0.,0.,0.,0.,0.,0.,0.,0.
312,0.007,0.,0.007,0.006,0.,0.006,0.006,0.,0.006,0.007,0.,0.007,0.,0.,0.,0.,0.,0.,0.,0.,0.
316,0.007,0.,0.007,0.007,0.,0.007,0.007,0.,0.007,0.007,0.,0.007,0.,0.,0.,0.,0.,0.,0.,0.,0.
320,0.007,0.,0.007,0.007,0.,0.007,0.007,0.,0.007,0.006,0.,0.006,0.,0.,0.,0.,0.,0.,0.,0.,0.
324,0.008,0.,0.008,0.007,0.,0.007,0.007,0.,0.007,0.007,0.,0.007,0.,0.,0.,0.,0.,0.,0.,0.,0.
328,0.029,0.,0.029,0.008,0.,0.008,0.008,0.,0.008,0.007,0.,0.007,0.,0.,0.,0.,0.,0.,0.,0.,0.
332,0.007,0.,0.007,0.008,0.,0.008,0.008,0.,0.008,0.009,0.,0.009,0.,0.,0.,0.,0.,0.,0.,0.,0.
336,0.007,0.,0.007,0.008,0.,0.008,0.008,0.,0.008,0.008,0.,0.008,0.,0.,0.,0.,0.,0.,0.,0.,0.
340,0.008,0.,0.008,0.008,0.,0.008,0.031,0.,0.031,0.009,0.,0.009,0.,0.,0.,0.,0.,0.,0.,0.,0.
344,0.009,0.,0.009,0.008,0.,0.008,0.008,0.,0.008,0.008,0.,0.008,0.,0.,0.,0.,0.,0.,0.,0.,0.
348,0.009,0.,0.009,0.129,0.,0.129,0.009,0.,0.009,0.01,0.,0.01,0.,0.,0.,0.,0.,0.,0.,0.,0.
350,0.008,0.,0.008,0.016,0.,0.016,0.007,0.,0.007,0.008,0.,0.008,0.,0.,0.,0.,0.,0.,0.,0.,0.
352,0.008,0.,0.008,0.009,0.,0.009,0.009,0.,0.009,0.008,0.,0.008,0.,0.,0.,0.,0.,0.,0.,0.,0.
356,0.011,0.,0.011,0.009,0.,0.009,0.009,0.,0.009,0.01,0.,0.01,0.,0.,0.,0.,0.,0.,0.,0.,0.
360,0.013,0.,0.013,0.011,0.,0.011,0.033,0.,0.033,0.009,0.,0.009,0.,0.,0.,0.,0.,0.,0.,0.,0.
364,0.008,0.,0.008,0.008,0.,0.008,0.009,0.,0.009,0.009,0.,0.009,0.,0.,0.,0.,0.,0.,0.,0.,0.
368,0.009,0.,0.009,0.016,0.,0.016,0.009,0.,0.009,0.009,0.,0.009,0.,0.,0.,0.,0.,0.,0.,0.,0.
372,0.009,0.,0.009,0.009,0.,0.009,0.009,0.,0.009,0.009,0.,0.009,0.,0.,0.,0.,0.,0.,0.,0.,0.
376,0.009,0.,0.009,0.009,0.,0.009,0.009,0.,0.009,0.009,0.,0.009,0.,0.,0.,0.,0.,0.,0.,0.,0.
380,0.01,0.,0.01,0.009,0.,0.009,0.009,0.,0.009,0.009,0.,0.009,0.,0.,0.,0.,0.,0.,0.,0.,0.
384,0.009,0.,0.009,0.01,0.,0.01,0.026,0.,0.026,0.01,0.,0.01,0.,0.,0.,0.,0.,0.,0.,0.,0.
388,0.009,0.,0.009,0.009,0.,0.009,0.009,0.,0.009,0.01,0.,0.01,0.,0.,0.,0.,0.,0.,0.,0.,0.
392,0.011,0.,0.011,0.012,0.,0.012,0.015,0.,0.015,0.016,0.,0.016,0.,0.,0.,0.,0.,0.,0.,0.,0.
396,0.011,0.,0.011,0.01,0.,0.01,0.01,0.,0.01,0.01,0.,0.01,0.,0.,0.,0.,0.,0.,0.,0.,0.
400,0.01,0.,0.01,0.01,0.,0.01,0.01,0.,0.01,0.023,0.,0.023,0.,0.,0.,0.,0.,0.,0.,0.,0.
404,0.01,0.,0.01,0.011,0.,0.011,0.011,0.,0.011,0.012,0.,0.012,0.,0.,0.,0.,0.,0.,0.,0.,0.
408,0.01,0.,0.01,0.015,0.,0.015,0.01,0.,0.01,0.01,0.,0.01,0.,0.,0.,0.,0.,0.,0.,0.,0.
412,0.011,0.,0.011,0.01,0.,0.01,0.011,0.,0.011,0.01,0.,0.01,0.,0.,0.,0.,0.,0.,0.,0.,0.
416,0.011,0.,0.011,0.011,0.,0.011,0.011,0.,0.011,0.011,0.,0.011,0.,0.,0.,0.,0.,0.,0.,0.,0.
420,0.011,0.,0.011,0.011,0.,0.011,0.012,0.,0.012,0.012,0.,0.012,0.,0.,0.,0.,0.,0.,0.,0.,0.
424,0.011,0.,0.011,0.011,0.,0.011,0.012,0.,0.012,0.011,0.,0.011,0.,0.,0.,0.,0.,0.,0.,0.,0.
428,0.012,0.,0.012,0.012,0.,0.012,0.011,0.,0.011,0.011,0.,0.011,0.,0.,0.,0.,0.,0.,0.,0.,0.
432,0.012,0.,0.012,0.011,0.,0.011,0.011,0.,0.011,0.011,0.,0.011,0.,0.,0.,0.,0.,0.,0.,0.,0.
436,0.011,0.,0.011,0.012,0.,0.012,0.015,0.,0.015,0.012,0.,0.012,0.,0.,0.,0.,0.,0.,0.,0.,0.
440,0.011,0.,0.011,0.012,0.,0.012,0.012,0.,0.012,0.012,0.,0.012,0.,0.,0.,0.,0.,0.,0.,0.,0.
444,0.012,0.,0.012,0.012,0.,0.012,0.013,0.,0.013,0.012,0.,0.012,0.,0.,0.,0.,0.,0.,0.,0.,0.
448,0.013,0.,0.013,0.013,0.,0.013,0.014,0.,0.014,0.014,0.,0.014,0.,0.,0.,0.,0.,0.,0.,0.,0.
452,0.012,0.,0.012,0.012,0.,0.012,0.012,0.,0.012,0.014,0.,0.014,0.,0.,0.,0.,0.,0.,0.,0.,0.
456,0.013,0.,0.013,0.012,0.,0.012,0.012,0.,0.012,0.015,0.,0.015,0.,0.,0.,0.,0.,0.,0.,0.,0.
460,0.011,0.,0.011,0.013,0.,0.013,0.014,0.,0.014,0.014,0.,0.014,0.,0.,0.,0.,0.,0.,0.,0.,0.
464,0.014,0.,0.014,0.013,0.,0.013,0.015,0.,0.015,0.013,0.,0.013,0.,0.,0.,0.,0.,0.,0.,0.,0.
468,0.012,0.,0.012,0.013,0.,0.013,0.014,0.,0.014,0.013,0.,0.013,0.,0.,0.,0.,0.,0.,0.,0.,0.
472,0.012,0.,0.012,0.012,0.,0.012,0.015,0.,0.015,0.013,0.,0.013,0.,0.,0.,0.,0.,0.,0.,0.,0.
476,0.012,0.,0.012,0.014,0.,0.014,0.015,0.,0.015,0.014,0.,0.014,0.,0.,0.,0.,0.,0.,0.,0.,0.
480,0.013,0.,0.013,0.013,0.,0.013,0.015,0.,0.015,0.014,0.,0.014,0.,0.,0.,0.,0.,0.,0.,0.,0.
484,0.015,0.,0.015,0.015,0.,0.015,0.015,0.,0.015,0.014,0.,0.014,0.,0.,0.,0.,0.,0.,0.,0.,0.
488,0.014,0.,0.014,0.015,0.,0.015,0.014,0.,0.014,0.014,0.003,0.01,0.,0.,0.,0.,0.,0.,0.,0.,0.
492,0.013,0.,0.013,0.015,0.,0.015,0.014,0.,0.014,0.014,0.,0.014,0.,0.,0.,0.,0.,0.,0.,0.,0.
496,0.014,0.,0.014,0.014,0.,0.014,0.015,0.,0.015,0.016,0.,0.016,0.,0.,0.,0.,0.,0.,0.,0.,0.
500,0.016,0.,0.016,0.015,0.,0.015,0.015,0.,0.015,0.014,0.,0.014,0.,0.,0.,0.,0.,0.,0.,0.,0.
504,0.015,0.,0.015,0.015,0.,0.015,0.016,0.,0.016,0.015,0.,0.015,0.,0.,0.,0.,0.,0.,0.,0.,0.
508,0.015,0.,0.015,0.013,0.,0.013,0.017,0.,0.017,0.016,0.,0.016,0.,0.,0.,0.,0.,0.,0.,0.,0.
512,0.017,0.,0.017,0.016,0.,0.016,0.017,0.,0.017,0.015,0.,0.015,0.,0.,0.,0.,0.,0.,0.,0.,0.
516,0.015,0.,0.015,0.016,0.,0.016,0.017,0.,0.017,0.014,0.,0.014,0.,0.,0.,0.,0.,0.,0.,0.,0.
520,0.017,0.,0.017,0.028,0.,0.028,0.016,0.,0.016,0.017,0.,0.017,0.,0.,0.,0.,0.,0.,0.,0.,0.
524,0.017,0.,0.017,0.017,0.,0.017,0.017,0.003,0.013,0.019,0.,0.019,0.,0.,0.,0.,0.,0.,0.,0.,0.
528,0.018,0.,0.018,0.017,0.,0.017,0.017,0.,0.017,0.016,0.,0.016,0.,0.,0.,0.,0.,0.,0.,0.,0.
532,0.017,0.,0.017,0.02,0.,0.02,0.017,0.,0.017,0.019,0.,0.019,0.,0.,0.,0.,0.,0.,0.,0.,0.
536,0.017,0.,0.017,0.018,0.,0.018,0.016,0.,0.016,0.016,0.,0.016,0.,0.,0.,0.,0.,0.,0.,0.,0.
540,0.016,0.,0.016,0.018,0.,0.018,0.018,0.,0.018,0.016,0.,0.016,0.,0.,0.,0.,0.,0.,0.,0.,0.
544,0.016,0.,0.016,0.017,0.,0.017,0.017,0.,0.017,0.018,0.,0.018,0.,0.,0.,0.,0.,0.,0.,0.,0.
548,0.018,0.,0.018,0.018,0.,0.018,0.017,0.,0.017,0.019,0.,0.019,0.,0.,0.,0.,0.,0.,0.,0.,0.
552,0.018,0.,0.018,0.018,0.,0.018,0.018,0.,0.018,0.019,0.,0.019,0.,0.,0.,0.,0.,0.,0.,0.,0.
556,0.018,0.,0.018,0.016,0.,0.016,0.018,0.,0.018,0.018,0.,0.018,0.,0.,0.,0.,0.,0.,0.,0.,0.
560,0.018,0.,0.018,0.02,0.,0.02,0.02,0.,0.02,0.024,0.,0.024,0.,0.,0.,0.,0.,0.,0.,0.,0.
564,0.018,0.,0.018,0.019,0.,0.019,0.018,0.,0.018,0.019,0.,0.019,0.,0.,0.,0.,0.,0.,0.,0.,0.
568,0.019,0.,0.019,0.019,0.,0.019,0.019,0.,0.019,0.02,0.,0.02,0.,0.,0.,0.,0.,0.,0.,0.,0.
572,0.02,0.,0.02,0.019,0.,0.019,0.019,0.,0.019,0.02,0.,0.02,0.,0.,0.,0.,0.,0.,0.,0.,0.
576,0.02,0.,0.02,0.021,0.,0.021,0.019,0.,0.019,0.02,0.,0.02,0.,0.,0.,0.,0.,0.,0.,0.,0.
580,0.019,0.,0.019,0.019,0.,0.019,0.019,0.,0.019,0.018,0.,0.018,0.,0.,0.,0.,0.,0.,0.,0.,0.
584,0.02,0.,0.02,0.019,0.,0.019,0.019,0.,0.019,0.02,0.,0.02,0.,0.,0.,0.,0.,0.,0.,0.,0.
588,0.02,0.,0.02,0.02,0.,0.02,0.019,0.,0.019,0.02,0.,0.02,0.,0.,0.,0.,0.,0.,0.,0.,0.
592,0.019,0.,0.019,0.021,0.,0.021,0.021,0.,0.021,0.021,0.,0.021,0.,0.,0.,0.,0.,0.,0.,0.,0.
596,0.02,0.,0.02,0.02,0.,0.02,0.02,0.,0.02,0.021,0.,0.021,0.,0.,0.,0.,0.,0.,0.,0.,0.
600,0.02,0.,0.02,0.019,0.,0.019,0.021,0.,0.021,0.021,0.,0.021,0.,0.,0.,0.,0.,0.,0.,0.,0.
604,0.02,0.,0.02,0.022,0.,0.022,0.021,0.,0.021,0.022,0.,0.022,0.,0.,0.,0.,0.,0.,0.,0.,0.
608,0.023,0.,0.023,0.021,0.,0.021,0.021,0.,0.021,0.023,0.,0.023,0.,0.,0.,0.,0.,0.,0.,0.,0.
612,0.021,0.,0.021,0.022,0.,0.022,0.021,0.,0.021,0.023,0.,0.023,0.,0.,0.,0.,0.,0.,0.,0.,0.
616,0.023,0.,0.023,0.022,0.,0.022,0.022,0.,0.022,0.023,0.,0.023,0.,0.,0.,0.,0.,0.,0.,0.,0.
620,0.026,0.,0.026,0.022,0.,0.022,0.022,0.,0.022,0.02,0.,0.02,0.,0.,0.,0.,0.,0.,0.,0.,0.
624,0.023,0.,0.023,0.023,0.,0.023,0.028,0.,0.028,0.024,0.,0.024,0.,0.,0.,0.,0.,0.,0.,0.,0.
628,0.022,0.,0.022,0.023,0.,0.023,0.023,0.,0.023,0.022,0.,0.022,0.,0.,0.,0.,0.,0.,0.,0.,0.
632,0.023,0.,0.023,0.022,0.,0.022,0.022,0.,0.022,0.023,0.,0.023,0.,0.,0.,0.,0.,0.,0.,0.,0.
636,0.025,0.,0.025,0.022,0.,0.022,0.023,0.,0.023,0.022,0.,0.022,0.,0.,0.,0.,0.,0.,0.,0.,0.
640,0.022,0.,0.022,0.022,0.,0.022,0.024,0.,0.024,0.023,0.,0.023,0.,0.,0.,0.,0.,0.,0.,0.,0.
644,0.022,0.,0.022,0.024,0.,0.024,0.024,0.,0.024,0.023,0.,0.023,0.,0.,0.,0.,0.,0.,0.,0.,0.
648,0.023,0.,0.023,0.022,0.,0.022,0.023,0.,0.023,0.023,0.,0.023,0.,0.,0.,0.,0.,0.,0.,0.,0.
652,0.023,0.,0.023,0.025,0.,0.025,0.022,0.003,0.019,0.025,0.,0.025,0.,0.,0.,0.,0.,0.,0.,0.,0.
656,0.025,0.,0.025,0.025,0.,0.025,0.025,0.,0.025,0.024,0.,0.024,0.,0.,0.,0.,0.,0.,0.,0.,0.
660,0.024,0.,0.024,0.025,0.,0.025,0.022,0.,0.022,0.023,0.,0.023,0.001,0.,0.001,0.,0.,0.,0.,0.,0.
664,0.023,0.,0.023,0.026,0.,0.026,0.024,0.,0.024,0.024,0.,0.024,0.,0.,0.,0.,0.,0.,0.,0.,0.
668,0.026,0.,0.026,0.026,0.,0.026,0.026,0.,0.026,0.026,0.,0.026,0.,0.,0.,0.,0.,0.,0.,0.,0.
672,0.025,0.,0.025,0.026,0.,0.026,0.024,0.,0.024,0.024,0.,0.024,0.,0.,0.,0.,0.,0.,0.,0.,0.
676,0.024,0.,0.024,0.025,0.,0.025,0.026,0.,0.026,0.024,0.,0.024,0.,0.,0.,0.,0.,0.,0.,0.,0.
680,0.025,0.,0.025,0.025,0.,0.025,0.026,0.,0.026,0.026,0.,0.026,0.,0.,0.,0.,0.,0.,0.,0.,0.
684,0.025,0.,0.025,0.025,0.,0.025,0.026,0.,0.026,0.025,0.,0.025,0.,0.,0.,0.,0.,0.,0.001,0.,0.001
688,0.026,0.,0.025,0.026,0.,0.026,0.026,0.,0.026,0.025,0.,0.025,0.,0.,0.,0.,0.,0.,0.,0.,0.
692,0.027,0.,0.027,0.025,0.,0.025,0.027,0.,0.027,0.025,0.,0.025,0.,0.,0.,0.,0.,0.,0.,0.,0.
696,0.026,0.,0.026,0.026,0.,0.026,0.025,0.,0.025,0.027,0.,0.027,0.,0.,0.,0.,0.,0.,0.,0.,0.
700,0.027,0.,0.027,0.028,0.,0.028,0.028,0.,0.028,0.027,0.,0.027,0.,0.,0.,0.,0.,0.,0.,0.,0.
704,0.027,0.,0.027,0.028,0.,0.028,0.027,0.,0.027,0.028,0.,0.028,0.,0.,0.,0.,0.,0.,0.,0.,0.
708,0.028,0.003,0.024,0.027,0.,0.027,0.028,0.,0.028,0.028,0.,0.028,0.,0.,0.,0.,0.,0.,0.,0.,0.
712,0.03,0.,0.03,0.027,0.,0.027,0.027,0.,0.027,0.031,0.,0.031,0.,0.,0.,0.,0.,0.,0.,0.,0.
716,0.03,0.,0.03,0.029,0.,0.029,0.028,0.,0.028,0.031,0.,0.031,0.,0.,0.,0.,0.,0.,0.,0.,0.
720,0.029,0.,0.029,0.027,0.,0.027,0.029,0.,0.029,0.032,0.,0.032,0.,0.,0.,0.,0.,0.,0.,0.,0.
724,0.03,0.,0.03,0.031,0.,0.031,0.029,0.,0.029,0.029,0.,0.029,0.,0.,0.,0.,0.,0.,0.,0.,0.
728,0.03,0.,0.03,0.031,0.,0.031,0.028,0.,0.028,0.032,0.,0.032,0.,0.,0.,0.,0.,0.,0.,0.,0.
732,0.028,0.,0.028,0.029,0.,0.029,0.03,0.,0.03,0.028,0.,0.028,0.,0.,0.,0.,0.,0.,0.,0.,0.
736,0.03,0.,0.03,0.029,0.,0.029,0.03,0.,0.03,0.03,0.,0.03,0.,0.,0.,0.,0.,0.,0.,0.,0.
740,0.034,0.,0.034,0.03,0.,0.03,0.029,0.,0.029,0.028,0.,0.028,0.,0.,0.,0.,0.,0.,0.,0.,0.
744,0.031,0.,0.031,0.029,0.,0.029,0.031,0.,0.031,0.029,0.,0.029,0.,0.,0.,0.,0.,0.,0.,0.,0.
748,0.031,0.,0.031,0.03,0.,0.03,0.031,0.,0.031,0.032,0.,0.032,0.,0.,0.,0.,0.,0.,0.,0.,0.
752,0.032,0.,0.032,0.03,0.,0.03,0.03,0.,0.03,0.03,0.,0.03,0.,0.,0.,0.,0.,0.,0.,0.,0.
756,0.033,0.,0.033,0.032,0.,0.032,0.033,0.,0.033,0.031,0.,0.031,0.,0.,0.,0.,0.,0.,0.,0.,0.
760,0.033,0.,0.033,0.031,0.,0.031,0.032,0.,0.032,0.031,0.,0.031,0.,0.,0.,0.,0.,0.,0.,0.,0.
764,0.032,0.,0.032,0.031,0.,0.031,0.032,0.,0.032,0.033,0.,0.033,0.,0.,0.,0.,0.,0.,0.,0.,0.
768,0.033,0.,0.033,0.034,0.,0.034,0.032,0.,0.032,0.033,0.,0.033,0.,0.,0.,0.,0.,0.,0.,0.,0.
772,0.036,0.,0.036,0.032,0.,0.032,0.033,0.,0.033,0.032,0.,0.032,0.,0.,0.,0.,0.,0.,0.,0.,0.
776,0.032,0.,0.032,0.032,0.,0.032,0.034,0.,0.034,0.032,0.,0.032,0.,0.,0.,0.,0.,0.,0.,0.,0.
780,0.033,0.,0.033,0.033,0.,0.033,0.033,0.,0.033,0.035,0.,0.035,0.,0.,0.,0.,0.,0.,0.,0.,0.
784,0.04,0.,0.04,0.034,0.,0.034,0.035,0.,0.035,0.039,0.,0.039,0.,0.,0.,0.,0.,0.,0.,0.,0.
788,0.034,0.,0.034,0.036,0.,0.036,0.042,0.,0.042,0.035,0.,0.035,0.,0.,0.,0.,0.,0.,0.,0.,0.
792,0.036,0.,0.036,0.037,0.,0.037,0.034,0.,0.034,0.038,0.,0.038,0.,0.,0.,0.,0.,0.,0.,0.,0.
796,0.035,0.,0.035,0.037,0.,0.037,0.037,0.,0.037,0.038,0.,0.038,0.,0.,0.,0.,0.,0.,0.,0.,0.
800,0.038,0.,0.038,0.036,0.,0.036,0.037,0.,0.037,0.037,0.,0.037,0.,0.,0.,0.,0.,0.,0.,0.,0.
804,0.035,0.,0.035,0.044,0.,0.044,0.036,0.,0.036,0.036,0.,0.036,0.,0.,0.,0.,0.,0.,0.,0.,0.
808,0.036,0.,0.036,0.037,0.,0.037,0.036,0.,0.036,0.037,0.,0.037,0.,0.,0.,0.,0.,0.,0.,0.,0.
812,0.042,0.,0.042,0.041,0.,0.041,0.038,0.,0.038,0.04,0.,0.04,0.,0.,0.,0.,0.,0.,0.,0.,0.
816,0.039,0.,0.039,0.039,0.,0.039,0.038,0.,0.038,0.038,0.,0.038,0.,0.,0.,0.,0.,0.,0.,0.,0.
820,0.039,0.,0.039,0.038,0.,0.038,0.037,0.,0.037,0.039,0.,0.039,0.,0.,0.,0.,0.,0.,0.,0.,0.
824,0.04,0.,0.04,0.042,0.,0.041,0.038,0.,0.038,0.036,0.,0.036,0.,0.,0.,0.,0.,0.,0.,0.,0.
828,0.04,0.,0.04,0.039,0.,0.039,0.04,0.,0.04,0.038,0.,0.038,0.,0.,0.,0.,0.,0.,0.,0.,0.
832,0.039,0.,0.039,0.04,0.,0.04,0.038,0.,0.038,0.037,0.,0.037,0.,0.,0.,0.,0.,0.,0.,0.,0.
836,0.041,0.,0.041,0.043,0.,0.043,0.047,0.,0.047,0.037,0.,0.037,0.,0.,0.,0.,0.,0.,0.,0.,0.
840,0.039,0.,0.039,0.039,0.,0.039,0.042,0.,0.042,0.039,0.,0.039,0.,0.,0.,0.,0.,0.,0.,0.,0.
844,0.045,0.,0.045,0.042,0.,0.042,0.041,0.,0.041,0.042,0.,0.042,0.,0.,0.,0.,0.,0.,0.,0.,0.
848,0.041,0.,0.041,0.04,0.,0.04,0.041,0.,0.041,0.04,0.,0.04,0.,0.,0.,0.,0.,0.,0.,0.,0.
852,0.04,0.,0.04,0.041,0.,0.041,0.04,0.,0.04,0.039,0.,0.039,0.,0.,0.,0.,0.,0.,0.,0.,0.
856,0.043,0.,0.043,0.039,0.,0.039,0.038,0.,0.038,0.042,0.,0.042,0.,0.,0.,0.,0.,0.,0.,0.,0.
860,0.04,0.,0.04,0.043,0.,0.043,0.04,0.,0.04,0.04,0.,0.04,0.,0.,0.,0.,0.,0.,0.,0.,0.
864,0.044,0.,0.044,0.042,0.,0.042,0.04,0.,0.04,0.042,0.,0.042,0.,0.,0.,0.,0.,0.,0.,0.,0.
868,0.045,0.,0.045,0.045,0.,0.045,0.044,0.,0.044,0.046,0.003,0.042,0.,0.,0.,0.,0.,0.,0.,0.,0.
872,0.046,0.,0.046,0.044,0.,0.044,0.042,0.,0.042,0.044,0.,0.044,0.,0.,0.,0.,0.,0.,0.,0.,0.
876,0.043,0.,0.043,0.047,0.,0.047,0.044,0.,0.044,0.043,0.,0.043,0.,0.,0.,0.,0.,0.,0.,0.,0.
880,0.043,0.,0.043,0.041,0.,0.041,0.045,0.,0.045,0.045,0.,0.045,0.,0.,0.,0.,0.,0.,0.,0.,0.
884,0.044,0.,0.044,0.046,0.,0.046,0.045,0.,0.045,0.042,0.,0.042,0.,0.,0.,0.,0.,0.,0.,0.,0.
888,0.045,0.,0.045,0.046,0.,0.046,0.045,0.,0.045,0.049,0.,0.049,0.,0.,0.,0.,0.,0.,0.,0.,0.
892,0.047,0.,0.047,0.044,0.,0.044,0.052,0.,0.052,0.045,0.,0.045,0.,0.,0.,0.,0.,0.,0.,0.,0.
896,0.046,0.,0.046,0.044,0.,0.044,0.047,0.,0.047,0.045,0.,0.045,0.,0.,0.,0.,0.,0.,0.,0.,0.
900,0.048,0.,0.048,0.049,0.,0.049,0.043,0.,0.043,0.048,0.,0.048,0.,0.,0.,0.,0.,0.,0.,0.,0.
904,0.048,0.,0.048,0.047,0.,0.047,0.05,0.,0.05,0.048,0.,0.048,0.,0.,0.,0.,0.,0.,0.,0.,0.
908,0.047,0.,0.047,0.047,0.,0.047,0.048,0.,0.048,0.048,0.,0.048,0.,0.,0.,0.,0.,0.,0.001,0.,0.001
912,0.049,0.,0.049,0.051,0.,0.051,0.049,0.,0.049,0.044,0.,0.044,0.,0.,0.,0.,0.,0.,0.,0.,0.
916,0.047,0.,0.047,0.051,0.,0.051,0.048,0.,0.048,0.046,0.,0.046,0.,0.,0.,0.,0.,0.,0.,0.,0.
920,0.049,0.,0.049,0.05,0.,0.05,0.05,0.003,0.046,0.053,0.,0.053,0.,0.,0.,0.,0.,0.,0.,0.,0.
924,0.05,0.,0.05,0.049,0.,0.049,0.05,0.,0.05,0.053,0.,0.053,0.,0.,0.,0.001,0.,0.001,0.,0.,0.
928,0.054,0.,0.054,0.052,0.,0.052,0.052,0.,0.052,0.048,0.,0.048,0.,0.,0.,0.,0.,0.,0.,0.,0.
932,0.051,0.,0.051,0.051,0.,0.051,0.052,0.,0.052,0.047,0.,0.047,0.,0.,0.,0.,0.,0.,0.,0.,0.
936,0.046,0.,0.046,0.053,0.,0.053,0.05,0.,0.05,0.047,0.,0.047,0.,0.,0.,0.,0.,0.,0.,0.,0.
940,0.051,0.,0.051,0.052,0.,0.052,0.051,0.,0.051,0.053,0.,0.053,0.,0.,0.,0.,0.,0.,0.,0.,0.
944,0.051,0.003,0.047,0.051,0.,0.051,0.05,0.,0.05,0.051,0.,0.051,0.,0.,0.,0.,0.,0.,0.,0.,0.
948,0.05,0.,0.05,0.054,0.,0.054,0.053,0.,0.053,0.051,0.,0.051,0.,0.,0.,0.,0.,0.,0.,0.,0.
952,0.051,0.,0.051,0.051,0.,0.051,0.048,0.,0.048,0.049,0.,0.049,0.,0.,0.,0.,0.,0.,0.,0.,0.
956,0.053,0.,0.053,0.054,0.,0.054,0.05,0.,0.05,0.052,0.,0.052,0.,0.,0.,0.,0.,0.,0.,0.,0.
960,0.053,0.,0.053,0.053,0.,0.053,0.051,0.,0.051,0.053,0.,0.053,0.,0.,0.,0.,0.,0.,0.,0.,0.
964,0.056,0.,0.056,0.058,0.,0.058,0.053,0.,0.053,0.056,0.,0.056,0.,0.,0.,0.,0.,0.,0.,0.,0.
968,0.057,0.,0.057,0.055,0.,0.055,0.055,0.,0.055,0.057,0.,0.056,0.,0.,0.,0.,0.,0.,0.,0.,0.
972,0.056,0.,0.056,0.058,0.,0.058,0.059,0.,0.059,0.055,0.,0.055,0.,0.,0.,0.,0.,0.,0.,0.,0.
976,0.055,0.,0.055,0.058,0.,0.058,0.067,0.,0.067,0.057,0.,0.057,0.,0.,0.,0.,0.,0.,0.,0.,0.
980,0.065,0.,0.065,0.06,0.,0.06,0.058,0.,0.058,0.058,0.,0.058,0.001,0.,0.001,0.,0.,0.,0.,0.,0.
984,0.056,0.,0.056,0.059,0.,0.059,0.057,0.,0.057,0.061,0.,0.061,0.,0.,0.,0.,0.,0.,0.,0.,0.
988,0.061,0.,0.061,0.07,0.,0.07,0.058,0.,0.058,0.058,0.,0.058,0.,0.,0.,0.,0.,0.,0.,0.,0.
992,0.059,0.,0.059,0.061,0.,0.061,0.067,0.,0.067,0.059,0.,0.059,0.,0.,0.,0.,0.,0.,0.,0.,0.
996,0.059,0.,0.059,0.059,0.,0.059,0.056,0.,0.056,0.057,0.,0.057,0.,0.,0.,0.,0.,0.,0.,0.,0.
1000,0.061,0.,0.061,0.06,0.,0.06,0.067,0.,0.067,0.074,0.,0.074,0.,0.,0.,0.,0.,0.,0.,0.,0.
1100,0.074,0.,0.074,0.075,0.,0.075,0.07,0.,0.07,0.073,0.,0.073,0.,0.,0.,0.,0.,0.,0.,0.,0.
1200,0.09,0.,0.09,0.094,0.,0.094,0.101,0.,0.101,0.099,0.,0.099,0.,0.,0.,0.,0.,0.,0.,0.,0.
1300,0.101,0.,0.101,0.106,0.,0.106,0.103,0.,0.103,0.104,0.,0.104,0.,0.,0.,0.,0.,0.,0.,0.,0.
1400,0.12,0.,0.12,0.123,0.003,0.119,0.116,0.,0.116,0.119,0.,0.119,0.,0.,0.,0.,0.,0.,0.,0.,0.
1500,0.137,0.,0.137,0.136,0.,0.136,0.137,0.,0.137,0.139,0.,0.139,0.,0.,0.,0.,0.,0.,0.,0.,0.
1600,0.168,0.,0.167,0.161,0.,0.161,0.156,0.,0.156,0.158,0.,0.158,0.,0.,0.,0.,0.,0.,0.,0.,0.
1700,0.175,0.003,0.171,0.181,0.,0.181,0.172,0.,0.172,0.181,0.,0.181,0.001,0.,0.001,0.001,0.,0.001,0.,0.,0.
1800,0.2,0.,0.2,0.19,0.,0.19,0.19,0.,0.19,0.189,0.,0.189,0.,0.,0.,0.,0.,0.,0.,0.,0.
1900,0.211,0.,0.211,0.214,0.,0.214,0.213,0.,0.213,0.216,0.,0.216,0.001,0.,0.001,0.001,0.,0.001,0.001,0.,0.001
2000,0.238,0.,0.238,0.235,0.,0.235,0.228,0.,0.228,0.231,0.,0.231,0.001,0.,0.001,0.001,0.,0.001,0.001,0.,0.001
2100,0.282,0.,0.282,0.27,0.,0.27,0.257,0.,0.257,0.258,0.,0.258,0.001,0.,0.001,0.001,0.,0.001,0.001,0.,0.001
2200,0.27,0.,0.27,0.277,0.,0.277,0.271,0.,0.271,0.28,0.,0.28,0.001,0.,0.001,0.001,0.,0.001,0.001,0.,0.001
2300,0.312,0.,0.312,0.293,0.,0.293,0.305,0.,0.305,0.307,0.,0.307,0.001,0.,0.001,0.001,0.,0.001,0.001,0.,0.001
2400,0.333,0.,0.333,0.329,0.,0.328,0.337,0.,0.337,0.329,0.,0.329,0.001,0.,0.001,0.001,0.,0.001,0.001,0.,0.001
2500,0.359,0.,0.359,0.352,0.,0.352,0.356,0.,0.356,0.354,0.,0.354,0.001,0.,0.001,0.001,0.,0.001,0.001,0.,0.001
2600,0.422,0.,0.422,0.409,0.,0.409,0.409,0.,0.409,0.404,0.,0.404,0.001,0.,0.001,0.001,0.,0.001,0.001,0.,0.001
2700,0.42,0.,0.42,0.421,0.,0.421,0.408,0.,0.408,0.402,0.,0.402,0.001,0.,0.001,0.001,0.,0.001,0.001,0.,0.001
2800,0.437,0.,0.437,0.435,0.,0.435,0.431,0.,0.431,0.436,0.,0.436,0.001,0.,0.001,0.001,0.,0.001,0.001,0.,0.001
2900,0.463,0.003,0.459,0.452,0.,0.452,0.453,0.,0.453,0.439,0.,0.439,0.001,0.,0.001,0.001,0.,0.001,0.001,0.,0.001
3000,0.498,0.,0.498,0.485,0.,0.485,0.499,0.,0.499,0.491,0.,0.491,0.001,0.,0.001,0.001,0.,0.001,0.001,0.,0.001
3100,0.539,0.,0.539,0.507,0.,0.507,0.507,0.,0.507,0.498,0.,0.498,0.001,0.,0.001,0.001,0.,0.001,0.001,0.,0.001
3200,0.543,0.,0.543,0.537,0.,0.537,0.545,0.,0.545,0.548,0.,0.548,0.001,0.,0.001,0.001,0.,0.001,0.001,0.,0.001
3300,0.578,0.,0.578,0.597,0.,0.597,0.576,0.,0.576,0.591,0.,0.591,0.002,0.,0.002,0.002,0.,0.002,0.001,0.,0.001
3400,0.628,0.,0.628,0.61,0.,0.61,0.634,0.,0.634,0.61,0.,0.61,0.002,0.,0.002,0.002,0.,0.002,0.001,0.,0.001
3500,0.642,0.,0.642,0.66,0.,0.66,0.649,0.,0.649,0.652,0.,0.652,0.002,0.,0.002,0.002,0.,0.002,0.001,0.,0.001
3600,0.677,0.,0.677,0.674,0.,0.674,0.647,0.,0.647,0.672,0.,0.672,0.001,0.,0.001,0.001,0.,0.001,0.001,0.,0.001
3700,0.736,0.,0.736,0.715,0.,0.715,0.722,0.,0.722,0.697,0.,0.697,0.002,0.,0.002,0.001,0.,0.001,0.001,0.,0.001
3800,0.765,0.,0.765,0.757,0.,0.757,0.783,0.,0.783,0.778,0.,0.778,0.001,0.,0.001,0.001,0.,0.001,0.001,0.,0.001
3900,0.813,0.003,0.809,0.793,0.,0.793,0.782,0.,0.782,0.799,0.,0.799,0.002,0.,0.002,0.001,0.,0.001,0.002,0.,0.002
4000,0.81,0.,0.81,0.812,0.,0.811,0.812,0.,0.812,0.797,0.,0.797,0.002,0.,0.002,0.002,0.,0.002,0.001,0.,0.001
4100,0.842,0.,0.842,0.863,0.,0.863,0.877,0.,0.877,0.875,0.,0.875,0.002,0.,0.002,0.002,0.,0.002,0.002,0.,0.002
4200,0.914,0.,0.914,0.905,0.,0.905,0.918,0.,0.918,0.897,0.,0.897,0.002,0.,0.002,0.002,0.,0.002,0.002,0.,0.002
4300,0.993,0.004,0.989,0.966,0.,0.966,0.954,0.,0.954,0.944,0.,0.943,0.002,0.,0.002,0.002,0.,0.002,0.002,0.,0.002
4400,1.004,0.,1.004,1.034,0.,1.034,0.988,0.,0.988,0.976,0.,0.976,0.002,0.,0.002,0.002,0.,0.002,0.002,0.,0.002
4500,1.026,0.,1.026,1.017,0.,1.017,1.029,0.,1.029,1.032,0.,1.032,0.002,0.,0.002,0.002,0.,0.002,0.002,0.,0.002
4600,1.061,0.,1.061,1.065,0.,1.065,1.06,0.,1.06,1.032,0.,1.032,0.002,0.,0.002,0.002,0.,0.002,0.002,0.,0.002
4700,1.095,0.,1.095,1.102,0.,1.102,1.132,0.,1.132,1.108,0.,1.108,0.002,0.,0.002,0.002,0.,0.002,0.002,0.002,0.
4800,1.127,0.,1.127,1.148,0.,1.148,1.151,0.,1.15,1.141,0.,1.141,0.002,0.,0.002,0.002,0.,0.002,0.002,0.,0.002
4900,1.174,0.,1.174,1.197,0.,1.197,1.18,0.,1.18,1.183,0.,1.183,0.002,0.,0.002,0.002,0.,0.002,0.002,0.,0.002
5000,1.283,0.,1.283,1.239,0.,1.239,1.242,0.,1.242,1.245,0.,1.244,0.002,0.,0.002,0.002,0.,0.002,0.002,0.,0.002
5500,1.444,0.,1.444,1.43,0.,1.43,1.442,0.003,1.438,1.454,0.,1.454,0.002,0.,0.002,0.002,0.,0.002,0.002,0.,0.002
6000,1.743,0.003,1.739,1.702,0.,1.702,1.721,0.,1.721,1.726,0.,1.726,0.003,0.,0.003,0.003,0.,0.003,0.002,0.,0.002
6500,1.985,0.,1.985,1.974,0.,1.974,1.974,0.,1.973,1.974,0.,1.974,0.003,0.,0.003,0.003,0.,0.003,0.003,0.,0.003
7000,2.237,0.,2.237,2.206,0.,2.206,2.284,0.,2.283,2.247,0.,2.247,0.004,0.,0.004,0.003,0.,0.003,0.003,0.,0.003
7500,2.607,0.,2.606,2.508,0.,2.508,2.562,0.,2.562,2.57,0.,2.57,0.003,0.,0.003,0.003,0.,0.003,0.003,0.,0.003
8000,2.907,0.,2.907,2.844,0.,2.844,2.861,0.,2.861,2.845,0.,2.844,0.004,0.,0.004,0.005,0.,0.005,0.004,0.,0.004
8500,3.18,0.,3.179,3.206,0.,3.205,3.295,0.,3.295,3.294,0.,3.294,0.004,0.,0.004,0.004,0.,0.004,0.004,0.,0.004
9000,3.673,0.003,3.669,3.641,0.,3.641,3.649,0.,3.648,3.614,0.,3.614,0.005,0.,0.005,0.005,0.,0.005,0.004,0.,0.004
9500,3.992,0.,3.992,3.943,0.,3.943,4.085,0.,4.085,4.042,0.,4.042,0.004,0.,0.004,0.005,0.,0.005,0.005,0.,0.005
10000,4.417,0.,4.416,4.416,0.,4.416,4.402,0.,4.401,4.425,0.,4.425,0.005,0.,0.005,0.005,0.,0.005,0.005,0.,0.005