param-n,fast-rewrite-regression-cubic-real,fast-rewrite-regression-cubic-sys,fast-rewrite-regression-cubic-user,pose-build-and-refine-regression-cubic-real,pose-build-and-refine-regression-cubic-sys,pose-build-and-refine-regression-cubic-user,refine-regression-quadratic-regression-linear-real,refine-regression-quadratic-regression-linear-sys,refine-regression-quadratic-regression-linear-user
1,0.,0.,0.,0.,0.,0.,0.,0.,0.
2,0.,0.,0.,0.,0.,0.,0.,0.,0.
3,0.,0.,0.,0.,0.,0.,0.,0.,0.
4,0.,0.,0.,0.,0.,0.,0.,0.,0.
5,0.,0.,0.,0.,0.,0.,0.,0.,0.
6,0.,0.,0.,0.,0.,0.,0.,0.,0.
7,0.001,0.,0.001,0.001,0.,0.001,0.,0.,0.
8,0.001,0.,0.001,0.001,0.,0.001,0.,0.,0.
9,0.001,0.,0.001,0.001,0.,0.001,0.,0.,0.
10,0.001,0.,0.001,0.001,0.,0.001,0.,0.,0.
11,0.001,0.,0.001,0.001,0.,0.001,0.,0.,0.
12,0.001,0.,0.001,0.001,0.,0.001,0.,0.,0.
13,0.001,0.,0.001,0.001,0.,0.001,0.,0.,0.
14,0.001,0.,0.001,0.001,0.,0.001,0.,0.,0.
15,0.001,0.,0.001,0.001,0.,0.001,0.,0.,0.
16,0.002,0.,0.002,0.002,0.,0.002,0.,0.,0.
17,0.002,0.,0.002,0.002,0.,0.002,0.,0.,0.
18,0.002,0.,0.002,0.002,0.,0.002,0.,0.,0.
19,0.002,0.,0.002,0.002,0.,0.002,0.,0.,0.
20,0.002,0.,0.002,0.002,0.,0.002,0.,0.,0.
21,0.003,0.,0.003,0.003,0.,0.003,0.,0.,0.
22,0.002,0.,0.002,0.002,0.,0.002,0.,0.,0.
23,0.003,0.,0.003,0.003,0.,0.003,0.,0.,0.
24,0.002,0.,0.002,0.002,0.,0.002,0.,0.,0.
25,0.003,0.,0.003,0.003,0.,0.003,0.,0.,0.
26,0.003,0.,0.003,0.003,0.,0.003,0.,0.,0.
27,0.003,0.,0.003,0.003,0.,0.003,0.,0.,0.
28,0.003,0.,0.003,0.003,0.,0.003,0.,0.,0.
29,0.003,0.,0.003,0.003,0.,0.003,0.,0.,0.
30,0.003,0.,0.003,0.003,0.,0.003,0.,0.,0.
31,0.004,0.,0.004,0.004,0.,0.004,0.,0.,0.
32,0.003,0.,0.003,0.003,0.,0.003,0.,0.,0.
33,0.004,0.,0.004,0.004,0.,0.004,0.,0.,0.
34,0.004,0.,0.004,0.004,0.,0.004,0.,0.,0.
35,0.004,0.,0.004,0.004,0.,0.004,0.,0.,0.
36,0.004,0.,0.004,0.004,0.,0.004,0.,0.,0.
37,0.005,0.,0.005,0.005,0.,0.004,0.,0.,0.
38,0.013,0.,0.013,0.013,0.,0.013,0.,0.,0.
39,0.005,0.,0.005,0.005,0.,0.005,0.,0.,0.
40,0.005,0.,0.005,0.005,0.,0.005,0.,0.,0.
41,0.005,0.,0.005,0.005,0.,0.005,0.,0.,0.
42,0.005,0.,0.005,0.005,0.,0.005,0.,0.,0.
43,0.005,0.,0.005,0.005,0.,0.005,0.,0.,0.
44,0.005,0.,0.005,0.005,0.,0.005,0.,0.,0.
45,0.006,0.,0.006,0.006,0.,0.006,0.,0.,0.
46,0.006,0.,0.006,0.006,0.,0.006,0.,0.,0.
47,0.007,0.,0.007,0.007,0.,0.007,0.,0.,0.
48,0.02,0.,0.02,0.02,0.,0.02,0.,0.,0.
49,0.006,0.,0.006,0.006,0.,0.006,0.,0.,0.
50,0.009,0.004,0.004,0.009,0.004,0.004,0.,0.,0.
51,0.006,0.,0.006,0.006,0.,0.006,0.,0.,0.
52,0.007,0.,0.007,0.006,0.,0.006,0.,0.,0.
53,0.008,0.,0.008,0.008,0.,0.008,0.,0.,0.
54,0.007,0.,0.007,0.007,0.,0.007,0.,0.,0.
55,0.007,0.,0.007,0.007,0.,0.007,0.,0.,0.
56,0.007,0.,0.007,0.007,0.,0.007,0.,0.,0.
57,0.008,0.,0.008,0.008,0.,0.008,0.,0.,0.
58,0.008,0.,0.008,0.008,0.,0.008,0.001,0.,0.001
59,0.008,0.,0.008,0.008,0.,0.008,0.,0.,0.
60,0.008,0.,0.008,0.008,0.,0.008,0.,0.,0.
61,0.008,0.,0.008,0.008,0.,0.008,0.,0.,0.
62,0.008,0.,0.008,0.008,0.,0.008,0.,0.,0.
63,0.008,0.,0.008,0.008,0.,0.008,0.,0.,0.
64,0.027,0.,0.027,0.027,0.,0.027,0.,0.,0.
65,0.009,0.,0.009,0.009,0.,0.009,0.,0.,0.
66,0.009,0.,0.009,0.009,0.,0.009,0.,0.,0.
67,0.009,0.,0.009,0.009,0.,0.009,0.,0.,0.
68,0.009,0.,0.009,0.009,0.,0.009,0.,0.,0.
69,0.01,0.,0.01,0.01,0.,0.01,0.001,0.,0.001
70,0.011,0.,0.011,0.011,0.,0.011,0.,0.,0.
71,0.01,0.,0.01,0.01,0.,0.01,0.,0.,0.
72,0.01,0.,0.01,0.01,0.,0.01,0.,0.,0.
73,0.01,0.,0.01,0.01,0.,0.01,0.001,0.,0.001
74,0.017,0.,0.017,0.017,0.,0.017,0.,0.,0.
75,0.012,0.,0.012,0.012,0.,0.012,0.,0.,0.
76,0.012,0.,0.012,0.012,0.,0.012,0.001,0.,0.001
77,0.011,0.,0.011,0.011,0.,0.011,0.001,0.,0.001
78,0.011,0.,0.011,0.011,0.,0.011,0.001,0.,0.001
79,0.012,0.,0.012,0.012,0.,0.012,0.001,0.,0.001
80,0.012,0.,0.012,0.012,0.,0.012,0.001,0.,0.001
81,0.077,0.,0.077,0.077,0.,0.077,0.001,0.,0.001
82,0.012,0.,0.012,0.012,0.,0.012,0.001,0.,0.001
83,0.012,0.,0.012,0.012,0.,0.012,0.001,0.,0.001
84,0.012,0.,0.012,0.012,0.,0.012,0.001,0.,0.001
85,0.013,0.,0.013,0.013,0.,0.013,0.001,0.,0.001
86,0.013,0.,0.013,0.013,0.,0.013,0.001,0.,0.001
87,0.013,0.,0.013,0.013,0.,0.013,0.001,0.,0.001
88,0.014,0.,0.014,0.013,0.,0.013,0.001,0.,0.001
89,0.014,0.,0.014,0.014,0.,0.014,0.001,0.,0.001
90,0.014,0.,0.014,0.014,0.,0.014,0.001,0.,0.001
91,0.046,0.,0.046,0.046,0.,0.046,0.001,0.,0.001
92,0.014,0.,0.014,0.014,0.,0.014,0.001,0.,0.001
93,0.015,0.,0.015,0.015,0.,0.015,0.001,0.,0.001
94,0.017,0.,0.017,0.017,0.,0.017,0.001,0.,0.001
95,0.017,0.,0.017,0.017,0.,0.017,0.001,0.,0.001
96,0.015,0.,0.015,0.015,0.,0.015,0.001,0.,0.001
97,0.017,0.,0.017,0.017,0.,0.017,0.001,0.,0.001
98,0.016,0.,0.016,0.016,0.,0.016,0.001,0.,0.001
99,0.03,0.,0.03,0.03,0.,0.03,0.001,0.,0.001
100,0.02,0.009,0.011,0.02,0.009,0.011,0.002,0.002,0.
110,0.017,0.,0.017,0.017,0.,0.017,0.001,0.,0.001
120,0.019,0.,0.019,0.019,0.,0.019,0.001,0.,0.001
130,0.021,0.,0.021,0.021,0.,0.021,0.001,0.,0.001
140,0.025,0.,0.025,0.025,0.,0.025,0.001,0.,0.001
150,0.095,0.007,0.087,0.094,0.007,0.086,0.001,0.,0.001
160,0.028,0.,0.028,0.028,0.,0.028,0.002,0.,0.002
170,0.032,0.,0.032,0.032,0.,0.032,0.002,0.,0.002
180,0.035,0.,0.035,0.035,0.,0.035,0.002,0.,0.002
190,0.041,0.007,0.033,0.041,0.007,0.033,0.001,0.,0.001
200,0.043,0.,0.043,0.043,0.,0.043,0.002,0.,0.002
210,0.041,0.,0.041,0.041,0.,0.041,0.002,0.,0.002
220,0.049,0.,0.049,0.049,0.,0.049,0.003,0.,0.003
230,0.051,0.,0.051,0.051,0.,0.051,0.003,0.,0.003
240,0.056,0.,0.056,0.056,0.,0.056,0.003,0.,0.003
250,0.069,0.,0.069,0.069,0.,0.069,0.003,0.,0.003
260,0.063,0.,0.063,0.063,0.,0.063,0.003,0.,0.003
270,0.072,0.,0.072,0.072,0.,0.072,0.003,0.,0.003
280,0.067,0.,0.067,0.067,0.,0.067,0.004,0.,0.004
290,0.074,0.,0.074,0.074,0.,0.074,0.004,0.,0.004
300,0.085,0.,0.085,0.085,0.,0.085,0.003,0.,0.003
310,0.084,0.005,0.078,0.084,0.005,0.078,0.004,0.,0.004
320,0.085,0.,0.085,0.085,0.,0.085,0.004,0.,0.004
330,0.1,0.,0.1,0.1,0.,0.1,0.004,0.,0.004
340,0.098,0.,0.098,0.098,0.,0.098,0.005,0.,0.005
350,0.113,0.,0.113,0.113,0.,0.113,0.005,0.,0.005
360,0.107,0.,0.107,0.107,0.,0.107,0.005,0.,0.005
370,0.105,0.,0.105,0.105,0.,0.105,0.005,0.,0.005
380,0.112,0.,0.112,0.112,0.,0.111,0.005,0.,0.005
390,0.133,0.004,0.129,0.133,0.004,0.129,0.014,0.004,0.01
400,0.133,0.,0.133,0.133,0.,0.133,0.005,0.,0.005
410,0.144,0.,0.143,0.144,0.,0.143,0.005,0.,0.005
420,0.144,0.,0.144,0.144,0.,0.144,0.005,0.,0.005
430,0.157,0.,0.157,0.157,0.,0.157,0.016,0.,0.016
440,0.16,0.003,0.156,0.16,0.003,0.156,0.005,0.,0.005
450,0.176,0.,0.176,0.176,0.,0.176,0.006,0.,0.006
460,0.169,0.,0.169,0.169,0.,0.169,0.006,0.,0.006
470,0.189,0.,0.188,0.188,0.,0.188,0.007,0.,0.007
480,0.178,0.,0.178,0.178,0.,0.178,0.006,0.,0.006
490,0.201,0.,0.201,0.201,0.,0.201,0.005,0.,0.005
500,0.201,0.,0.2,0.201,0.,0.2,0.007,0.,0.007
510,0.19,0.,0.19,0.19,0.,0.19,0.007,0.,0.007
520,0.2,0.,0.2,0.2,0.,0.2,0.008,0.,0.008
530,0.215,0.,0.215,0.215,0.,0.215,0.006,0.,0.006
540,0.234,0.003,0.23,0.234,0.003,0.23,0.007,0.,0.007
550,0.236,0.008,0.228,0.236,0.008,0.228,0.018,0.,0.018
560,0.243,0.007,0.235,0.243,0.007,0.235,0.019,0.,0.019
570,0.25,0.,0.25,0.25,0.,0.25,0.015,0.,0.015
580,0.258,0.003,0.254,0.258,0.003,0.254,0.008,0.,0.008
590,0.253,0.,0.253,0.253,0.,0.253,0.007,0.,0.007
600,0.246,0.003,0.242,0.246,0.003,0.242,0.007,0.,0.007
610,0.257,0.,0.257,0.257,0.,0.257,0.009,0.,0.009
620,0.258,0.,0.258,0.258,0.,0.258,0.009,0.,0.009
630,0.282,0.003,0.278,0.282,0.003,0.278,0.007,0.,0.007
640,0.303,0.,0.303,0.303,0.,0.303,0.007,0.,0.007
650,0.307,0.,0.307,0.307,0.,0.307,0.016,0.,0.016
660,0.304,0.,0.304,0.304,0.,0.304,0.009,0.,0.009
670,0.31,0.,0.31,0.31,0.,0.31,0.016,0.,0.016
680,0.33,0.,0.33,0.33,0.,0.33,0.011,0.,0.011
690,0.35,0.,0.35,0.35,0.,0.35,0.008,0.,0.008
700,0.384,0.003,0.38,0.384,0.003,0.38,0.025,0.,0.025
710,0.353,0.,0.353,0.353,0.,0.352,0.009,0.,0.009
720,0.36,0.003,0.356,0.36,0.003,0.356,0.008,0.,0.008
730,0.401,0.,0.401,0.401,0.,0.401,0.009,0.,0.009
740,0.39,0.007,0.382,0.39,0.007,0.382,0.009,0.,0.009
750,0.4,0.003,0.396,0.4,0.003,0.396,0.009,0.,0.009
760,0.389,0.004,0.385,0.389,0.004,0.385,0.009,0.,0.009
770,0.394,0.,0.393,0.394,0.,0.393,0.01,0.,0.01
780,0.405,0.003,0.401,0.405,0.003,0.401,0.009,0.,0.009
790,0.448,0.,0.448,0.448,0.,0.448,0.016,0.,0.016
800,0.432,0.,0.432,0.432,0.,0.432,0.01,0.,0.01
810,0.421,0.,0.421,0.421,0.,0.42,0.009,0.,0.009
820,0.632,0.,0.632,0.632,0.,0.632,0.032,0.,0.032
830,0.481,0.,0.481,0.481,0.,0.481,0.011,0.,0.011
840,0.52,0.,0.52,0.52,0.,0.52,0.009,0.,0.009
850,0.511,0.,0.511,0.511,0.,0.511,0.011,0.,0.011
860,0.5,0.,0.5,0.5,0.,0.5,0.011,0.,0.011
870,0.502,0.,0.502,0.501,0.,0.501,0.011,0.,0.011
880,0.528,0.,0.528,0.528,0.,0.528,0.013,0.,0.013
890,0.496,0.,0.496,0.496,0.,0.496,0.011,0.,0.011
900,0.508,0.,0.508,0.508,0.,0.508,0.011,0.,0.011
910,0.532,0.,0.532,0.532,0.,0.532,0.012,0.,0.012
920,0.529,0.,0.529,0.529,0.,0.529,0.012,0.,0.012
930,0.558,0.,0.558,0.558,0.,0.558,0.017,0.,0.017
940,0.555,0.,0.555,0.555,0.,0.555,0.011,0.,0.011
950,0.599,0.,0.598,0.599,0.,0.598,0.012,0.,0.012
960,0.627,0.,0.627,0.627,0.,0.627,0.012,0.,0.012
970,0.622,0.,0.622,0.622,0.,0.622,0.012,0.,0.012
980,0.64,0.,0.64,0.64,0.,0.64,0.012,0.,0.012
990,0.644,0.,0.644,0.644,0.,0.644,0.012,0.,0.012
1000,0.643,0.007,0.635,0.643,0.007,0.635,0.012,0.,0.012
1100,0.746,0.003,0.742,0.746,0.003,0.742,0.014,0.,0.014
1200,0.901,0.,0.901,0.901,0.,0.901,0.014,0.,0.014
1300,0.996,0.,0.996,0.996,0.,0.996,0.017,0.,0.017
1400,1.181,0.,1.181,1.181,0.,1.181,0.018,0.,0.018
1500,1.428,0.,1.428,1.428,0.,1.428,0.026,0.,0.026
1600,1.584,0.,1.584,1.584,0.,1.584,0.024,0.,0.024
1700,1.722,0.,1.722,1.722,0.,1.722,0.022,0.,0.022
1800,1.873,0.,1.873,1.873,0.,1.872,0.024,0.,0.024
1900,2.047,0.,2.047,2.047,0.,2.047,0.029,0.,0.029
2000,2.392,0.,2.392,2.392,0.,2.392,0.026,0.,0.026
3000,5.211,0.,5.21,5.211,0.,5.21,0.046,0.,0.046
4000,8.911,0.003,8.907,8.911,0.003,8.907,0.056,0.,0.056
5000,14.5,0.007,14.488,14.5,0.007,14.488,0.074,0.,0.074