param-n,abstract-regression-quadratic-real,abstract-regression-quadratic-sys,abstract-regression-quadratic-user,build-I-regression-linear-real,build-I-regression-linear-sys,build-I-regression-linear-user,build-admit-cast-regression-linear-real,build-admit-cast-regression-linear-sys,build-admit-cast-regression-linear-user,build-admit-regression-linear-real,build-admit-regression-linear-sys,build-admit-regression-linear-user,build-eval-thunk-regression-linear-real,build-eval-thunk-regression-linear-sys,build-eval-thunk-regression-linear-user,build-pf-cast-regression-linear-real,build-pf-cast-regression-linear-sys,build-pf-cast-regression-linear-user,build-thunk-regression-linear-real,build-thunk-regression-linear-sys,build-thunk-regression-linear-user,check-I-regression-linear-real,check-I-regression-linear-sys,check-I-regression-linear-user,check-admit-cast-regression-quadratic-real,check-admit-cast-regression-quadratic-sys,check-admit-cast-regression-quadratic-user,check-admit-regression-quadratic-real,check-admit-regression-quadratic-sys,check-admit-regression-quadratic-user,check-pf-cast-regression-quadratic-real,check-pf-cast-regression-quadratic-sys,check-pf-cast-regression-quadratic-user,close-abstract-regression-quadratic-real,close-abstract-regression-quadratic-sys,close-abstract-regression-quadratic-user,eval-thunk-regression-linear-real,eval-thunk-regression-linear-sys,eval-thunk-regression-linear-user,fast-rewrite-regression-quadratic-real,fast-rewrite-regression-quadratic-sys,fast-rewrite-regression-quadratic-user,refine-regression-quadratic-regression-linear-real,refine-regression-quadratic-regression-linear-sys,refine-regression-quadratic-regression-linear-user,type-I-regression-linear-real,type-I-regression-linear-sys,type-I-regression-linear-user,type-admit-cast-regression-quadratic-real,type-admit-cast-regression-quadratic-sys,type-admit-cast-regression-quadratic-user,type-admit-regression-quadratic-real,type-admit-regression-quadratic-sys,type-admit-regression-quadratic-user,type-pf-cast-regression-quadratic-real,type-pf-cast-regression-quadratic-sys,type-pf-cast-regression-quadratic-user
1,0.002,0.,0.001,0.,0.,0.,0.,0.,0.,0.,0.,0.,0.,0.,0.,0.,0.,0.,0.,0.,0.,0.,0.,0.,0.,0.,0.,0.,0.,0.,0.,0.,0.,0.,0.,0.,0.,0.,0.,0.001,0.,0.001,0.,0.,0.,0.,0.,0.,0.,0.,0.,0.,0.,0.,0.,0.,0.
2,0.002,0.,0.002,0.,0.,0.,0.,0.,0.,0.,0.,0.,0.,0.,0.,0.,0.,0.,0.,0.,0.,0.,0.,0.,0.,0.,0.,0.,0.,0.,0.,0.,0.,0.,0.,0.,0.,0.,0.,0.002,0.,0.002,0.,0.,0.,0.,0.,0.,0.,0.,0.,0.,0.,0.,0.,0.,0.
3,0.004,0.003,0.,0.,0.,0.,0.,0.,0.,0.,0.,0.,0.001,0.001,0.,0.,0.,0.,0.001,0.001,0.,0.,0.,0.,0.,0.,0.,0.,0.,0.,0.,0.,0.,0.,0.,0.,0.,0.,0.,0.004,0.003,0.,0.,0.,0.,0.,0.,0.,0.,0.,0.,0.,0.,0.,0.,0.,0.
4,0.003,0.003,0.,0.,0.,0.,0.,0.,0.,0.,0.,0.,0.001,0.001,0.,0.,0.,0.,0.,0.,0.,0.,0.,0.,0.,0.,0.,0.,0.,0.,0.,0.,0.,0.,0.,0.,0.,0.,0.,0.002,0.002,0.,0.,0.,0.,0.,0.,0.,0.,0.,0.,0.,0.,0.,0.,0.,0.
5,0.003,0.,0.003,0.,0.,0.,0.,0.,0.,0.,0.,0.,0.,0.,0.,0.,0.,0.,0.,0.,0.,0.,0.,0.,0.,0.,0.,0.,0.,0.,0.,0.,0.,0.,0.,0.,0.,0.,0.,0.002,0.,0.002,0.,0.,0.,0.,0.,0.,0.,0.,0.,0.,0.,0.,0.,0.,0.
6,0.004,0.,0.004,0.,0.,0.,0.,0.,0.,0.,0.,0.,0.001,0.,0.001,0.,0.,0.,0.,0.,0.,0.,0.,0.,0.,0.,0.,0.,0.,0.,0.,0.,0.,0.,0.,0.,0.,0.,0.,0.003,0.,0.003,0.,0.,0.,0.,0.,0.,0.,0.,0.,0.,0.,0.,0.,0.,0.
7,0.004,0.,0.004,0.,0.,0.,0.,0.,0.,0.,0.,0.,0.001,0.,0.001,0.,0.,0.,0.,0.,0.,0.,0.,0.,0.,0.,0.,0.,0.,0.,0.,0.,0.,0.,0.,0.,0.,0.,0.,0.003,0.,0.003,0.,0.,0.,0.,0.,0.,0.,0.,0.,0.,0.,0.,0.,0.,0.
8,0.079,0.,0.078,0.075,0.,0.074,0.,0.,0.,0.,0.,0.,0.001,0.,0.001,0.,0.,0.,0.,0.,0.,0.,0.,0.,0.,0.,0.,0.,0.,0.,0.,0.,0.,0.,0.,0.,0.,0.,0.,0.078,0.,0.077,0.,0.,0.,0.,0.,0.,0.,0.,0.,0.,0.,0.,0.,0.,0.
9,0.004,0.,0.004,0.,0.,0.,0.,0.,0.,0.,0.,0.,0.,0.,0.,0.,0.,0.,0.,0.,0.,0.,0.,0.,0.,0.,0.,0.,0.,0.,0.,0.,0.,0.,0.,0.,0.,0.,0.,0.003,0.,0.003,0.,0.,0.,0.,0.,0.,0.,0.,0.,0.,0.,0.,0.,0.,0.
10,0.004,0.,0.004,0.,0.,0.,0.,0.,0.,0.,0.,0.,0.001,0.,0.001,0.,0.,0.,0.,0.,0.,0.,0.,0.,0.,0.,0.,0.,0.,0.,0.,0.,0.,0.,0.,0.,0.,0.,0.,0.003,0.,0.003,0.,0.,0.,0.,0.,0.,0.,0.,0.,0.,0.,0.,0.,0.,0.
11,0.005,0.,0.005,0.,0.,0.,0.,0.,0.,0.,0.,0.,0.001,0.,0.001,0.,0.,0.,0.,0.,0.,0.,0.,0.,0.,0.,0.,0.,0.,0.,0.,0.,0.,0.,0.,0.,0.,0.,0.,0.004,0.,0.004,0.,0.,0.,0.,0.,0.,0.,0.,0.,0.,0.,0.,0.,0.,0.
12,0.005,0.,0.005,0.,0.,0.,0.,0.,0.,0.,0.,0.,0.001,0.,0.001,0.,0.,0.,0.001,0.,0.001,0.,0.,0.,0.,0.,0.,0.,0.,0.,0.,0.,0.,0.,0.,0.,0.,0.,0.,0.004,0.,0.004,0.,0.,0.,0.,0.,0.,0.,0.,0.,0.,0.,0.,0.,0.,0.
13,0.006,0.,0.006,0.,0.,0.,0.,0.,0.,0.,0.,0.,0.001,0.,0.001,0.,0.,0.,0.001,0.,0.001,0.,0.,0.,0.,0.,0.,0.,0.,0.,0.,0.,0.,0.,0.,0.,0.,0.,0.,0.005,0.,0.005,0.,0.,0.,0.,0.,0.,0.,0.,0.,0.,0.,0.,0.,0.,0.
14,0.006,0.,0.006,0.,0.,0.,0.,0.,0.,0.,0.,0.,0.001,0.,0.001,0.,0.,0.,0.001,0.,0.001,0.,0.,0.,0.,0.,0.,0.,0.,0.,0.,0.,0.,0.,0.,0.,0.,0.,0.,0.005,0.,0.005,0.,0.,0.,0.,0.,0.,0.,0.,0.,0.,0.,0.,0.,0.,0.
15,0.006,0.,0.006,0.,0.,0.,0.,0.,0.,0.,0.,0.,0.001,0.,0.001,0.,0.,0.,0.001,0.,0.001,0.,0.,0.,0.,0.,0.,0.,0.,0.,0.,0.,0.,0.,0.,0.,0.,0.,0.,0.005,0.,0.005,0.,0.,0.,0.,0.,0.,0.,0.,0.,0.,0.,0.,0.,0.,0.
16,0.006,0.,0.006,0.,0.,0.,0.,0.,0.,0.,0.,0.,0.001,0.,0.001,0.,0.,0.,0.001,0.,0.001,0.,0.,0.,0.,0.,0.,0.,0.,0.,0.,0.,0.,0.,0.,0.,0.,0.,0.,0.005,0.,0.005,0.,0.,0.,0.,0.,0.,0.,0.,0.,0.,0.,0.,0.,0.,0.
17,0.007,0.,0.007,0.,0.,0.,0.,0.,0.,0.,0.,0.,0.001,0.,0.001,0.,0.,0.,0.001,0.,0.001,0.,0.,0.,0.,0.,0.,0.,0.,0.,0.,0.,0.,0.,0.,0.,0.,0.,0.,0.006,0.,0.006,0.,0.,0.,0.,0.,0.,0.,0.,0.,0.,0.,0.,0.,0.,0.
18,0.007,0.,0.007,0.,0.,0.,0.,0.,0.,0.,0.,0.,0.001,0.,0.001,0.,0.,0.,0.001,0.,0.001,0.,0.,0.,0.,0.,0.,0.,0.,0.,0.,0.,0.,0.,0.,0.,0.,0.,0.,0.006,0.,0.006,0.,0.,0.,0.,0.,0.,0.,0.,0.,0.,0.,0.,0.,0.,0.
19,0.007,0.,0.007,0.,0.,0.,0.,0.,0.,0.,0.,0.,0.001,0.,0.001,0.,0.,0.,0.001,0.,0.001,0.,0.,0.,0.,0.,0.,0.,0.,0.,0.,0.,0.,0.,0.,0.,0.,0.,0.,0.006,0.,0.006,0.,0.,0.,0.,0.,0.,0.,0.,0.,0.,0.,0.,0.,0.,0.
20,0.007,0.,0.007,0.,0.,0.,0.,0.,0.,0.,0.,0.,0.001,0.,0.001,0.,0.,0.,0.001,0.,0.001,0.,0.,0.,0.,0.,0.,0.,0.,0.,0.,0.,0.,0.,0.,0.,0.,0.,0.,0.006,0.,0.006,0.,0.,0.,0.,0.,0.,0.,0.,0.,0.,0.,0.,0.,0.,0.
21,0.009,0.,0.009,0.,0.,0.,0.,0.,0.,0.,0.,0.,0.002,0.,0.002,0.,0.,0.,0.002,0.,0.002,0.,0.,0.,0.,0.,0.,0.,0.,0.,0.,0.,0.,0.,0.,0.,0.,0.,0.,0.007,0.,0.007,0.,0.,0.,0.,0.,0.,0.,0.,0.,0.,0.,0.,0.,0.,0.
22,0.008,0.,0.008,0.,0.,0.,0.,0.,0.,0.,0.,0.,0.002,0.,0.002,0.,0.,0.,0.002,0.,0.002,0.,0.,0.,0.,0.,0.,0.,0.,0.,0.,0.,0.,0.,0.,0.,0.,0.,0.,0.007,0.,0.007,0.,0.,0.,0.,0.,0.,0.,0.,0.,0.,0.,0.,0.,0.,0.
23,0.009,0.,0.009,0.,0.,0.,0.,0.,0.,0.,0.,0.,0.002,0.,0.002,0.,0.,0.,0.002,0.,0.002,0.,0.,0.,0.,0.,0.,0.,0.,0.,0.,0.,0.,0.,0.,0.,0.,0.,0.,0.008,0.,0.008,0.,0.,0.,0.,0.,0.,0.,0.,0.,0.,0.,0.,0.,0.,0.
24,0.01,0.,0.01,0.,0.,0.,0.,0.,0.,0.,0.,0.,0.002,0.,0.002,0.,0.,0.,0.002,0.,0.002,0.,0.,0.,0.,0.,0.,0.,0.,0.,0.,0.,0.,0.,0.,0.,0.,0.,0.,0.009,0.,0.009,0.,0.,0.,0.,0.,0.,0.001,0.,0.001,0.,0.,0.,0.,0.,0.
25,0.011,0.,0.011,0.,0.,0.,0.,0.,0.,0.,0.,0.,0.002,0.,0.002,0.,0.,0.,0.002,0.,0.002,0.,0.,0.,0.,0.,0.,0.,0.,0.,0.,0.,0.,0.001,0.,0.001,0.,0.,0.,0.009,0.,0.009,0.001,0.,0.001,0.,0.,0.,0.,0.,0.,0.,0.,0.,0.,0.,0.
26,0.01,0.,0.01,0.,0.,0.,0.,0.,0.,0.,0.,0.,0.002,0.,0.002,0.,0.,0.,0.002,0.,0.002,0.,0.,0.,0.,0.,0.,0.,0.,0.,0.,0.,0.,0.001,0.,0.001,0.,0.,0.,0.009,0.,0.009,0.,0.,0.,0.,0.,0.,0.,0.,0.,0.,0.,0.,0.,0.,0.
27,0.011,0.,0.011,0.,0.,0.,0.,0.,0.,0.,0.,0.,0.002,0.,0.002,0.,0.,0.,0.002,0.,0.002,0.,0.,0.,0.,0.,0.,0.,0.,0.,0.,0.,0.,0.001,0.,0.001,0.,0.,0.,0.009,0.,0.009,0.,0.,0.,0.,0.,0.,0.,0.,0.,0.,0.,0.,0.,0.,0.
28,0.01,0.,0.01,0.,0.,0.,0.,0.,0.,0.,0.,0.,0.002,0.,0.002,0.,0.,0.,0.002,0.,0.002,0.,0.,0.,0.,0.,0.,0.,0.,0.,0.,0.,0.,0.001,0.,0.001,0.,0.,0.,0.009,0.,0.009,0.,0.,0.,0.,0.,0.,0.,0.,0.,0.,0.,0.,0.,0.,0.
29,0.026,0.,0.026,0.,0.,0.,0.,0.,0.,0.,0.,0.,0.002,0.,0.002,0.,0.,0.,0.002,0.,0.002,0.,0.,0.,0.,0.,0.,0.,0.,0.,0.,0.,0.,0.002,0.,0.002,0.,0.,0.,0.024,0.,0.024,0.001,0.,0.001,0.,0.,0.,0.,0.,0.,0.,0.,0.,0.014,0.,0.014
30,0.018,0.,0.018,0.,0.,0.,0.,0.,0.,0.,0.,0.,0.002,0.,0.002,0.,0.,0.,0.002,0.,0.002,0.002,0.,0.002,0.,0.,0.,0.001,0.,0.001,0.,0.,0.,0.001,0.,0.001,0.,0.,0.,0.017,0.,0.017,0.,0.,0.,0.002,0.,0.002,0.,0.,0.,0.001,0.,0.001,0.,0.,0.
31,0.012,0.,0.012,0.,0.,0.,0.,0.,0.,0.,0.,0.,0.002,0.,0.002,0.,0.,0.,0.002,0.,0.002,0.,0.,0.,0.,0.,0.,0.,0.,0.,0.,0.,0.,0.001,0.,0.001,0.,0.,0.,0.01,0.,0.01,0.,0.,0.,0.,0.,0.,0.,0.,0.,0.,0.,0.,0.,0.,0.
32,0.013,0.,0.013,0.,0.,0.,0.,0.,0.,0.,0.,0.,0.003,0.,0.003,0.,0.,0.,0.003,0.,0.003,0.,0.,0.,0.,0.,0.,0.,0.,0.,0.,0.,0.,0.001,0.,0.001,0.,0.,0.,0.011,0.,0.011,0.,0.,0.,0.,0.,0.,0.,0.,0.,0.,0.,0.,0.,0.,0.
33,0.012,0.,0.012,0.,0.,0.,0.,0.,0.,0.,0.,0.,0.002,0.,0.002,0.,0.,0.,0.002,0.,0.002,0.,0.,0.,0.,0.,0.,0.,0.,0.,0.,0.,0.,0.001,0.,0.001,0.,0.,0.,0.011,0.,0.011,0.,0.,0.,0.,0.,0.,0.,0.,0.,0.,0.,0.,0.,0.,0.
34,0.014,0.,0.014,0.,0.,0.,0.,0.,0.,0.,0.,0.,0.003,0.,0.003,0.,0.,0.,0.003,0.,0.003,0.,0.,0.,0.,0.,0.,0.,0.,0.,0.,0.,0.,0.001,0.,0.001,0.,0.,0.,0.011,0.,0.011,0.,0.,0.,0.,0.,0.,0.,0.,0.,0.,0.,0.,0.,0.,0.
35,0.014,0.,0.014,0.,0.,0.,0.,0.,0.,0.,0.,0.,0.003,0.,0.003,0.,0.,0.,0.003,0.,0.003,0.,0.,0.,0.,0.,0.,0.,0.,0.,0.,0.,0.,0.001,0.,0.001,0.,0.,0.,0.012,0.,0.012,0.,0.,0.,0.,0.,0.,0.,0.,0.,0.,0.,0.,0.,0.,0.
36,0.014,0.002,0.011,0.,0.,0.,0.,0.,0.,0.,0.,0.,0.003,0.001,0.001,0.,0.,0.,0.002,0.001,0.001,0.,0.,0.,0.,0.,0.,0.,0.,0.,0.,0.,0.,0.001,0.,0.001,0.,0.,0.,0.012,0.002,0.01,0.,0.,0.,0.,0.,0.,0.,0.,0.,0.001,0.,0.001,0.,0.,0.
37,0.015,0.,0.015,0.,0.,0.,0.,0.,0.,0.,0.,0.,0.003,0.,0.003,0.,0.,0.,0.002,0.,0.002,0.,0.,0.,0.,0.,0.,0.,0.,0.,0.001,0.,0.001,0.001,0.,0.001,0.,0.,0.,0.013,0.,0.013,0.,0.,0.,0.,0.,0.,0.001,0.,0.001,0.,0.,0.,0.001,0.,0.001
38,0.031,0.,0.031,0.,0.,0.,0.,0.,0.,0.,0.,0.,0.019,0.,0.019,0.,0.,0.,0.019,0.,0.019,0.,0.,0.,0.001,0.,0.001,0.,0.,0.,0.,0.,0.,0.001,0.,0.001,0.,0.,0.,0.029,0.,0.029,0.001,0.,0.001,0.,0.,0.,0.,0.,0.,0.001,0.,0.001,0.001,0.,0.001
39,0.015,0.,0.015,0.,0.,0.,0.,0.,0.,0.,0.,0.,0.003,0.,0.003,0.,0.,0.,0.003,0.,0.003,0.,0.,0.,0.001,0.,0.001,0.,0.,0.,0.001,0.,0.001,0.001,0.,0.001,0.,0.,0.,0.013,0.,0.013,0.001,0.,0.001,0.,0.,0.,0.001,0.,0.001,0.,0.,0.,0.001,0.,0.001
40,0.016,0.,0.016,0.,0.,0.,0.,0.,0.,0.,0.,0.,0.003,0.,0.003,0.,0.,0.,0.003,0.,0.003,0.001,0.,0.001,0.001,0.,0.001,0.001,0.,0.001,0.001,0.,0.001,0.002,0.,0.002,0.,0.,0.,0.014,0.,0.014,0.001,0.,0.001,0.,0.,0.,0.001,0.,0.001,0.001,0.,0.001,0.001,0.,0.001
41,0.017,0.,0.017,0.,0.,0.,0.,0.,0.,0.,0.,0.,0.003,0.,0.003,0.001,0.,0.001,0.003,0.,0.003,0.,0.,0.,0.001,0.,0.001,0.,0.,0.,0.001,0.,0.001,0.001,0.,0.001,0.,0.,0.,0.015,0.,0.015,0.001,0.,0.001,0.,0.,0.,0.001,0.,0.001,0.001,0.,0.001,0.001,0.,0.001
42,0.016,0.,0.016,0.,0.,0.,0.,0.,0.,0.,0.,0.,0.003,0.,0.003,0.,0.,0.,0.003,0.,0.003,0.,0.,0.,0.001,0.,0.001,0.001,0.,0.001,0.001,0.,0.001,0.001,0.,0.001,0.,0.,0.,0.014,0.,0.014,0.001,0.,0.001,0.,0.,0.,0.001,0.,0.001,0.001,0.,0.001,0.001,0.,0.001
43,0.017,0.,0.017,0.,0.,0.,0.,0.,0.,0.,0.,0.,0.003,0.,0.003,0.,0.,0.,0.003,0.,0.003,0.,0.,0.,0.001,0.,0.001,0.001,0.,0.001,0.001,0.,0.001,0.002,0.,0.001,0.,0.,0.,0.015,0.,0.015,0.001,0.,0.001,0.,0.,0.,0.001,0.,0.001,0.001,0.,0.001,0.001,0.,0.001
44,0.017,0.002,0.014,0.,0.,0.,0.,0.,0.,0.,0.,0.,0.003,0.002,0.001,0.,0.,0.,0.003,0.002,0.001,0.,0.,0.,0.001,0.,0.001,0.001,0.,0.001,0.001,0.,0.001,0.001,0.,0.001,0.,0.,0.,0.015,0.002,0.012,0.001,0.,0.001,0.,0.,0.,0.001,0.,0.001,0.001,0.,0.001,0.001,0.,0.001
45,0.018,0.,0.018,0.,0.,0.,0.,0.,0.,0.,0.,0.,0.003,0.,0.003,0.,0.,0.,0.003,0.,0.003,0.,0.,0.,0.001,0.,0.001,0.001,0.,0.001,0.001,0.,0.001,0.002,0.,0.002,0.,0.,0.,0.015,0.,0.015,0.001,0.,0.001,0.,0.,0.,0.001,0.,0.001,0.001,0.,0.001,0.001,0.,0.001
46,0.019,0.,0.019,0.,0.,0.,0.,0.,0.,0.,0.,0.,0.003,0.,0.003,0.,0.,0.,0.003,0.,0.003,0.,0.,0.,0.001,0.,0.001,0.001,0.,0.001,0.001,0.,0.001,0.002,0.,0.002,0.,0.,0.,0.016,0.,0.016,0.001,0.,0.001,0.001,0.,0.001,0.001,0.,0.001,0.001,0.,0.001,0.001,0.,0.001
47,0.018,0.,0.018,0.,0.,0.,0.,0.,0.,0.,0.,0.,0.003,0.,0.003,0.,0.,0.,0.003,0.,0.003,0.,0.,0.,0.001,0.,0.001,0.001,0.,0.001,0.001,0.,0.001,0.002,0.,0.002,0.,0.,0.,0.016,0.,0.016,0.001,0.,0.001,0.,0.,0.,0.001,0.,0.001,0.001,0.,0.001,0.001,0.,0.001
48,0.088,0.,0.088,0.,0.,0.,0.,0.,0.,0.,0.,0.,0.073,0.,0.073,0.,0.,0.,0.073,0.,0.073,0.,0.,0.,0.001,0.,0.001,0.001,0.,0.001,0.001,0.,0.001,0.002,0.,0.002,0.,0.,0.,0.085,0.,0.085,0.001,0.,0.001,0.,0.,0.,0.001,0.,0.001,0.001,0.,0.001,0.001,0.,0.001
49,0.019,0.,0.019,0.,0.,0.,0.,0.,0.,0.,0.,0.,0.004,0.,0.004,0.,0.,0.,0.003,0.,0.003,0.,0.,0.,0.001,0.,0.001,0.001,0.,0.001,0.001,0.,0.001,0.002,0.,0.002,0.,0.,0.,0.016,0.,0.016,0.001,0.,0.001,0.,0.,0.,0.001,0.,0.001,0.001,0.,0.001,0.001,0.,0.001
50,0.027,0.,0.027,0.,0.,0.,0.,0.,0.,0.,0.,0.,0.007,0.,0.007,0.,0.,0.,0.006,0.,0.006,0.001,0.,0.001,0.001,0.,0.001,0.001,0.,0.001,0.001,0.,0.001,0.003,0.,0.003,0.,0.,0.,0.024,0.,0.024,0.001,0.,0.001,0.001,0.,0.001,0.002,0.,0.002,0.002,0.,0.002,0.002,0.,0.002
51,0.021,0.,0.021,0.,0.,0.,0.,0.,0.,0.,0.,0.,0.004,0.,0.004,0.,0.,0.,0.004,0.,0.004,0.,0.,0.,0.001,0.,0.001,0.001,0.,0.001,0.001,0.,0.001,0.002,0.,0.002,0.,0.,0.,0.018,0.,0.018,0.001,0.,0.001,0.,0.,0.,0.001,0.,0.001,0.001,0.,0.001,0.001,0.,0.001
52,0.021,0.,0.021,0.,0.,0.,0.,0.,0.,0.,0.,0.,0.004,0.,0.004,0.,0.,0.,0.004,0.,0.004,0.,0.,0.,0.001,0.,0.001,0.002,0.,0.002,0.001,0.,0.001,0.002,0.,0.002,0.,0.,0.,0.018,0.,0.018,0.001,0.,0.001,0.,0.,0.,0.001,0.,0.001,0.001,0.,0.001,0.001,0.,0.001
53,0.022,0.,0.022,0.,0.,0.,0.,0.,0.,0.,0.,0.,0.004,0.,0.004,0.,0.,0.,0.004,0.,0.004,0.001,0.,0.001,0.001,0.,0.001,0.001,0.,0.001,0.001,0.,0.001,0.002,0.,0.002,0.,0.,0.,0.019,0.,0.019,0.001,0.,0.001,0.,0.,0.,0.001,0.,0.001,0.001,0.,0.001,0.001,0.,0.001
54,0.055,0.,0.055,0.,0.,0.,0.,0.,0.,0.,0.,0.,0.004,0.,0.004,0.,0.,0.,0.004,0.,0.004,0.001,0.,0.001,0.001,0.,0.001,0.001,0.,0.001,0.001,0.,0.001,0.002,0.,0.002,0.,0.,0.,0.052,0.,0.052,0.001,0.,0.001,0.001,0.,0.001,0.034,0.,0.034,0.001,0.,0.001,0.001,0.,0.001
55,0.022,0.,0.022,0.,0.,0.,0.,0.,0.,0.,0.,0.,0.004,0.,0.004,0.,0.,0.,0.004,0.,0.004,0.001,0.,0.001,0.001,0.,0.001,0.001,0.,0.001,0.001,0.,0.001,0.002,0.,0.002,0.,0.,0.,0.019,0.,0.019,0.002,0.,0.002,0.001,0.,0.001,0.001,0.,0.001,0.001,0.,0.001,0.001,0.,0.001
56,0.023,0.,0.023,0.,0.,0.,0.,0.,0.,0.,0.,0.,0.005,0.,0.005,0.,0.,0.,0.005,0.,0.005,0.001,0.,0.001,0.001,0.,0.001,0.001,0.,0.001,0.001,0.,0.001,0.002,0.,0.002,0.,0.,0.,0.02,0.,0.02,0.001,0.,0.001,0.001,0.,0.001,0.001,0.,0.001,0.001,0.,0.001,0.001,0.,0.001
57,0.023,0.,0.023,0.,0.,0.,0.,0.,0.,0.,0.,0.,0.005,0.,0.005,0.,0.,0.,0.005,0.,0.005,0.001,0.,0.001,0.001,0.,0.001,0.001,0.,0.001,0.001,0.,0.001,0.002,0.,0.002,0.,0.,0.,0.019,0.,0.019,0.001,0.,0.001,0.,0.,0.,0.001,0.,0.001,0.001,0.,0.001,0.001,0.,0.001
58,0.024,0.,0.024,0.,0.,0.,0.,0.,0.,0.,0.,0.,0.005,0.,0.005,0.,0.,0.,0.005,0.,0.005,0.001,0.,0.001,0.001,0.,0.001,0.001,0.,0.001,0.001,0.,0.001,0.002,0.,0.002,0.,0.,0.,0.021,0.,0.021,0.001,0.,0.001,0.001,0.,0.001,0.001,0.,0.001,0.001,0.,0.001,0.001,0.,0.001
59,0.036,0.,0.036,0.,0.,0.,0.,0.,0.,0.,0.,0.,0.004,0.,0.004,0.,0.,0.,0.004,0.,0.004,0.001,0.,0.001,0.001,0.,0.001,0.001,0.,0.001,0.002,0.,0.002,0.002,0.,0.002,0.,0.,0.,0.033,0.,0.033,0.001,0.,0.001,0.001,0.,0.001,0.013,0.,0.013,0.001,0.,0.001,0.001,0.,0.001
60,0.024,0.,0.024,0.,0.,0.,0.,0.,0.,0.,0.,0.,0.005,0.,0.005,0.,0.,0.,0.004,0.,0.004,0.001,0.,0.001,0.001,0.,0.001,0.001,0.,0.001,0.001,0.,0.001,0.002,0.,0.002,0.,0.,0.,0.021,0.,0.021,0.001,0.,0.001,0.001,0.,0.001,0.001,0.,0.001,0.001,0.,0.001,0.001,0.,0.001
61,0.025,0.,0.025,0.,0.,0.,0.,0.,0.,0.,0.,0.,0.004,0.,0.004,0.001,0.,0.001,0.004,0.,0.004,0.001,0.,0.001,0.001,0.,0.001,0.001,0.,0.001,0.001,0.,0.001,0.003,0.,0.003,0.,0.,0.,0.022,0.,0.022,0.001,0.,0.001,0.001,0.,0.001,0.001,0.,0.001,0.001,0.,0.001,0.001,0.,0.001
62,0.026,0.,0.026,0.,0.,0.,0.,0.,0.,0.,0.,0.,0.005,0.,0.005,0.,0.,0.,0.005,0.,0.005,0.001,0.,0.001,0.001,0.,0.001,0.001,0.,0.001,0.001,0.,0.001,0.003,0.,0.003,0.,0.,0.,0.022,0.,0.022,0.001,0.,0.001,0.001,0.,0.001,0.001,0.,0.001,0.001,0.,0.001,0.001,0.,0.001
63,0.028,0.,0.028,0.,0.,0.,0.,0.,0.,0.,0.,0.,0.005,0.,0.005,0.,0.,0.,0.005,0.,0.005,0.001,0.,0.001,0.001,0.,0.001,0.001,0.,0.001,0.002,0.,0.002,0.003,0.,0.003,0.,0.,0.,0.025,0.,0.025,0.001,0.,0.001,0.001,0.,0.001,0.001,0.,0.001,0.002,0.,0.002,0.003,0.,0.003
64,0.026,0.,0.026,0.,0.,0.,0.,0.,0.,0.,0.,0.,0.005,0.,0.005,0.,0.,0.,0.005,0.,0.005,0.001,0.,0.001,0.001,0.,0.001,0.001,0.,0.001,0.001,0.,0.001,0.003,0.,0.003,0.,0.,0.,0.022,0.,0.022,0.001,0.,0.001,0.001,0.,0.001,0.001,0.,0.001,0.001,0.,0.001,0.001,0.,0.001
65,0.028,0.,0.028,0.,0.,0.,0.,0.,0.,0.,0.,0.,0.006,0.,0.006,0.,0.,0.,0.005,0.,0.005,0.001,0.,0.001,0.002,0.,0.002,0.001,0.,0.001,0.001,0.,0.001,0.003,0.,0.003,0.,0.,0.,0.024,0.,0.024,0.002,0.,0.002,0.001,0.,0.001,0.002,0.,0.002,0.001,0.,0.001,0.001,0.,0.001
66,0.03,0.,0.03,0.,0.,0.,0.,0.,0.,0.,0.,0.,0.005,0.,0.005,0.,0.,0.,0.005,0.,0.005,0.001,0.,0.001,0.002,0.,0.002,0.002,0.,0.002,0.001,0.,0.001,0.004,0.,0.004,0.,0.,0.,0.025,0.,0.025,0.001,0.,0.001,0.001,0.,0.001,0.001,0.,0.001,0.003,0.,0.003,0.001,0.,0.001
67,0.028,0.,0.028,0.,0.,0.,0.,0.,0.,0.,0.,0.,0.005,0.,0.005,0.,0.,0.,0.005,0.,0.005,0.001,0.,0.001,0.002,0.,0.002,0.001,0.,0.001,0.002,0.,0.002,0.003,0.,0.003,0.,0.,0.,0.023,0.,0.023,0.001,0.,0.001,0.001,0.,0.001,0.002,0.,0.002,0.001,0.,0.001,0.002,0.,0.002
68,0.03,0.,0.03,0.,0.,0.,0.,0.,0.,0.,0.,0.,0.005,0.,0.005,0.,0.,0.,0.005,0.,0.005,0.001,0.,0.001,0.002,0.,0.002,0.001,0.,0.001,0.002,0.,0.002,0.003,0.,0.003,0.,0.,0.,0.025,0.,0.025,0.002,0.,0.002,0.001,0.,0.001,0.003,0.,0.003,0.001,0.,0.001,0.002,0.,0.002
69,0.029,0.,0.029,0.,0.,0.,0.,0.,0.,0.,0.,0.,0.006,0.,0.006,0.,0.,0.,0.005,0.,0.005,0.001,0.,0.001,0.002,0.,0.002,0.001,0.,0.001,0.002,0.,0.002,0.003,0.,0.003,0.,0.,0.,0.025,0.,0.025,0.002,0.,0.002,0.001,0.,0.001,0.002,0.,0.002,0.001,0.,0.001,0.002,0.,0.002
70,0.031,0.,0.031,0.,0.,0.,0.,0.,0.,0.,0.,0.,0.006,0.,0.006,0.,0.,0.,0.006,0.,0.006,0.001,0.,0.001,0.002,0.,0.002,0.002,0.,0.002,0.003,0.,0.003,0.003,0.,0.003,0.,0.,0.,0.026,0.,0.026,0.002,0.,0.002,0.001,0.,0.001,0.002,0.,0.002,0.002,0.,0.002,0.002,0.,0.002
71,0.035,0.,0.035,0.,0.,0.,0.,0.,0.,0.,0.,0.,0.009,0.,0.009,0.,0.,0.,0.009,0.,0.009,0.001,0.,0.001,0.002,0.,0.002,0.002,0.,0.002,0.002,0.,0.002,0.004,0.,0.004,0.,0.,0.,0.03,0.,0.03,0.002,0.,0.002,0.001,0.,0.001,0.003,0.,0.003,0.002,0.,0.002,0.002,0.,0.002
72,0.031,0.,0.031,0.,0.,0.,0.,0.,0.,0.,0.,0.,0.006,0.,0.006,0.,0.,0.,0.005,0.,0.005,0.001,0.,0.001,0.002,0.,0.002,0.001,0.,0.001,0.002,0.,0.002,0.003,0.,0.003,0.,0.,0.,0.026,0.,0.026,0.002,0.,0.002,0.001,0.,0.001,0.002,0.,0.002,0.002,0.,0.002,0.002,0.,0.002
73,0.033,0.,0.033,0.,0.,0.,0.,0.,0.,0.,0.,0.,0.007,0.,0.007,0.,0.,0.,0.007,0.,0.007,0.001,0.,0.001,0.002,0.,0.002,0.002,0.,0.002,0.002,0.,0.002,0.004,0.,0.004,0.,0.,0.,0.028,0.,0.028,0.002,0.,0.002,0.001,0.,0.001,0.002,0.,0.002,0.002,0.,0.002,0.002,0.,0.002
74,0.033,0.,0.033,0.,0.,0.,0.,0.,0.,0.,0.,0.,0.006,0.,0.006,0.002,0.,0.002,0.006,0.,0.006,0.001,0.,0.001,0.002,0.,0.002,0.002,0.,0.002,0.002,0.,0.002,0.004,0.,0.004,0.,0.,0.,0.028,0.,0.028,0.002,0.,0.002,0.001,0.,0.001,0.002,0.,0.002,0.002,0.,0.002,0.002,0.,0.002
75,0.032,0.,0.032,0.,0.,0.,0.,0.,0.,0.,0.,0.,0.006,0.,0.006,0.,0.,0.,0.006,0.,0.006,0.001,0.,0.001,0.002,0.,0.002,0.002,0.,0.002,0.002,0.,0.002,0.004,0.,0.004,0.,0.,0.,0.027,0.,0.027,0.002,0.,0.002,0.001,0.,0.001,0.002,0.,0.002,0.002,0.,0.002,0.002,0.,0.002
76,0.033,0.,0.033,0.,0.,0.,0.,0.,0.,0.,0.,0.,0.007,0.,0.007,0.,0.,0.,0.006,0.,0.006,0.001,0.,0.001,0.002,0.,0.002,0.002,0.,0.002,0.002,0.,0.002,0.004,0.,0.004,0.,0.,0.,0.029,0.,0.029,0.002,0.,0.002,0.001,0.,0.001,0.002,0.,0.002,0.002,0.,0.002,0.002,0.,0.002
77,0.032,0.,0.032,0.,0.,0.,0.,0.,0.,0.,0.,0.,0.006,0.,0.006,0.,0.,0.,0.006,0.,0.006,0.001,0.,0.001,0.002,0.,0.002,0.002,0.,0.002,0.002,0.,0.002,0.004,0.,0.004,0.,0.,0.,0.027,0.,0.027,0.002,0.,0.002,0.001,0.,0.001,0.003,0.,0.003,0.002,0.,0.002,0.002,0.,0.002
78,0.032,0.,0.032,0.,0.,0.,0.,0.,0.,0.,0.,0.,0.006,0.,0.006,0.,0.,0.,0.006,0.,0.006,0.001,0.,0.001,0.002,0.,0.002,0.003,0.,0.003,0.002,0.,0.002,0.004,0.,0.004,0.,0.,0.,0.028,0.,0.028,0.002,0.,0.002,0.001,0.,0.001,0.002,0.,0.002,0.002,0.,0.002,0.002,0.,0.002
79,0.034,0.,0.034,0.,0.,0.,0.,0.,0.,0.,0.,0.,0.007,0.,0.007,0.,0.,0.,0.007,0.,0.007,0.001,0.,0.001,0.002,0.,0.002,0.002,0.,0.002,0.002,0.,0.002,0.004,0.,0.004,0.,0.,0.,0.029,0.,0.029,0.002,0.,0.002,0.001,0.,0.001,0.002,0.,0.002,0.002,0.,0.002,0.002,0.,0.002
80,0.035,0.,0.035,0.,0.,0.,0.001,0.,0.001,0.,0.,0.,0.007,0.,0.007,0.,0.,0.,0.007,0.,0.007,0.001,0.,0.001,0.002,0.,0.002,0.002,0.,0.002,0.002,0.,0.002,0.004,0.,0.004,0.,0.,0.,0.03,0.,0.03,0.002,0.,0.002,0.001,0.,0.001,0.002,0.,0.002,0.002,0.,0.002,0.003,0.,0.003
81,0.035,0.,0.035,0.,0.,0.,0.,0.,0.,0.,0.,0.,0.006,0.,0.006,0.,0.,0.,0.006,0.,0.006,0.001,0.,0.001,0.002,0.,0.002,0.002,0.,0.002,0.002,0.,0.002,0.004,0.,0.004,0.,0.,0.,0.029,0.,0.029,0.002,0.,0.002,0.001,0.,0.001,0.002,0.,0.002,0.002,0.,0.002,0.002,0.,0.002
82,0.036,0.,0.036,0.,0.,0.,0.,0.,0.,0.,0.,0.,0.007,0.,0.007,0.,0.,0.,0.007,0.,0.007,0.001,0.,0.001,0.002,0.,0.002,0.002,0.,0.002,0.002,0.,0.002,0.005,0.,0.005,0.,0.,0.,0.03,0.,0.03,0.002,0.,0.002,0.001,0.,0.001,0.002,0.,0.002,0.002,0.,0.002,0.002,0.,0.002
83,0.039,0.,0.039,0.,0.,0.,0.,0.,0.,0.,0.,0.,0.007,0.,0.007,0.,0.,0.,0.007,0.,0.007,0.001,0.,0.001,0.002,0.,0.002,0.002,0.,0.002,0.002,0.,0.002,0.006,0.,0.006,0.,0.,0.,0.032,0.,0.032,0.002,0.,0.002,0.001,0.,0.001,0.002,0.,0.002,0.003,0.,0.003,0.002,0.,0.002
84,0.039,0.,0.039,0.,0.,0.,0.,0.,0.,0.,0.,0.,0.007,0.,0.007,0.,0.,0.,0.007,0.,0.007,0.001,0.,0.001,0.003,0.,0.003,0.002,0.,0.002,0.002,0.,0.002,0.005,0.,0.005,0.,0.,0.,0.033,0.,0.033,0.002,0.,0.002,0.001,0.,0.001,0.003,0.,0.003,0.003,0.,0.003,0.002,0.,0.002
85,0.037,0.,0.037,0.,0.,0.,0.,0.,0.,0.,0.,0.,0.007,0.,0.007,0.,0.,0.,0.006,0.,0.006,0.001,0.,0.001,0.002,0.,0.002,0.003,0.,0.003,0.002,0.,0.002,0.004,0.,0.004,0.,0.,0.,0.031,0.,0.031,0.002,0.,0.002,0.001,0.,0.001,0.002,0.,0.002,0.003,0.,0.003,0.002,0.,0.002
86,0.037,0.,0.037,0.,0.,0.,0.,0.,0.,0.,0.,0.,0.006,0.,0.006,0.,0.,0.,0.006,0.,0.006,0.001,0.,0.001,0.003,0.,0.003,0.002,0.,0.002,0.002,0.,0.002,0.004,0.,0.004,0.,0.,0.,0.032,0.,0.032,0.002,0.,0.002,0.001,0.,0.001,0.003,0.,0.003,0.002,0.,0.002,0.003,0.,0.003
87,0.038,0.,0.038,0.,0.,0.,0.,0.,0.,0.,0.,0.,0.007,0.,0.007,0.,0.,0.,0.007,0.,0.007,0.001,0.,0.001,0.003,0.,0.003,0.002,0.,0.002,0.002,0.,0.002,0.004,0.,0.004,0.,0.,0.,0.033,0.,0.033,0.002,0.,0.002,0.001,0.,0.001,0.002,0.,0.002,0.002,0.,0.002,0.002,0.,0.002
88,0.038,0.,0.038,0.,0.,0.,0.,0.,0.,0.,0.,0.,0.007,0.,0.007,0.,0.,0.,0.007,0.,0.007,0.001,0.,0.001,0.003,0.,0.003,0.002,0.,0.002,0.002,0.,0.002,0.004,0.,0.004,0.,0.,0.,0.033,0.,0.033,0.002,0.,0.002,0.001,0.,0.001,0.002,0.,0.002,0.002,0.,0.002,0.003,0.,0.003
89,0.04,0.,0.04,0.,0.,0.,0.,0.,0.,0.,0.,0.,0.007,0.,0.007,0.,0.,0.,0.007,0.,0.007,0.002,0.,0.002,0.002,0.,0.002,0.002,0.,0.002,0.003,0.,0.003,0.005,0.,0.005,0.,0.,0.,0.034,0.,0.034,0.002,0.,0.002,0.001,0.,0.001,0.002,0.,0.002,0.002,0.,0.002,0.003,0.,0.003
90,0.041,0.003,0.037,0.,0.,0.,0.,0.,0.,0.,0.,0.,0.007,0.,0.007,0.,0.,0.,0.007,0.,0.007,0.001,0.001,0.,0.002,0.,0.002,0.002,0.,0.002,0.003,0.,0.003,0.005,0.,0.005,0.,0.,0.,0.034,0.003,0.031,0.003,0.,0.003,0.002,0.001,0.001,0.002,0.,0.002,0.003,0.,0.003,0.002,0.,0.002
91,0.04,0.,0.04,0.,0.,0.,0.,0.,0.,0.,0.,0.,0.007,0.,0.007,0.,0.,0.,0.007,0.,0.007,0.001,0.,0.001,0.002,0.,0.002,0.002,0.,0.002,0.003,0.,0.003,0.005,0.,0.005,0.,0.,0.,0.034,0.,0.034,0.003,0.,0.003,0.001,0.,0.001,0.002,0.,0.002,0.002,0.,0.002,0.002,0.,0.002
92,0.041,0.,0.041,0.,0.,0.,0.,0.,0.,0.,0.,0.,0.007,0.,0.007,0.,0.,0.,0.007,0.,0.007,0.001,0.,0.001,0.003,0.,0.003,0.002,0.,0.002,0.003,0.,0.003,0.005,0.,0.005,0.,0.,0.,0.035,0.,0.035,0.003,0.,0.003,0.001,0.,0.001,0.003,0.,0.003,0.002,0.,0.002,0.002,0.,0.002
93,0.04,0.,0.04,0.,0.,0.,0.,0.,0.,0.,0.,0.,0.007,0.,0.007,0.,0.,0.,0.007,0.,0.007,0.001,0.,0.001,0.003,0.,0.003,0.002,0.,0.002,0.003,0.,0.002,0.005,0.,0.005,0.,0.,0.,0.034,0.,0.034,0.003,0.,0.003,0.001,0.,0.001,0.002,0.,0.002,0.002,0.,0.002,0.002,0.,0.002
94,0.042,0.,0.042,0.,0.,0.,0.,0.,0.,0.,0.,0.,0.007,0.,0.007,0.,0.,0.,0.007,0.,0.007,0.002,0.,0.002,0.003,0.,0.003,0.002,0.,0.002,0.003,0.,0.003,0.005,0.,0.005,0.,0.,0.,0.035,0.,0.035,0.003,0.,0.003,0.001,0.,0.001,0.003,0.,0.003,0.002,0.,0.002,0.003,0.,0.003
95,0.044,0.002,0.041,0.,0.,0.,0.,0.,0.,0.,0.,0.,0.009,0.001,0.007,0.,0.,0.,0.009,0.001,0.007,0.001,0.,0.001,0.003,0.,0.003,0.002,0.,0.002,0.003,0.,0.003,0.005,0.,0.005,0.,0.,0.,0.038,0.002,0.036,0.003,0.,0.003,0.001,0.,0.001,0.003,0.,0.003,0.002,0.,0.002,0.003,0.,0.003
96,0.044,0.,0.044,0.,0.,0.,0.001,0.,0.001,0.,0.,0.,0.008,0.,0.008,0.,0.,0.,0.008,0.,0.008,0.002,0.,0.002,0.003,0.,0.003,0.002,0.,0.002,0.003,0.,0.003,0.006,0.,0.006,0.,0.,0.,0.037,0.,0.037,0.003,0.,0.003,0.001,0.,0.001,0.003,0.,0.003,0.002,0.,0.002,0.003,0.,0.003
97,0.043,0.003,0.039,0.,0.,0.,0.,0.,0.,0.,0.,0.,0.008,0.,0.008,0.,0.,0.,0.007,0.,0.007,0.001,0.,0.001,0.003,0.003,0.,0.002,0.,0.002,0.003,0.,0.003,0.006,0.,0.006,0.,0.,0.,0.036,0.003,0.032,0.003,0.,0.003,0.001,0.,0.001,0.003,0.,0.003,0.003,0.,0.003,0.003,0.,0.003
98,0.043,0.,0.043,0.,0.,0.,0.,0.,0.,0.,0.,0.,0.008,0.,0.008,0.,0.,0.,0.008,0.,0.008,0.002,0.,0.002,0.003,0.,0.003,0.003,0.,0.003,0.003,0.,0.003,0.006,0.,0.006,0.,0.,0.,0.036,0.,0.036,0.003,0.,0.003,0.001,0.,0.001,0.003,0.,0.003,0.002,0.,0.002,0.003,0.,0.003
99,0.046,0.,0.046,0.,0.,0.,0.,0.,0.,0.,0.,0.,0.008,0.,0.008,0.,0.,0.,0.008,0.,0.008,0.001,0.,0.001,0.003,0.,0.003,0.003,0.,0.003,0.003,0.,0.003,0.006,0.,0.006,0.,0.,0.,0.039,0.,0.039,0.003,0.,0.003,0.001,0.,0.001,0.004,0.,0.004,0.003,0.,0.003,0.003,0.,0.003
100,0.103,0.011,0.091,0.,0.,0.,0.,0.,0.,0.,0.,0.,0.012,0.007,0.005,0.,0.,0.,0.012,0.007,0.005,0.002,0.002,0.,0.003,0.,0.003,0.002,0.,0.002,0.003,0.,0.003,0.005,0.,0.005,0.,0.,0.,0.096,0.011,0.085,0.003,0.,0.003,0.057,0.001,0.055,0.003,0.,0.003,0.003,0.,0.003,0.003,0.,0.003
110,0.051,0.,0.051,0.,0.,0.,0.,0.,0.,0.,0.,0.,0.009,0.,0.009,0.,0.,0.,0.008,0.,0.008,0.002,0.,0.002,0.003,0.,0.003,0.003,0.,0.003,0.003,0.,0.003,0.006,0.,0.006,0.,0.,0.,0.043,0.,0.043,0.005,0.,0.005,0.001,0.,0.001,0.004,0.,0.004,0.003,0.,0.003,0.003,0.,0.003
120,0.055,0.,0.055,0.,0.,0.,0.,0.,0.,0.,0.,0.,0.009,0.,0.009,0.,0.,0.,0.009,0.,0.009,0.002,0.,0.002,0.004,0.,0.004,0.003,0.,0.003,0.004,0.,0.004,0.008,0.,0.008,0.,0.,0.,0.045,0.,0.045,0.004,0.,0.004,0.002,0.,0.002,0.004,0.,0.004,0.003,0.,0.003,0.004,0.,0.004
130,0.064,0.003,0.06,0.,0.,0.,0.,0.,0.,0.,0.,0.,0.011,0.,0.011,0.,0.,0.,0.011,0.,0.011,0.002,0.,0.002,0.004,0.,0.004,0.005,0.,0.005,0.004,0.,0.004,0.01,0.,0.009,0.,0.,0.,0.053,0.003,0.049,0.005,0.003,0.001,0.002,0.,0.002,0.004,0.,0.004,0.004,0.,0.004,0.004,0.,0.004
140,0.069,0.,0.069,0.,0.,0.,0.,0.,0.,0.,0.,0.,0.012,0.,0.012,0.,0.,0.,0.012,0.,0.012,0.002,0.,0.002,0.005,0.,0.005,0.004,0.,0.004,0.005,0.,0.005,0.01,0.,0.01,0.,0.,0.,0.057,0.,0.057,0.006,0.,0.006,0.002,0.,0.002,0.005,0.,0.005,0.004,0.,0.004,0.005,0.,0.005
150,0.075,0.,0.075,0.,0.,0.,0.,0.,0.,0.,0.,0.,0.012,0.,0.012,0.,0.,0.,0.012,0.,0.012,0.003,0.,0.003,0.005,0.,0.005,0.005,0.,0.005,0.005,0.,0.005,0.012,0.,0.012,0.,0.,0.,0.062,0.,0.062,0.005,0.,0.005,0.002,0.,0.002,0.005,0.,0.005,0.005,0.,0.005,0.006,0.,0.006
160,0.084,0.,0.084,0.001,0.,0.001,0.001,0.,0.001,0.,0.,0.,0.013,0.,0.013,0.,0.,0.,0.013,0.,0.013,0.003,0.,0.003,0.006,0.,0.006,0.006,0.,0.006,0.006,0.,0.006,0.013,0.,0.013,0.,0.,0.,0.07,0.,0.07,0.006,0.,0.006,0.002,0.,0.002,0.007,0.,0.007,0.006,0.,0.006,0.006,0.,0.006
170,0.092,0.,0.092,0.,0.,0.,0.,0.,0.,0.,0.,0.,0.014,0.,0.014,0.,0.,0.,0.014,0.,0.014,0.003,0.,0.003,0.007,0.,0.007,0.006,0.,0.006,0.007,0.,0.007,0.015,0.,0.015,0.,0.,0.,0.075,0.,0.075,0.008,0.,0.008,0.003,0.,0.003,0.007,0.,0.007,0.006,0.,0.006,0.006,0.,0.006
180,0.099,0.,0.099,0.,0.,0.,0.001,0.,0.001,0.,0.,0.,0.015,0.,0.015,0.,0.,0.,0.015,0.,0.015,0.003,0.,0.003,0.007,0.,0.007,0.007,0.,0.007,0.007,0.,0.007,0.016,0.,0.016,0.,0.,0.,0.082,0.,0.082,0.007,0.,0.007,0.003,0.,0.003,0.01,0.,0.01,0.007,0.,0.007,0.007,0.,0.007
190,0.108,0.,0.108,0.,0.,0.,0.001,0.,0.001,0.001,0.,0.001,0.016,0.,0.016,0.001,0.,0.001,0.016,0.,0.016,0.003,0.,0.003,0.008,0.,0.008,0.008,0.,0.008,0.008,0.,0.008,0.018,0.,0.018,0.,0.,0.,0.089,0.,0.089,0.008,0.,0.008,0.004,0.,0.004,0.008,0.,0.008,0.007,0.,0.007,0.008,0.,0.008
200,0.116,0.,0.116,0.001,0.,0.001,0.001,0.,0.001,0.,0.,0.,0.018,0.,0.018,0.,0.,0.,0.018,0.,0.018,0.003,0.,0.003,0.009,0.,0.009,0.009,0.,0.009,0.009,0.,0.009,0.02,0.,0.02,0.,0.,0.,0.096,0.,0.096,0.009,0.,0.009,0.005,0.,0.005,0.008,0.,0.008,0.008,0.,0.008,0.009,0.,0.009
210,0.121,0.,0.121,0.001,0.,0.001,0.001,0.,0.001,0.001,0.,0.001,0.017,0.,0.017,0.001,0.,0.001,0.017,0.,0.017,0.003,0.,0.003,0.009,0.,0.009,0.01,0.,0.01,0.009,0.,0.009,0.02,0.,0.02,0.,0.,0.,0.099,0.,0.099,0.009,0.,0.009,0.003,0.,0.003,0.009,0.,0.009,0.009,0.,0.009,0.011,0.,0.011
220,0.135,0.,0.135,0.001,0.,0.001,0.001,0.,0.001,0.001,0.,0.001,0.019,0.,0.019,0.001,0.,0.001,0.018,0.,0.018,0.004,0.,0.004,0.01,0.,0.01,0.012,0.,0.012,0.01,0.,0.01,0.024,0.,0.024,0.,0.,0.,0.109,0.,0.109,0.011,0.,0.011,0.004,0.,0.004,0.011,0.,0.011,0.009,0.,0.009,0.01,0.,0.01
230,0.151,0.,0.151,0.001,0.,0.001,0.001,0.,0.001,0.001,0.,0.001,0.021,0.,0.021,0.003,0.,0.003,0.021,0.,0.021,0.004,0.,0.004,0.012,0.,0.012,0.011,0.,0.011,0.012,0.,0.012,0.026,0.,0.026,0.,0.,0.,0.123,0.,0.123,0.012,0.,0.012,0.005,0.,0.005,0.012,0.,0.012,0.011,0.,0.011,0.012,0.,0.012
240,0.167,0.,0.167,0.001,0.,0.001,0.001,0.,0.001,0.001,0.,0.001,0.02,0.,0.02,0.001,0.,0.001,0.02,0.,0.02,0.005,0.,0.005,0.012,0.,0.012,0.012,0.,0.012,0.014,0.,0.014,0.026,0.,0.026,0.,0.,0.,0.139,0.,0.139,0.021,0.,0.021,0.004,0.,0.004,0.014,0.,0.014,0.013,0.,0.013,0.014,0.,0.014
250,0.179,0.,0.179,0.001,0.,0.001,0.001,0.,0.001,0.001,0.,0.001,0.033,0.,0.033,0.001,0.,0.001,0.033,0.,0.033,0.004,0.,0.004,0.013,0.,0.013,0.013,0.,0.013,0.014,0.,0.014,0.029,0.,0.029,0.,0.,0.,0.149,0.,0.149,0.013,0.,0.013,0.004,0.,0.004,0.016,0.,0.016,0.014,0.,0.014,0.014,0.,0.014
260,0.189,0.,0.189,0.001,0.,0.001,0.001,0.,0.001,0.001,0.,0.001,0.022,0.,0.022,0.001,0.,0.001,0.022,0.,0.022,0.005,0.,0.005,0.015,0.,0.015,0.015,0.,0.015,0.016,0.,0.016,0.034,0.,0.034,0.,0.,0.,0.154,0.,0.154,0.015,0.,0.015,0.006,0.,0.006,0.015,0.,0.015,0.016,0.,0.016,0.017,0.,0.017
270,0.197,0.,0.197,0.001,0.,0.001,0.001,0.,0.001,0.001,0.,0.001,0.023,0.,0.023,0.001,0.,0.001,0.022,0.,0.022,0.005,0.,0.005,0.018,0.,0.018,0.018,0.,0.017,0.018,0.,0.018,0.037,0.,0.037,0.,0.,0.,0.158,0.,0.158,0.015,0.,0.015,0.004,0.,0.004,0.015,0.,0.015,0.016,0.,0.016,0.016,0.,0.016
280,0.22,0.,0.22,0.001,0.,0.001,0.001,0.,0.001,0.001,0.,0.001,0.024,0.,0.024,0.001,0.,0.001,0.023,0.,0.023,0.005,0.,0.005,0.017,0.,0.017,0.02,0.,0.02,0.019,0.,0.019,0.039,0.,0.039,0.,0.,0.,0.18,0.,0.18,0.021,0.,0.021,0.005,0.,0.005,0.019,0.,0.019,0.02,0.,0.02,0.02,0.,0.02
290,0.231,0.,0.231,0.001,0.,0.001,0.001,0.,0.001,0.001,0.,0.001,0.027,0.,0.027,0.001,0.,0.001,0.027,0.,0.027,0.005,0.,0.005,0.023,0.,0.023,0.02,0.,0.02,0.019,0.,0.019,0.039,0.,0.039,0.,0.,0.,0.19,0.,0.19,0.021,0.,0.021,0.007,0.,0.007,0.018,0.,0.018,0.019,0.,0.019,0.019,0.,0.019
300,0.249,0.,0.249,0.002,0.,0.002,0.001,0.,0.001,0.001,0.,0.001,0.039,0.,0.039,0.001,0.,0.001,0.038,0.,0.038,0.005,0.,0.005,0.02,0.,0.02,0.019,0.,0.019,0.018,0.,0.018,0.04,0.,0.04,0.,0.,0.,0.208,0.,0.208,0.023,0.,0.023,0.006,0.,0.006,0.026,0.,0.026,0.021,0.,0.021,0.02,0.,0.02
310,0.267,0.,0.267,0.001,0.,0.001,0.002,0.,0.002,0.001,0.,0.001,0.025,0.,0.025,0.001,0.,0.001,0.025,0.,0.025,0.006,0.,0.006,0.026,0.,0.026,0.025,0.,0.025,0.023,0.,0.023,0.041,0.,0.041,0.,0.,0.,0.225,0.,0.225,0.023,0.,0.023,0.005,0.,0.005,0.023,0.,0.023,0.026,0.,0.026,0.029,0.,0.029
320,0.303,0.,0.303,0.001,0.,0.001,0.001,0.,0.001,0.001,0.,0.001,0.029,0.,0.029,0.001,0.,0.001,0.029,0.,0.029,0.006,0.,0.006,0.026,0.,0.026,0.026,0.,0.026,0.028,0.,0.028,0.046,0.,0.046,0.,0.,0.,0.256,0.,0.256,0.036,0.,0.036,0.005,0.,0.005,0.031,0.,0.031,0.027,0.,0.027,0.028,0.,0.028
330,0.314,0.,0.314,0.001,0.,0.001,0.001,0.,0.001,0.001,0.,0.001,0.031,0.,0.031,0.001,0.,0.001,0.03,0.,0.03,0.006,0.,0.006,0.029,0.,0.029,0.034,0.,0.034,0.031,0.,0.031,0.049,0.,0.049,0.,0.,0.,0.263,0.,0.263,0.029,0.,0.029,0.006,0.,0.006,0.029,0.,0.029,0.026,0.,0.026,0.029,0.,0.029
340,0.321,0.,0.321,0.001,0.,0.001,0.001,0.,0.001,0.001,0.,0.001,0.033,0.,0.033,0.003,0.,0.003,0.033,0.,0.033,0.005,0.,0.005,0.033,0.,0.033,0.031,0.,0.031,0.031,0.,0.031,0.049,0.,0.049,0.,0.,0.,0.271,0.,0.271,0.029,0.,0.029,0.005,0.,0.005,0.03,0.,0.03,0.03,0.,0.03,0.028,0.,0.028
350,0.402,0.003,0.398,0.001,0.,0.001,0.001,0.,0.001,0.001,0.,0.001,0.033,0.,0.033,0.001,0.,0.001,0.033,0.,0.033,0.007,0.,0.007,0.03,0.,0.03,0.101,0.,0.101,0.033,0.,0.033,0.053,0.,0.053,0.,0.,0.,0.348,0.002,0.345,0.025,0.002,0.022,0.006,0.,0.006,0.034,0.,0.034,0.034,0.,0.034,0.031,0.,0.031
360,0.371,0.,0.371,0.001,0.,0.001,0.002,0.,0.002,0.001,0.,0.001,0.032,0.,0.032,0.002,0.,0.002,0.031,0.,0.031,0.007,0.,0.007,0.036,0.,0.036,0.035,0.,0.035,0.036,0.,0.036,0.055,0.,0.055,0.,0.,0.,0.314,0.,0.314,0.04,0.,0.04,0.006,0.,0.006,0.036,0.,0.036,0.036,0.,0.036,0.038,0.,0.038
370,0.371,0.,0.371,0.001,0.,0.001,0.007,0.,0.007,0.002,0.,0.002,0.033,0.,0.033,0.001,0.,0.001,0.032,0.,0.032,0.006,0.,0.006,0.035,0.,0.035,0.035,0.,0.035,0.035,0.,0.035,0.058,0.,0.058,0.,0.,0.,0.311,0.,0.311,0.037,0.,0.037,0.006,0.,0.006,0.035,0.,0.035,0.035,0.,0.035,0.035,0.,0.035
380,0.373,0.,0.373,0.001,0.,0.001,0.002,0.,0.002,0.001,0.,0.001,0.036,0.,0.036,0.002,0.,0.002,0.036,0.,0.036,0.006,0.,0.006,0.025,0.,0.025,0.036,0.,0.036,0.038,0.,0.038,0.064,0.,0.064,0.,0.,0.,0.308,0.,0.308,0.038,0.,0.038,0.006,0.,0.006,0.037,0.,0.037,0.036,0.,0.036,0.037,0.,0.037
390,0.417,0.,0.417,0.001,0.,0.001,0.001,0.,0.001,0.002,0.,0.002,0.039,0.,0.039,0.002,0.,0.002,0.039,0.,0.039,0.006,0.,0.006,0.036,0.,0.036,0.037,0.,0.037,0.037,0.,0.037,0.07,0.,0.07,0.,0.,0.,0.345,0.,0.345,0.044,0.,0.044,0.006,0.,0.006,0.048,0.,0.048,0.038,0.,0.038,0.04,0.,0.04
400,0.446,0.,0.446,0.002,0.,0.002,0.006,0.,0.006,0.002,0.,0.002,0.065,0.,0.065,0.002,0.,0.002,0.064,0.,0.064,0.008,0.,0.008,0.039,0.,0.039,0.035,0.,0.035,0.041,0.,0.041,0.077,0.,0.077,0.,0.,0.,0.368,0.,0.368,0.039,0.,0.039,0.007,0.,0.007,0.039,0.,0.039,0.037,0.,0.037,0.041,0.,0.041
500,0.626,0.003,0.622,0.002,0.,0.002,0.002,0.,0.002,0.002,0.,0.002,0.045,0.,0.045,0.002,0.002,0.,0.045,0.,0.045,0.009,0.,0.009,0.059,0.,0.059,0.065,0.,0.065,0.058,0.,0.058,0.111,0.,0.111,0.,0.,0.,0.513,0.003,0.509,0.063,0.,0.063,0.009,0.,0.009,0.062,0.,0.062,0.064,0.,0.064,0.062,0.,0.062
600,0.897,0.,0.897,0.003,0.,0.003,0.003,0.,0.003,0.003,0.,0.003,0.054,0.,0.054,0.003,0.,0.003,0.054,0.,0.054,0.011,0.,0.011,0.094,0.,0.094,0.098,0.,0.098,0.097,0.,0.097,0.148,0.,0.148,0.,0.,0.,0.747,0.,0.746,0.081,0.,0.081,0.012,0.,0.012,0.094,0.,0.094,0.091,0.,0.091,0.095,0.,0.095
700,1.16,0.,1.16,0.003,0.,0.003,0.004,0.,0.004,0.01,0.,0.01,0.069,0.,0.069,0.004,0.,0.004,0.068,0.,0.068,0.012,0.,0.012,0.115,0.,0.115,0.127,0.,0.127,0.119,0.,0.119,0.195,0.,0.195,0.,0.,0.,0.963,0.,0.962,0.119,0.,0.119,0.014,0.,0.014,0.129,0.,0.129,0.114,0.,0.114,0.117,0.,0.117
800,1.471,0.,1.471,0.004,0.,0.004,0.004,0.,0.004,0.004,0.,0.004,0.083,0.,0.083,0.004,0.,0.004,0.083,0.,0.083,0.014,0.,0.014,0.141,0.,0.141,0.148,0.,0.148,0.147,0.,0.147,0.267,0.,0.267,0.,0.,0.,1.202,0.,1.202,0.169,0.,0.169,0.018,0.,0.018,0.141,0.,0.141,0.155,0.,0.155,0.162,0.,0.162
900,1.821,0.,1.821,0.004,0.,0.004,0.011,0.,0.011,0.004,0.,0.004,0.081,0.,0.081,0.004,0.,0.004,0.08,0.,0.08,0.016,0.,0.016,0.194,0.,0.193,0.188,0.,0.188,0.19,0.,0.19,0.335,0.,0.335,0.,0.,0.,1.484,0.,1.484,0.193,0.,0.193,0.021,0.,0.021,0.187,0.,0.187,0.195,0.,0.195,0.189,0.,0.189
1000,2.195,0.,2.195,0.005,0.,0.005,0.005,0.,0.005,0.005,0.,0.005,0.093,0.,0.093,0.005,0.,0.005,0.092,0.,0.092,0.025,0.,0.025,0.223,0.,0.223,0.238,0.,0.238,0.231,0.,0.231,0.411,0.,0.411,0.001,0.,0.001,1.781,0.,1.781,0.223,0.,0.222,0.016,0.,0.016,0.235,0.,0.235,0.222,0.,0.222,0.249,0.,0.249
1100,2.622,0.003,2.618,0.005,0.,0.005,0.006,0.,0.006,0.006,0.,0.006,0.101,0.,0.101,0.006,0.,0.006,0.1,0.,0.1,0.026,0.,0.026,0.29,0.,0.29,0.3,0.,0.3,0.281,0.003,0.277,0.491,0.,0.491,0.,0.,0.,2.129,0.003,2.125,0.279,0.,0.279,0.02,0.,0.02,0.256,0.,0.256,0.27,0.,0.27,0.276,0.,0.275
1200,3.153,0.004,3.148,0.006,0.,0.006,0.006,0.,0.006,0.006,0.,0.006,0.11,0.,0.11,0.005,0.,0.005,0.109,0.,0.109,0.022,0.,0.022,0.367,0.,0.367,0.352,0.,0.352,0.34,0.,0.34,0.579,0.003,0.574,0.001,0.,0.001,2.572,0.,2.572,0.324,0.,0.324,0.027,0.,0.027,0.328,0.,0.328,0.343,0.,0.343,0.328,0.,0.328
1300,3.647,0.003,3.642,0.008,0.,0.008,0.006,0.,0.006,0.011,0.,0.011,0.117,0.,0.117,0.006,0.,0.006,0.116,0.,0.116,0.023,0.,0.023,0.404,0.,0.404,0.38,0.,0.38,0.39,0.,0.39,0.679,0.,0.679,0.,0.,0.,2.966,0.003,2.962,0.369,0.003,0.365,0.022,0.,0.022,0.396,0.,0.396,0.404,0.,0.404,0.42,0.,0.42
1400,4.163,0.004,4.158,0.008,0.,0.008,0.008,0.,0.008,0.01,0.,0.01,0.135,0.,0.135,0.008,0.,0.008,0.134,0.,0.134,0.031,0.,0.031,0.451,0.,0.451,0.458,0.,0.458,0.449,0.,0.449,0.766,0.,0.766,0.001,0.,0.001,3.394,0.004,3.39,0.463,0.,0.463,0.024,0.003,0.02,0.444,0.,0.444,0.465,0.,0.465,0.433,0.,0.433
1500,4.692,0.003,4.688,0.011,0.,0.011,0.007,0.003,0.003,0.007,0.,0.007,0.129,0.,0.129,0.015,0.,0.015,0.127,0.,0.127,0.022,0.,0.022,0.495,0.,0.494,0.53,0.,0.53,0.502,0.,0.502,0.838,0.,0.838,0.001,0.,0.001,3.852,0.003,3.848,0.481,0.,0.481,0.026,0.,0.026,0.549,0.,0.549,0.524,0.,0.524,0.547,0.,0.547
1600,5.415,0.003,5.41,0.007,0.,0.007,0.008,0.,0.008,0.015,0.,0.015,0.14,0.,0.14,0.008,0.,0.008,0.138,0.,0.138,0.032,0.,0.032,0.621,0.,0.621,0.558,0.,0.558,0.601,0.,0.601,1.002,0.003,0.998,0.001,0.,0.001,4.41,0.,4.41,0.588,0.,0.588,0.024,0.,0.024,0.627,0.,0.627,0.579,0.,0.579,0.593,0.,0.593
1700,5.987,0.016,5.968,0.009,0.,0.009,0.008,0.,0.008,0.014,0.,0.014,0.158,0.,0.158,0.009,0.,0.009,0.156,0.,0.156,0.035,0.,0.035,0.679,0.,0.679,0.662,0.,0.662,0.702,0.,0.702,1.153,0.,1.153,0.001,0.,0.001,4.831,0.016,4.812,0.673,0.003,0.669,0.027,0.,0.027,0.561,0.003,0.557,0.652,0.,0.652,0.634,0.008,0.624
1800,6.866,0.003,6.861,0.009,0.,0.009,0.01,0.,0.01,0.01,0.,0.01,0.186,0.,0.186,0.013,0.,0.013,0.185,0.,0.185,0.03,0.,0.03,0.738,0.,0.738,0.759,0.,0.759,0.735,0.,0.735,1.263,0.003,1.259,0.001,0.,0.001,5.6,0.,5.6,0.71,0.,0.71,0.036,0.,0.036,0.738,0.,0.738,0.803,0.,0.803,0.816,0.,0.816
1900,7.614,0.004,7.604,0.01,0.,0.009,0.011,0.,0.011,0.011,0.,0.011,0.185,0.004,0.181,0.01,0.,0.01,0.184,0.004,0.18,0.035,0.,0.035,0.776,0.,0.776,0.854,0.,0.854,0.894,0.,0.894,1.416,0.,1.416,0.001,0.,0.001,6.195,0.004,6.185,0.829,0.,0.829,0.033,0.,0.033,0.847,0.,0.847,0.78,0.,0.78,0.913,0.,0.908
2000,8.402,0.003,8.397,0.02,0.,0.02,0.011,0.,0.011,0.012,0.,0.012,0.183,0.,0.183,0.011,0.,0.011,0.181,0.,0.181,0.04,0.,0.04,1.019,0.,1.019,0.979,0.,0.979,0.782,0.003,0.778,1.625,0.,1.624,0.001,0.,0.001,6.775,0.003,6.77,0.927,0.,0.927,0.039,0.,0.039,0.88,0.,0.88,0.916,0.,0.916,0.947,0.,0.946
2500,13.317,0.,13.315,0.02,0.,0.02,0.013,0.,0.013,0.018,0.,0.018,0.23,0.,0.23,0.013,0.,0.013,0.227,0.,0.227,0.048,0.,0.048,1.552,0.,1.552,1.561,0.,1.561,1.589,0.,1.589,2.499,0.,2.498,0.002,0.,0.002,10.815,0.,10.814,1.483,0.,1.483,0.042,0.,0.042,1.362,0.,1.362,1.446,0.,1.445,1.43,0.,1.43
3000,19.116,0.004,19.11,0.025,0.,0.025,0.019,0.,0.019,0.016,0.,0.016,0.288,0.,0.288,0.032,0.,0.032,0.286,0.,0.285,0.062,0.,0.062,2.111,0.,2.11,2.074,0.,2.073,2.234,0.,2.234,3.556,0.003,3.552,0.002,0.,0.002,15.557,0.,15.555,2.21,0.,2.209,0.057,0.,0.057,2.213,0.,2.213,2.108,0.,2.108,2.1,0.,2.1