param-n,abstract-regression-quadratic-real,abstract-regression-quadratic-sys,abstract-regression-quadratic-user,close-abstract-regression-quadratic-real,close-abstract-regression-quadratic-sys,close-abstract-regression-quadratic-user,ssr-rewrite!-regression-quadratic-real,ssr-rewrite!-regression-quadratic-sys,ssr-rewrite!-regression-quadratic-user,ssr-rewrite?-noop-regression-linear-real,ssr-rewrite?-noop-regression-linear-sys,ssr-rewrite?-noop-regression-linear-user
1,0.,0.,0.,0.,0.,0.,0.,0.,0.,0.,0.,0.
2,0.,0.,0.,0.,0.,0.,0.,0.,0.,0.,0.,0.
3,0.001,0.,0.001,0.,0.,0.,0.,0.,0.,0.,0.,0.
4,0.001,0.,0.001,0.,0.,0.,0.,0.,0.,0.,0.,0.
5,0.002,0.,0.002,0.,0.,0.,0.001,0.,0.001,0.,0.,0.
6,0.002,0.002,0.,0.,0.,0.,0.001,0.001,0.,0.,0.,0.
7,0.003,0.,0.003,0.,0.,0.,0.002,0.,0.002,0.,0.,0.
8,0.004,0.003,0.,0.,0.,0.,0.003,0.003,0.,0.,0.,0.
9,0.004,0.004,0.,0.001,0.001,0.,0.002,0.002,0.,0.,0.,0.
10,0.004,0.001,0.002,0.001,0.,0.,0.003,0.001,0.001,0.,0.,0.
11,0.004,0.004,0.,0.001,0.001,0.,0.003,0.003,0.,0.,0.,0.
12,0.005,0.002,0.003,0.001,0.,0.001,0.004,0.001,0.002,0.,0.,0.
13,0.006,0.,0.006,0.002,0.,0.002,0.004,0.,0.004,0.,0.,0.
14,0.064,0.,0.064,0.001,0.,0.001,0.062,0.,0.062,0.,0.,0.
15,0.007,0.,0.007,0.001,0.,0.001,0.005,0.,0.005,0.,0.,0.
16,0.007,0.,0.007,0.002,0.,0.002,0.004,0.,0.004,0.,0.,0.
17,0.008,0.,0.008,0.002,0.,0.002,0.004,0.,0.004,0.,0.,0.
18,0.009,0.,0.009,0.002,0.,0.002,0.005,0.,0.005,0.,0.,0.
19,0.009,0.,0.009,0.003,0.,0.003,0.006,0.,0.006,0.,0.,0.
20,0.011,0.,0.011,0.003,0.,0.003,0.007,0.,0.007,0.,0.,0.
21,0.011,0.,0.011,0.003,0.,0.003,0.007,0.,0.007,0.,0.,0.
22,0.012,0.,0.012,0.004,0.,0.004,0.008,0.,0.008,0.,0.,0.
23,0.018,0.,0.018,0.009,0.,0.009,0.008,0.,0.008,0.,0.,0.
24,0.014,0.,0.014,0.004,0.,0.004,0.009,0.,0.009,0.,0.,0.
25,0.018,0.,0.018,0.005,0.,0.005,0.011,0.,0.011,0.,0.,0.
26,0.018,0.,0.018,0.006,0.,0.006,0.011,0.,0.011,0.,0.,0.
27,0.017,0.,0.017,0.006,0.,0.006,0.011,0.,0.011,0.,0.,0.
28,0.019,0.,0.019,0.006,0.,0.006,0.012,0.,0.012,0.,0.,0.
29,0.033,0.,0.033,0.019,0.,0.019,0.013,0.,0.013,0.,0.,0.
30,0.021,0.,0.021,0.007,0.,0.007,0.013,0.,0.013,0.,0.,0.
31,0.024,0.,0.024,0.008,0.,0.008,0.015,0.,0.015,0.,0.,0.
32,0.024,0.,0.024,0.007,0.,0.007,0.016,0.,0.016,0.,0.,0.
33,0.024,0.,0.024,0.008,0.,0.008,0.015,0.,0.015,0.,0.,0.
34,0.026,0.,0.026,0.009,0.,0.009,0.016,0.,0.016,0.,0.,0.
35,0.042,0.,0.042,0.01,0.,0.01,0.031,0.,0.031,0.,0.,0.
36,0.03,0.,0.03,0.01,0.,0.01,0.019,0.,0.019,0.,0.,0.
37,0.032,0.,0.032,0.011,0.,0.011,0.02,0.,0.02,0.,0.,0.
38,0.032,0.,0.032,0.011,0.,0.011,0.02,0.,0.02,0.,0.,0.
39,0.034,0.,0.034,0.012,0.,0.012,0.021,0.,0.021,0.,0.,0.
40,0.093,0.,0.093,0.07,0.,0.07,0.022,0.,0.022,0.,0.,0.
41,0.038,0.,0.038,0.013,0.,0.013,0.024,0.,0.024,0.,0.,0.
42,0.041,0.,0.041,0.016,0.,0.016,0.024,0.,0.024,0.,0.,0.
43,0.041,0.,0.041,0.015,0.,0.015,0.024,0.,0.024,0.,0.,0.
44,0.073,0.,0.073,0.015,0.,0.015,0.057,0.,0.057,0.,0.,0.
45,0.047,0.,0.047,0.016,0.,0.016,0.027,0.,0.027,0.,0.,0.
46,0.047,0.,0.047,0.016,0.,0.016,0.029,0.,0.029,0.,0.,0.
47,0.049,0.,0.049,0.018,0.,0.018,0.03,0.,0.03,0.,0.,0.
48,0.052,0.,0.052,0.019,0.,0.019,0.032,0.,0.032,0.,0.,0.
49,0.051,0.,0.051,0.018,0.,0.018,0.032,0.,0.032,0.,0.,0.
50,0.118,0.027,0.091,0.076,0.011,0.064,0.042,0.015,0.026,0.,0.,0.
51,0.058,0.,0.058,0.022,0.,0.022,0.034,0.,0.034,0.,0.,0.
52,0.058,0.,0.058,0.022,0.,0.022,0.035,0.,0.035,0.,0.,0.
53,0.06,0.,0.06,0.023,0.,0.023,0.035,0.,0.035,0.,0.,0.
54,0.063,0.,0.063,0.023,0.,0.023,0.038,0.,0.038,0.,0.,0.
55,0.068,0.,0.068,0.027,0.,0.027,0.04,0.,0.04,0.,0.,0.
56,0.065,0.003,0.061,0.026,0.003,0.022,0.038,0.,0.038,0.,0.,0.
57,0.068,0.,0.068,0.026,0.,0.026,0.041,0.,0.041,0.,0.,0.
58,0.069,0.003,0.065,0.026,0.003,0.022,0.042,0.,0.042,0.,0.,0.
59,0.07,0.,0.07,0.024,0.,0.024,0.045,0.,0.045,0.,0.,0.
60,0.072,0.,0.072,0.027,0.,0.027,0.043,0.,0.043,0.,0.,0.
61,0.082,0.,0.082,0.03,0.,0.03,0.05,0.,0.05,0.,0.,0.
62,0.08,0.,0.08,0.032,0.,0.032,0.047,0.,0.047,0.,0.,0.
63,0.081,0.,0.081,0.031,0.,0.031,0.049,0.,0.049,0.,0.,0.
64,0.081,0.002,0.078,0.031,0.,0.031,0.049,0.002,0.047,0.,0.,0.
65,0.085,0.003,0.081,0.03,0.,0.03,0.054,0.003,0.05,0.,0.,0.
66,0.093,0.,0.093,0.037,0.,0.037,0.054,0.,0.054,0.,0.,0.
67,0.094,0.,0.094,0.037,0.,0.037,0.055,0.,0.055,0.,0.,0.
68,0.097,0.,0.097,0.036,0.,0.036,0.06,0.,0.06,0.,0.,0.
69,0.101,0.,0.101,0.036,0.,0.036,0.064,0.,0.064,0.,0.,0.
70,0.103,0.,0.103,0.041,0.,0.041,0.061,0.,0.061,0.,0.,0.
71,0.104,0.,0.104,0.04,0.,0.04,0.063,0.,0.063,0.,0.,0.
72,0.107,0.,0.107,0.041,0.,0.041,0.064,0.,0.064,0.,0.,0.
73,0.11,0.,0.11,0.042,0.,0.042,0.066,0.,0.066,0.,0.,0.
74,0.114,0.,0.114,0.043,0.,0.043,0.07,0.,0.07,0.,0.,0.
75,0.118,0.002,0.115,0.045,0.,0.045,0.072,0.002,0.07,0.,0.,0.
76,0.12,0.,0.12,0.044,0.,0.044,0.074,0.,0.074,0.,0.,0.
77,0.124,0.,0.124,0.048,0.,0.048,0.075,0.,0.075,0.,0.,0.
78,0.125,0.,0.125,0.047,0.,0.047,0.077,0.,0.077,0.,0.,0.
79,0.131,0.,0.131,0.049,0.,0.049,0.081,0.,0.081,0.,0.,0.
80,0.131,0.,0.131,0.049,0.,0.049,0.081,0.,0.081,0.,0.,0.
81,0.138,0.,0.138,0.052,0.,0.052,0.084,0.,0.084,0.,0.,0.
82,0.139,0.,0.139,0.055,0.,0.055,0.083,0.,0.083,0.,0.,0.
83,0.15,0.,0.15,0.056,0.,0.056,0.092,0.,0.092,0.,0.,0.
84,0.158,0.,0.158,0.057,0.,0.057,0.099,0.,0.099,0.,0.,0.
85,0.149,0.,0.149,0.057,0.,0.057,0.091,0.,0.091,0.,0.,0.
86,0.155,0.,0.155,0.058,0.,0.058,0.094,0.,0.094,0.,0.,0.
87,0.162,0.,0.162,0.066,0.,0.066,0.094,0.,0.094,0.,0.,0.
88,0.164,0.003,0.16,0.057,0.,0.057,0.105,0.003,0.101,0.,0.,0.
89,0.168,0.,0.168,0.065,0.,0.065,0.101,0.,0.101,0.,0.,0.
90,0.166,0.,0.166,0.065,0.,0.065,0.099,0.,0.099,0.,0.,0.
91,0.166,0.,0.166,0.064,0.,0.064,0.1,0.,0.1,0.,0.,0.
92,0.179,0.,0.179,0.069,0.,0.069,0.109,0.,0.109,0.,0.,0.
93,0.174,0.003,0.17,0.07,0.003,0.066,0.103,0.,0.103,0.,0.,0.
94,0.19,0.,0.19,0.074,0.,0.074,0.114,0.,0.114,0.,0.,0.
95,0.186,0.,0.186,0.072,0.,0.072,0.112,0.,0.112,0.,0.,0.
96,0.2,0.,0.2,0.075,0.,0.075,0.124,0.,0.124,0.,0.,0.
97,0.196,0.,0.196,0.079,0.,0.079,0.115,0.,0.115,0.,0.,0.
98,0.204,0.,0.204,0.078,0.,0.078,0.125,0.,0.125,0.,0.,0.
99,0.208,0.,0.208,0.082,0.,0.082,0.124,0.,0.124,0.,0.,0.
100,0.199,0.003,0.195,0.083,0.,0.083,0.114,0.003,0.111,0.,0.,0.
110,0.251,0.,0.251,0.096,0.,0.096,0.153,0.,0.153,0.,0.,0.
120,0.294,0.003,0.29,0.111,0.,0.111,0.182,0.003,0.178,0.,0.,0.
130,0.342,0.,0.341,0.13,0.,0.13,0.21,0.,0.209,0.,0.,0.
140,0.393,0.003,0.389,0.152,0.003,0.148,0.239,0.,0.239,0.,0.,0.
150,0.528,0.,0.528,0.203,0.,0.203,0.323,0.,0.323,0.,0.,0.
160,0.508,0.,0.508,0.201,0.,0.201,0.306,0.,0.306,0.,0.,0.
170,0.56,0.,0.56,0.219,0.,0.219,0.339,0.,0.339,0.,0.,0.
180,0.651,0.003,0.647,0.261,0.,0.261,0.388,0.003,0.384,0.,0.,0.
190,0.702,0.004,0.698,0.28,0.,0.28,0.42,0.003,0.416,0.,0.,0.
200,0.769,0.003,0.765,0.325,0.003,0.322,0.442,0.,0.442,0.,0.,0.
210,0.841,0.,0.841,0.339,0.,0.339,0.5,0.,0.5,0.,0.,0.
220,0.94,0.003,0.936,0.396,0.003,0.392,0.542,0.,0.542,0.,0.,0.
230,1.167,0.,1.167,0.583,0.,0.583,0.582,0.,0.582,0.,0.,0.
240,1.099,0.,1.099,0.452,0.,0.452,0.644,0.,0.644,0.,0.,0.
250,1.198,0.007,1.191,0.504,0.007,0.496,0.693,0.,0.693,0.,0.,0.
260,1.248,0.,1.248,0.506,0.,0.506,0.74,0.,0.74,0.,0.,0.
270,1.314,0.,1.314,0.538,0.,0.538,0.774,0.,0.774,0.,0.,0.
280,1.441,0.,1.441,0.575,0.,0.575,0.864,0.,0.864,0.,0.,0.
290,1.567,0.,1.567,0.642,0.,0.642,0.922,0.,0.922,0.,0.,0.
300,1.641,0.011,1.629,0.659,0.,0.659,0.98,0.011,0.968,0.,0.,0.
310,1.74,0.007,1.732,0.713,0.007,0.705,1.025,0.,1.025,0.,0.,0.
320,1.906,0.,1.906,0.783,0.,0.783,1.12,0.,1.12,0.,0.,0.
330,2.013,0.,2.013,0.807,0.,0.806,1.203,0.,1.203,0.,0.,0.
340,2.126,0.003,2.12,0.848,0.,0.847,1.276,0.003,1.27,0.,0.,0.
350,2.282,0.023,2.258,0.929,0.011,0.916,1.352,0.011,1.34,0.,0.,0.
360,2.373,0.012,2.36,0.966,0.011,0.954,1.405,0.,1.404,0.,0.,0.
370,2.741,0.,2.741,1.028,0.,1.028,1.71,0.,1.71,0.,0.,0.
380,2.601,0.,2.601,1.029,0.,1.028,1.57,0.,1.57,0.,0.,0.
390,2.721,0.003,2.717,1.102,0.003,1.098,1.616,0.,1.616,0.,0.,0.
400,2.958,0.028,2.93,1.205,0.015,1.189,1.751,0.012,1.738,0.,0.,0.