param-n,abstract+autorewrite-regression-quadratic-real,abstract+autorewrite-regression-quadratic-sys,abstract+autorewrite-regression-quadratic-user,abstract+rewrite!-regression-quadratic-real,abstract+rewrite!-regression-quadratic-sys,abstract+rewrite!-regression-quadratic-user,autorewrite-noop-regression-linear-real,autorewrite-noop-regression-linear-sys,autorewrite-noop-regression-linear-user,autorewrite-regression-quadratic-real,autorewrite-regression-quadratic-sys,autorewrite-regression-quadratic-user,close-abstract+autorewrite-regression-quadratic-real,close-abstract+autorewrite-regression-quadratic-sys,close-abstract+autorewrite-regression-quadratic-user,close-abstract+rewrite!-regression-quadratic-real,close-abstract+rewrite!-regression-quadratic-sys,close-abstract+rewrite!-regression-quadratic-user,rewrite!-regression-quadratic-real,rewrite!-regression-quadratic-sys,rewrite!-regression-quadratic-user,rewrite?-noop-regression-linear-real,rewrite?-noop-regression-linear-sys,rewrite?-noop-regression-linear-user
1,0.001,0.,0.001,0.,0.,0.,0.,0.,0.,0.,0.,0.,0.,0.,0.,0.,0.,0.,0.,0.,0.,0.,0.,0.
2,0.001,0.,0.001,0.001,0.,0.,0.,0.,0.,0.001,0.,0.001,0.,0.,0.,0.,0.,0.,0.,0.,0.,0.,0.,0.
3,0.002,0.002,0.,0.001,0.,0.001,0.,0.,0.,0.001,0.001,0.,0.,0.,0.,0.,0.,0.,0.001,0.,0.001,0.,0.,0.
4,0.002,0.,0.002,0.002,0.,0.001,0.,0.,0.,0.001,0.,0.001,0.,0.,0.,0.,0.,0.,0.,0.,0.,0.,0.,0.
5,0.002,0.001,0.001,0.002,0.002,0.,0.,0.,0.,0.001,0.,0.001,0.,0.,0.,0.,0.,0.,0.001,0.001,0.,0.,0.,0.
6,0.003,0.002,0.,0.002,0.,0.002,0.,0.,0.,0.002,0.002,0.,0.,0.,0.,0.,0.,0.,0.001,0.,0.001,0.,0.,0.
7,0.003,0.003,0.,0.003,0.,0.003,0.,0.,0.,0.003,0.003,0.,0.,0.,0.,0.,0.,0.,0.002,0.,0.002,0.,0.,0.
8,0.004,0.,0.004,0.003,0.003,0.,0.,0.,0.,0.002,0.,0.002,0.,0.,0.,0.,0.,0.,0.002,0.002,0.,0.,0.,0.
9,0.005,0.,0.004,0.004,0.004,0.,0.,0.,0.,0.003,0.,0.003,0.001,0.,0.,0.,0.,0.,0.002,0.002,0.,0.,0.,0.
10,0.005,0.,0.005,0.004,0.,0.004,0.,0.,0.,0.003,0.,0.003,0.,0.,0.,0.,0.,0.,0.003,0.,0.003,0.,0.,0.
11,0.005,0.,0.005,0.006,0.003,0.003,0.,0.,0.,0.004,0.,0.004,0.001,0.,0.001,0.001,0.,0.001,0.005,0.003,0.001,0.,0.,0.
12,0.007,0.,0.007,0.006,0.004,0.002,0.001,0.,0.001,0.004,0.,0.004,0.001,0.,0.001,0.001,0.,0.001,0.005,0.003,0.001,0.,0.,0.
13,0.06,0.003,0.056,0.007,0.,0.007,0.,0.,0.,0.058,0.003,0.055,0.001,0.,0.001,0.001,0.,0.001,0.005,0.,0.004,0.,0.,0.
14,0.006,0.,0.006,0.065,0.011,0.053,0.,0.,0.,0.004,0.,0.004,0.001,0.,0.001,0.001,0.,0.001,0.063,0.011,0.051,0.,0.,0.
15,0.007,0.,0.007,0.006,0.,0.006,0.,0.,0.,0.005,0.,0.005,0.001,0.,0.001,0.001,0.,0.001,0.004,0.,0.004,0.,0.,0.
16,0.007,0.,0.007,0.007,0.,0.007,0.,0.,0.,0.005,0.,0.005,0.001,0.,0.001,0.001,0.,0.001,0.005,0.,0.005,0.,0.,0.
17,0.008,0.,0.008,0.008,0.,0.008,0.,0.,0.,0.006,0.,0.006,0.001,0.,0.001,0.001,0.,0.001,0.006,0.,0.006,0.,0.,0.
18,0.009,0.,0.009,0.008,0.,0.008,0.,0.,0.,0.006,0.,0.006,0.001,0.,0.001,0.001,0.,0.001,0.006,0.,0.006,0.,0.,0.
19,0.009,0.,0.009,0.009,0.,0.009,0.,0.,0.,0.007,0.,0.007,0.001,0.,0.001,0.001,0.,0.001,0.006,0.,0.006,0.,0.,0.
20,0.012,0.,0.012,0.01,0.,0.01,0.,0.,0.,0.01,0.,0.01,0.002,0.,0.002,0.002,0.,0.002,0.007,0.,0.007,0.,0.,0.
21,0.01,0.,0.01,0.01,0.,0.01,0.,0.,0.,0.007,0.,0.007,0.002,0.,0.002,0.002,0.,0.002,0.007,0.,0.007,0.,0.,0.
22,0.012,0.,0.012,0.012,0.,0.012,0.,0.,0.,0.008,0.,0.008,0.003,0.,0.003,0.002,0.,0.002,0.009,0.,0.009,0.,0.,0.
23,0.012,0.,0.012,0.012,0.,0.012,0.,0.,0.,0.009,0.,0.009,0.002,0.,0.002,0.002,0.,0.002,0.009,0.,0.009,0.,0.,0.
24,0.013,0.,0.013,0.013,0.,0.013,0.,0.,0.,0.009,0.,0.009,0.002,0.,0.002,0.002,0.,0.002,0.009,0.,0.009,0.,0.,0.
25,0.015,0.,0.015,0.019,0.,0.019,0.,0.,0.,0.011,0.,0.011,0.003,0.,0.003,0.006,0.,0.006,0.011,0.,0.011,0.,0.,0.
26,0.016,0.,0.016,0.017,0.,0.017,0.,0.,0.,0.012,0.,0.012,0.003,0.,0.003,0.003,0.,0.003,0.013,0.,0.013,0.,0.,0.
27,0.016,0.,0.016,0.016,0.,0.016,0.,0.,0.,0.011,0.,0.011,0.003,0.,0.003,0.003,0.,0.003,0.012,0.,0.012,0.,0.,0.
28,0.017,0.,0.017,0.017,0.,0.017,0.,0.,0.,0.012,0.,0.012,0.003,0.,0.003,0.003,0.,0.003,0.012,0.,0.012,0.,0.,0.
29,0.031,0.,0.031,0.031,0.,0.031,0.,0.,0.,0.026,0.,0.026,0.004,0.,0.004,0.004,0.,0.004,0.025,0.,0.025,0.,0.,0.
30,0.019,0.,0.019,0.019,0.,0.019,0.,0.,0.,0.014,0.,0.014,0.004,0.,0.004,0.004,0.,0.004,0.013,0.,0.013,0.,0.,0.
31,0.021,0.,0.021,0.023,0.,0.023,0.,0.,0.,0.015,0.,0.015,0.005,0.,0.005,0.004,0.,0.004,0.017,0.,0.017,0.,0.,0.
32,0.021,0.,0.021,0.023,0.,0.023,0.,0.,0.,0.016,0.,0.016,0.004,0.,0.004,0.005,0.,0.005,0.017,0.,0.017,0.,0.,0.
33,0.023,0.,0.023,0.023,0.,0.023,0.,0.,0.,0.017,0.,0.017,0.005,0.,0.005,0.005,0.,0.005,0.017,0.,0.017,0.,0.,0.
34,0.038,0.,0.038,0.038,0.,0.038,0.,0.,0.,0.031,0.,0.031,0.006,0.,0.006,0.019,0.,0.019,0.018,0.,0.018,0.,0.,0.
35,0.025,0.,0.025,0.025,0.,0.025,0.,0.,0.,0.018,0.,0.018,0.005,0.,0.005,0.005,0.,0.005,0.019,0.,0.019,0.,0.,0.
36,0.028,0.,0.028,0.026,0.002,0.023,0.002,0.,0.002,0.02,0.,0.02,0.005,0.,0.005,0.006,0.,0.005,0.019,0.002,0.016,0.,0.,0.
37,0.027,0.,0.027,0.029,0.,0.029,0.,0.,0.,0.02,0.,0.02,0.006,0.,0.006,0.006,0.,0.006,0.021,0.,0.021,0.,0.,0.
38,0.03,0.,0.03,0.028,0.,0.028,0.,0.,0.,0.022,0.,0.022,0.007,0.,0.007,0.006,0.,0.006,0.02,0.,0.02,0.,0.,0.
39,0.03,0.,0.03,0.032,0.,0.032,0.,0.,0.,0.022,0.,0.022,0.007,0.,0.007,0.008,0.,0.008,0.022,0.,0.022,0.,0.,0.
40,0.087,0.,0.087,0.032,0.,0.032,0.,0.,0.,0.078,0.,0.078,0.007,0.,0.007,0.007,0.,0.007,0.023,0.,0.023,0.,0.,0.
41,0.032,0.,0.032,0.09,0.,0.09,0.,0.,0.,0.024,0.,0.024,0.007,0.,0.007,0.008,0.,0.008,0.08,0.,0.08,0.,0.,0.
42,0.034,0.,0.034,0.039,0.,0.039,0.,0.,0.,0.025,0.,0.025,0.007,0.,0.007,0.013,0.,0.013,0.024,0.,0.024,0.,0.,0.
43,0.061,0.,0.061,0.038,0.,0.038,0.,0.,0.,0.024,0.,0.024,0.036,0.,0.036,0.008,0.,0.008,0.028,0.,0.028,0.,0.,0.
44,0.035,0.,0.035,0.066,0.,0.066,0.,0.,0.,0.025,0.,0.025,0.009,0.,0.009,0.009,0.,0.009,0.055,0.,0.055,0.,0.,0.
45,0.038,0.,0.038,0.049,0.,0.049,0.,0.,0.,0.028,0.,0.028,0.008,0.,0.008,0.01,0.,0.01,0.037,0.,0.037,0.,0.,0.
46,0.059,0.,0.059,0.041,0.,0.041,0.,0.,0.,0.029,0.,0.029,0.029,0.,0.029,0.01,0.,0.01,0.03,0.,0.03,0.,0.,0.
47,0.04,0.,0.04,0.062,0.,0.062,0.,0.,0.,0.028,0.,0.028,0.01,0.,0.01,0.01,0.,0.01,0.05,0.,0.05,0.,0.,0.
48,0.043,0.,0.043,0.044,0.,0.044,0.,0.,0.,0.032,0.,0.032,0.01,0.,0.01,0.01,0.,0.01,0.032,0.,0.032,0.,0.,0.
49,0.044,0.,0.044,0.047,0.,0.047,0.,0.,0.,0.032,0.,0.032,0.01,0.,0.01,0.01,0.,0.01,0.035,0.,0.035,0.,0.,0.
50,0.119,0.012,0.107,0.12,0.019,0.101,0.,0.,0.,0.051,0.007,0.043,0.067,0.003,0.063,0.069,0.003,0.066,0.048,0.015,0.033,0.,0.,0.
51,0.048,0.002,0.046,0.049,0.,0.049,0.,0.,0.,0.036,0.002,0.034,0.011,0.,0.011,0.011,0.,0.011,0.035,0.,0.035,0.,0.,0.
52,0.049,0.,0.049,0.05,0.,0.05,0.,0.,0.,0.035,0.,0.035,0.012,0.,0.012,0.012,0.,0.012,0.036,0.,0.036,0.,0.,0.
53,0.05,0.,0.05,0.052,0.,0.052,0.,0.,0.,0.036,0.,0.036,0.012,0.,0.012,0.013,0.,0.013,0.038,0.,0.038,0.,0.,0.
54,0.05,0.,0.05,0.053,0.,0.053,0.,0.,0.,0.036,0.,0.036,0.012,0.,0.012,0.013,0.,0.013,0.038,0.,0.038,0.,0.,0.
55,0.054,0.,0.054,0.056,0.,0.056,0.,0.,0.,0.039,0.,0.039,0.014,0.,0.014,0.014,0.,0.014,0.041,0.,0.041,0.,0.,0.
56,0.055,0.,0.055,0.056,0.,0.056,0.,0.,0.,0.04,0.,0.04,0.014,0.,0.014,0.013,0.,0.013,0.041,0.,0.041,0.,0.,0.
57,0.058,0.,0.058,0.058,0.,0.058,0.,0.,0.,0.04,0.,0.04,0.015,0.,0.015,0.014,0.,0.014,0.042,0.,0.042,0.,0.,0.
58,0.059,0.003,0.055,0.061,0.,0.061,0.,0.,0.,0.043,0.,0.043,0.014,0.002,0.011,0.015,0.,0.015,0.045,0.,0.045,0.,0.,0.
59,0.062,0.,0.062,0.061,0.,0.061,0.,0.,0.,0.043,0.,0.043,0.016,0.,0.016,0.016,0.,0.016,0.043,0.,0.043,0.,0.,0.
60,0.064,0.,0.064,0.065,0.,0.065,0.,0.,0.,0.046,0.,0.046,0.016,0.,0.016,0.015,0.,0.015,0.047,0.,0.047,0.,0.,0.
61,0.065,0.,0.065,0.066,0.,0.066,0.,0.,0.,0.049,0.,0.049,0.015,0.,0.015,0.017,0.,0.017,0.046,0.,0.046,0.,0.,0.
62,0.068,0.,0.068,0.069,0.,0.069,0.,0.,0.,0.05,0.,0.05,0.016,0.,0.016,0.017,0.,0.017,0.049,0.,0.049,0.,0.,0.
63,0.071,0.,0.071,0.072,0.,0.072,0.,0.,0.,0.051,0.,0.051,0.018,0.,0.018,0.017,0.,0.017,0.053,0.,0.053,0.,0.,0.
64,0.071,0.,0.071,0.074,0.,0.074,0.003,0.,0.003,0.049,0.,0.049,0.017,0.,0.017,0.02,0.,0.02,0.052,0.,0.052,0.,0.,0.
65,0.075,0.,0.075,0.074,0.,0.074,0.,0.,0.,0.054,0.,0.054,0.019,0.,0.019,0.018,0.,0.018,0.053,0.,0.053,0.001,0.,0.001
66,0.076,0.,0.076,0.077,0.003,0.073,0.,0.,0.,0.055,0.,0.055,0.019,0.,0.019,0.019,0.,0.019,0.056,0.003,0.052,0.,0.,0.
67,0.075,0.,0.075,0.078,0.,0.078,0.,0.,0.,0.055,0.,0.055,0.018,0.,0.018,0.021,0.,0.021,0.055,0.,0.055,0.,0.,0.
68,0.08,0.,0.08,0.081,0.,0.081,0.,0.,0.,0.057,0.,0.057,0.021,0.,0.021,0.021,0.,0.021,0.058,0.,0.058,0.,0.,0.
69,0.083,0.,0.083,0.086,0.,0.086,0.,0.,0.,0.06,0.,0.06,0.021,0.,0.021,0.023,0.,0.023,0.062,0.,0.062,0.,0.,0.
70,0.083,0.,0.082,0.086,0.,0.086,0.,0.,0.,0.06,0.,0.06,0.021,0.,0.021,0.02,0.,0.02,0.064,0.,0.063,0.,0.,0.
71,0.087,0.,0.087,0.088,0.,0.088,0.,0.,0.,0.064,0.,0.064,0.021,0.,0.021,0.023,0.,0.023,0.062,0.,0.062,0.,0.,0.
72,0.089,0.,0.089,0.087,0.,0.087,0.,0.,0.,0.064,0.,0.064,0.023,0.,0.023,0.022,0.,0.022,0.062,0.,0.062,0.,0.,0.
73,0.094,0.,0.094,0.089,0.,0.089,0.,0.,0.,0.069,0.,0.069,0.023,0.,0.023,0.023,0.,0.023,0.063,0.,0.063,0.002,0.,0.002
74,0.091,0.,0.091,0.095,0.,0.095,0.,0.,0.,0.065,0.,0.065,0.024,0.,0.024,0.025,0.,0.025,0.068,0.,0.068,0.,0.,0.
75,0.097,0.,0.097,0.098,0.,0.098,0.,0.,0.,0.07,0.,0.07,0.025,0.,0.025,0.024,0.,0.024,0.072,0.,0.072,0.,0.,0.
76,0.103,0.,0.103,0.101,0.,0.101,0.002,0.,0.002,0.075,0.,0.075,0.024,0.,0.024,0.024,0.,0.024,0.075,0.,0.075,0.,0.,0.
77,0.104,0.,0.104,0.102,0.,0.102,0.,0.,0.,0.076,0.,0.076,0.025,0.,0.025,0.025,0.,0.025,0.071,0.,0.071,0.004,0.,0.004
78,0.105,0.,0.105,0.103,0.,0.103,0.,0.,0.,0.078,0.,0.078,0.025,0.,0.025,0.026,0.,0.026,0.074,0.,0.074,0.,0.,0.
79,0.106,0.,0.106,0.105,0.,0.105,0.,0.,0.,0.078,0.,0.078,0.025,0.,0.025,0.028,0.,0.028,0.075,0.,0.075,0.,0.,0.
80,0.109,0.,0.109,0.112,0.,0.112,0.,0.,0.,0.078,0.,0.078,0.029,0.,0.029,0.03,0.,0.03,0.08,0.,0.08,0.,0.,0.
81,0.113,0.003,0.11,0.111,0.,0.111,0.,0.,0.,0.08,0.,0.08,0.031,0.003,0.027,0.03,0.,0.03,0.079,0.,0.079,0.,0.,0.
82,0.119,0.,0.119,0.115,0.,0.114,0.,0.,0.,0.084,0.,0.084,0.033,0.,0.033,0.032,0.,0.032,0.081,0.,0.08,0.,0.,0.
83,0.117,0.,0.117,0.116,0.,0.116,0.,0.,0.,0.086,0.,0.086,0.029,0.,0.029,0.031,0.,0.031,0.082,0.,0.082,0.,0.,0.
84,0.123,0.,0.123,0.12,0.,0.12,0.,0.,0.,0.091,0.,0.091,0.029,0.,0.029,0.029,0.,0.029,0.084,0.,0.084,0.004,0.,0.004
85,0.124,0.,0.124,0.127,0.003,0.123,0.,0.,0.,0.091,0.,0.091,0.031,0.,0.031,0.03,0.,0.03,0.095,0.003,0.091,0.,0.,0.
86,0.13,0.,0.13,0.128,0.,0.128,0.,0.,0.,0.093,0.,0.093,0.035,0.,0.035,0.031,0.,0.031,0.095,0.,0.095,0.,0.,0.
87,0.127,0.003,0.123,0.127,0.,0.127,0.,0.,0.,0.09,0.,0.09,0.034,0.003,0.03,0.034,0.,0.034,0.091,0.,0.091,0.,0.,0.
88,0.134,0.,0.134,0.132,0.,0.132,0.001,0.,0.001,0.099,0.,0.099,0.033,0.,0.033,0.031,0.,0.031,0.099,0.,0.099,0.,0.,0.
89,0.141,0.,0.141,0.146,0.,0.146,0.001,0.,0.001,0.103,0.,0.103,0.036,0.,0.036,0.039,0.,0.039,0.105,0.,0.105,0.,0.,0.
90,0.136,0.,0.136,0.135,0.,0.135,0.,0.,0.,0.096,0.,0.096,0.038,0.,0.038,0.037,0.,0.037,0.095,0.,0.095,0.,0.,0.
91,0.134,0.,0.134,0.163,0.,0.163,0.,0.,0.,0.095,0.,0.095,0.037,0.,0.037,0.047,0.,0.047,0.113,0.,0.113,0.,0.,0.
92,0.137,0.,0.137,0.137,0.,0.137,0.001,0.,0.001,0.096,0.,0.096,0.038,0.,0.038,0.036,0.,0.036,0.099,0.,0.099,0.,0.,0.
93,0.145,0.003,0.141,0.149,0.007,0.141,0.,0.,0.,0.104,0.003,0.1,0.039,0.,0.039,0.04,0.,0.04,0.106,0.007,0.098,0.,0.,0.
94,0.141,0.,0.141,0.154,0.,0.154,0.,0.,0.,0.101,0.,0.101,0.037,0.,0.037,0.041,0.,0.041,0.11,0.,0.11,0.001,0.,0.001
95,0.144,0.,0.144,0.152,0.,0.152,0.,0.,0.,0.102,0.,0.102,0.04,0.,0.04,0.041,0.,0.041,0.108,0.,0.108,0.001,0.,0.001
96,0.159,0.,0.159,0.162,0.,0.162,0.001,0.,0.001,0.112,0.,0.112,0.045,0.,0.045,0.043,0.,0.043,0.117,0.,0.117,0.001,0.,0.001
97,0.156,0.003,0.152,0.179,0.,0.179,0.,0.,0.,0.111,0.003,0.107,0.043,0.,0.043,0.045,0.,0.045,0.132,0.,0.132,0.001,0.,0.001
98,0.16,0.,0.16,0.168,0.,0.168,0.001,0.,0.001,0.117,0.,0.117,0.04,0.,0.04,0.044,0.,0.044,0.12,0.,0.12,0.001,0.,0.001
99,0.167,0.,0.167,0.167,0.,0.167,0.001,0.,0.001,0.118,0.,0.118,0.042,0.,0.042,0.043,0.,0.043,0.121,0.,0.121,0.001,0.,0.001
100,0.184,0.004,0.18,0.181,0.,0.181,0.001,0.,0.,0.127,0.003,0.123,0.055,0.,0.055,0.056,0.,0.056,0.123,0.,0.123,0.001,0.,0.001
110,0.195,0.,0.195,0.205,0.,0.205,0.001,0.,0.001,0.139,0.,0.139,0.053,0.,0.053,0.058,0.,0.058,0.144,0.,0.144,0.001,0.,0.001
120,0.24,0.003,0.236,0.241,0.,0.241,0.001,0.,0.001,0.171,0.003,0.167,0.066,0.,0.066,0.065,0.,0.065,0.173,0.,0.173,0.001,0.,0.001
130,0.278,0.003,0.274,0.287,0.,0.287,0.001,0.,0.001,0.202,0.003,0.198,0.073,0.,0.073,0.079,0.,0.079,0.205,0.,0.205,0.001,0.,0.001
140,0.319,0.,0.319,0.323,0.,0.323,0.001,0.,0.001,0.229,0.,0.229,0.087,0.,0.087,0.083,0.,0.083,0.237,0.,0.237,0.001,0.,0.001
150,0.47,0.,0.47,0.452,0.007,0.444,0.001,0.,0.001,0.299,0.,0.299,0.168,0.,0.168,0.171,0.,0.171,0.278,0.007,0.271,0.001,0.,0.001
160,0.423,0.,0.423,0.414,0.,0.414,0.001,0.,0.001,0.304,0.,0.304,0.116,0.,0.116,0.108,0.,0.108,0.299,0.,0.299,0.001,0.,0.001
170,0.452,0.,0.452,0.462,0.003,0.458,0.001,0.,0.001,0.325,0.,0.325,0.123,0.,0.123,0.122,0.003,0.118,0.337,0.,0.337,0.001,0.,0.001
180,0.504,0.,0.504,0.515,0.,0.515,0.001,0.,0.001,0.358,0.,0.358,0.142,0.,0.142,0.142,0.,0.142,0.37,0.,0.37,0.001,0.,0.001
190,0.58,0.019,0.56,0.576,0.003,0.571,0.001,0.,0.001,0.406,0.015,0.39,0.17,0.004,0.166,0.155,0.,0.154,0.417,0.003,0.413,0.001,0.,0.001
200,0.682,0.012,0.67,0.697,0.003,0.692,0.002,0.,0.002,0.494,0.011,0.482,0.185,0.,0.185,0.186,0.,0.186,0.506,0.003,0.503,0.002,0.,0.002
210,0.682,0.,0.682,0.686,0.,0.686,0.002,0.,0.002,0.487,0.,0.487,0.191,0.,0.191,0.188,0.,0.188,0.493,0.,0.493,0.002,0.,0.002
220,0.761,0.,0.761,0.739,0.,0.739,0.002,0.,0.002,0.537,0.,0.537,0.22,0.,0.22,0.207,0.,0.207,0.528,0.,0.528,0.002,0.,0.002
230,0.835,0.008,0.827,0.867,0.003,0.863,0.002,0.,0.002,0.598,0.004,0.594,0.234,0.003,0.23,0.243,0.003,0.239,0.62,0.,0.62,0.002,0.,0.002
240,0.894,0.011,0.882,0.914,0.012,0.902,0.002,0.,0.002,0.631,0.008,0.623,0.258,0.003,0.254,0.253,0.,0.253,0.657,0.011,0.645,0.002,0.,0.002
250,0.991,0.005,0.985,0.994,0.,0.993,0.003,0.,0.003,0.706,0.001,0.705,0.28,0.004,0.276,0.274,0.,0.274,0.715,0.,0.715,0.002,0.,0.002
260,1.034,0.007,1.026,1.062,0.003,1.058,0.002,0.,0.002,0.739,0.003,0.735,0.289,0.003,0.285,0.293,0.,0.293,0.764,0.003,0.76,0.002,0.,0.002
270,1.106,0.003,1.102,1.134,0.007,1.126,0.002,0.,0.002,0.767,0.,0.767,0.334,0.003,0.33,0.335,0.,0.335,0.795,0.007,0.787,0.002,0.,0.002
280,1.195,0.,1.195,1.205,0.,1.205,0.002,0.,0.002,0.856,0.,0.856,0.333,0.,0.333,0.336,0.,0.336,0.864,0.,0.864,0.002,0.,0.002
290,1.265,0.,1.265,1.474,0.,1.471,0.002,0.,0.002,0.891,0.,0.891,0.369,0.,0.369,0.384,0.,0.384,1.085,0.,1.082,0.002,0.,0.002
300,1.421,0.012,1.409,1.413,0.003,1.409,0.002,0.,0.002,1.008,0.007,1.,0.409,0.004,0.405,0.399,0.,0.399,1.009,0.003,1.005,0.002,0.,0.002
310,1.453,0.,1.453,1.48,0.,1.48,0.002,0.,0.002,1.034,0.,1.034,0.413,0.,0.413,0.412,0.,0.412,1.06,0.,1.059,0.003,0.,0.003
320,1.543,0.,1.542,1.503,0.,1.503,0.005,0.,0.005,1.098,0.,1.098,0.437,0.,0.437,0.425,0.,0.425,1.072,0.,1.072,0.003,0.,0.003
330,1.591,0.,1.59,1.631,0.,1.63,0.003,0.,0.003,1.124,0.,1.124,0.461,0.,0.461,0.463,0.,0.463,1.162,0.,1.162,0.003,0.,0.003
340,1.755,0.,1.754,1.793,0.,1.793,0.003,0.,0.003,1.244,0.,1.244,0.505,0.,0.505,0.514,0.,0.514,1.273,0.,1.273,0.003,0.,0.003
350,1.908,0.019,1.888,1.93,0.003,1.926,0.004,0.,0.004,1.373,0.008,1.365,0.529,0.011,0.517,0.547,0.,0.546,1.378,0.003,1.374,0.003,0.,0.003
360,1.979,0.007,1.971,1.934,0.003,1.93,0.003,0.,0.003,1.393,0.003,1.389,0.581,0.004,0.577,0.525,0.003,0.521,1.404,0.,1.404,0.003,0.,0.003
370,1.993,0.,1.992,2.073,0.,2.073,0.003,0.,0.003,1.424,0.,1.424,0.563,0.,0.563,0.576,0.,0.576,1.491,0.,1.491,0.003,0.,0.003
380,2.167,0.,2.167,2.195,0.003,2.19,0.003,0.,0.003,1.543,0.,1.543,0.617,0.,0.617,0.615,0.,0.615,1.57,0.003,1.566,0.007,0.,0.007
390,2.274,0.015,2.257,2.295,0.,2.295,0.004,0.,0.004,1.606,0.015,1.589,0.662,0.,0.662,0.645,0.,0.645,1.644,0.,1.643,0.003,0.,0.003
400,2.422,0.008,2.414,2.468,0.012,2.456,0.003,0.,0.003,1.732,0.007,1.724,0.687,0.,0.687,0.675,0.003,0.671,1.788,0.008,1.779,0.003,0.,0.003