param-n,abstract+rewrite-strat-bottomup-real,abstract+rewrite-strat-bottomup-sys,abstract+rewrite-strat-bottomup-user,abstract+rewrite-strat-topdown-real,abstract+rewrite-strat-topdown-sys,abstract+rewrite-strat-topdown-user,close-abstract+rewrite-strat-bottomup-real,close-abstract+rewrite-strat-bottomup-sys,close-abstract+rewrite-strat-bottomup-user,close-abstract+rewrite-strat-topdown-real,close-abstract+rewrite-strat-topdown-sys,close-abstract+rewrite-strat-topdown-user,rewrite-strat-bottomup-real,rewrite-strat-bottomup-sys,rewrite-strat-bottomup-user,rewrite-strat-bottomup-noop-real,rewrite-strat-bottomup-noop-sys,rewrite-strat-bottomup-noop-user,rewrite-strat-topdown-real,rewrite-strat-topdown-sys,rewrite-strat-topdown-user,rewrite-strat-topdown-noop-real,rewrite-strat-topdown-noop-sys,rewrite-strat-topdown-noop-user
1,0.003,0.,0.002,0.003,0.,0.002,0.,0.,0.,0.,0.,0.,0.002,0.,0.001,0.,0.,0.,0.002,0.,0.002,0.,0.,0.
2,0.002,0.,0.002,0.002,0.,0.002,0.,0.,0.,0.,0.,0.,0.,0.,0.,0.,0.,0.,0.001,0.,0.001,0.,0.,0.
3,0.002,0.,0.002,0.002,0.,0.002,0.,0.,0.,0.,0.,0.,0.001,0.,0.001,0.,0.,0.,0.001,0.,0.001,0.,0.,0.
4,0.005,0.,0.004,0.003,0.,0.003,0.,0.,0.,0.,0.,0.,0.004,0.,0.004,0.,0.,0.,0.003,0.,0.003,0.,0.,0.
5,0.003,0.,0.003,0.002,0.,0.002,0.,0.,0.,0.,0.,0.,0.002,0.,0.002,0.,0.,0.,0.002,0.,0.002,0.,0.,0.
6,0.005,0.004,0.,0.003,0.,0.003,0.,0.,0.,0.,0.,0.,0.004,0.004,0.,0.,0.,0.,0.002,0.,0.002,0.,0.,0.
7,0.004,0.004,0.,0.003,0.003,0.,0.,0.,0.,0.,0.,0.,0.004,0.004,0.,0.,0.,0.,0.002,0.002,0.,0.,0.,0.
8,0.006,0.001,0.004,0.003,0.003,0.,0.,0.,0.,0.,0.,0.,0.004,0.,0.003,0.,0.,0.,0.002,0.002,0.,0.,0.,0.
9,0.007,0.,0.007,0.004,0.,0.004,0.001,0.,0.001,0.001,0.,0.001,0.005,0.,0.005,0.,0.,0.,0.002,0.,0.002,0.,0.,0.
10,0.008,0.007,0.,0.005,0.,0.005,0.001,0.,0.,0.001,0.,0.001,0.006,0.006,0.,0.,0.,0.,0.004,0.,0.004,0.,0.,0.
11,0.065,0.011,0.054,0.005,0.,0.005,0.058,0.011,0.046,0.001,0.,0.001,0.007,0.,0.007,0.,0.,0.,0.003,0.,0.003,0.,0.,0.
12,0.007,0.,0.007,0.006,0.,0.006,0.001,0.,0.001,0.001,0.,0.001,0.006,0.,0.006,0.,0.,0.,0.004,0.,0.004,0.,0.,0.
13,0.009,0.,0.008,0.007,0.007,0.,0.001,0.,0.,0.001,0.001,0.,0.007,0.,0.007,0.,0.,0.,0.005,0.005,0.,0.,0.,0.
14,0.01,0.,0.01,0.005,0.,0.005,0.001,0.,0.001,0.001,0.,0.001,0.008,0.,0.008,0.,0.,0.,0.004,0.,0.004,0.,0.,0.
15,0.011,0.,0.011,0.006,0.,0.006,0.001,0.,0.001,0.001,0.,0.001,0.008,0.,0.008,0.,0.,0.,0.004,0.,0.004,0.,0.,0.
16,0.012,0.,0.012,0.006,0.,0.006,0.001,0.,0.001,0.001,0.,0.001,0.01,0.,0.01,0.,0.,0.,0.004,0.,0.004,0.,0.,0.
17,0.013,0.,0.013,0.007,0.,0.007,0.002,0.,0.002,0.001,0.,0.001,0.01,0.,0.01,0.,0.,0.,0.005,0.,0.005,0.,0.,0.
18,0.017,0.,0.017,0.007,0.,0.007,0.002,0.,0.002,0.001,0.,0.001,0.014,0.,0.014,0.,0.,0.,0.005,0.,0.005,0.,0.,0.
19,0.016,0.,0.016,0.008,0.,0.008,0.002,0.,0.002,0.001,0.,0.001,0.013,0.,0.013,0.,0.,0.,0.006,0.,0.006,0.,0.,0.
20,0.017,0.,0.017,0.009,0.,0.009,0.002,0.,0.002,0.001,0.,0.001,0.013,0.,0.013,0.,0.,0.,0.006,0.,0.006,0.,0.,0.
21,0.018,0.,0.018,0.01,0.,0.01,0.002,0.,0.002,0.002,0.,0.002,0.014,0.,0.014,0.,0.,0.,0.007,0.,0.007,0.,0.,0.
22,0.02,0.,0.02,0.011,0.,0.011,0.003,0.,0.003,0.002,0.,0.002,0.016,0.,0.016,0.,0.,0.,0.008,0.,0.008,0.,0.,0.
23,0.021,0.,0.021,0.011,0.,0.011,0.003,0.,0.003,0.002,0.,0.002,0.017,0.,0.017,0.,0.,0.,0.008,0.,0.008,0.,0.,0.
24,0.023,0.,0.023,0.012,0.,0.012,0.003,0.,0.003,0.002,0.,0.002,0.019,0.,0.019,0.,0.,0.,0.009,0.,0.009,0.,0.,0.
25,0.036,0.,0.036,0.012,0.,0.012,0.003,0.,0.003,0.002,0.,0.002,0.031,0.,0.031,0.,0.,0.,0.009,0.,0.009,0.,0.,0.
26,0.025,0.,0.025,0.014,0.,0.014,0.004,0.,0.004,0.002,0.,0.002,0.02,0.,0.02,0.,0.,0.,0.011,0.,0.011,0.,0.,0.
27,0.026,0.,0.026,0.014,0.,0.014,0.004,0.,0.004,0.003,0.,0.003,0.021,0.,0.021,0.,0.,0.,0.01,0.,0.01,0.,0.,0.
28,0.028,0.,0.028,0.015,0.,0.015,0.004,0.,0.004,0.003,0.,0.003,0.023,0.,0.023,0.,0.,0.,0.011,0.,0.011,0.,0.,0.
29,0.029,0.,0.029,0.017,0.,0.017,0.004,0.,0.004,0.003,0.,0.003,0.023,0.,0.023,0.001,0.,0.001,0.012,0.,0.012,0.,0.,0.
30,0.046,0.,0.046,0.03,0.,0.03,0.005,0.,0.005,0.003,0.,0.003,0.039,0.,0.039,0.,0.,0.,0.025,0.,0.025,0.,0.,0.
31,0.033,0.,0.033,0.018,0.,0.018,0.005,0.,0.005,0.003,0.,0.003,0.026,0.,0.026,0.,0.,0.,0.013,0.,0.013,0.,0.,0.
32,0.035,0.,0.035,0.019,0.,0.019,0.005,0.,0.005,0.004,0.,0.004,0.028,0.,0.028,0.,0.,0.,0.013,0.,0.013,0.,0.,0.
33,0.036,0.,0.036,0.021,0.,0.021,0.006,0.,0.006,0.005,0.,0.005,0.029,0.,0.029,0.,0.,0.,0.015,0.,0.015,0.,0.,0.
34,0.039,0.,0.039,0.02,0.,0.02,0.006,0.,0.006,0.004,0.,0.004,0.031,0.,0.031,0.,0.,0.,0.014,0.,0.014,0.,0.,0.
35,0.04,0.,0.04,0.023,0.,0.023,0.006,0.,0.006,0.004,0.,0.004,0.032,0.,0.032,0.,0.,0.,0.017,0.,0.017,0.,0.,0.
36,0.098,0.,0.098,0.039,0.,0.039,0.006,0.,0.006,0.005,0.,0.005,0.09,0.,0.09,0.,0.,0.,0.033,0.,0.033,0.,0.,0.
37,0.043,0.003,0.04,0.025,0.,0.025,0.007,0.,0.007,0.005,0.,0.005,0.035,0.003,0.032,0.,0.,0.,0.018,0.,0.018,0.,0.,0.
38,0.044,0.,0.044,0.026,0.,0.026,0.007,0.,0.007,0.006,0.,0.006,0.035,0.,0.035,0.,0.,0.,0.018,0.,0.018,0.,0.,0.
39,0.077,0.,0.077,0.027,0.,0.027,0.008,0.,0.008,0.005,0.,0.005,0.068,0.,0.068,0.,0.,0.,0.02,0.,0.02,0.,0.,0.
40,0.049,0.,0.049,0.029,0.,0.029,0.009,0.,0.009,0.007,0.,0.007,0.039,0.,0.039,0.,0.,0.,0.02,0.,0.02,0.,0.,0.
41,0.072,0.,0.072,0.028,0.,0.028,0.03,0.,0.03,0.006,0.,0.006,0.041,0.,0.041,0.,0.,0.,0.021,0.,0.021,0.,0.,0.
42,0.054,0.,0.054,0.088,0.,0.088,0.009,0.,0.009,0.064,0.,0.064,0.043,0.,0.043,0.,0.,0.,0.022,0.,0.022,0.,0.,0.
43,0.058,0.,0.058,0.032,0.,0.032,0.01,0.,0.01,0.007,0.,0.007,0.046,0.,0.046,0.,0.,0.,0.024,0.,0.024,0.,0.,0.
44,0.062,0.,0.062,0.032,0.,0.032,0.01,0.,0.01,0.008,0.,0.008,0.05,0.,0.05,0.,0.,0.,0.023,0.,0.023,0.,0.,0.
45,0.064,0.,0.064,0.034,0.,0.034,0.011,0.,0.011,0.007,0.,0.007,0.052,0.,0.052,0.,0.,0.,0.025,0.,0.025,0.,0.,0.
46,0.065,0.,0.065,0.066,0.,0.066,0.011,0.,0.011,0.008,0.,0.008,0.052,0.,0.052,0.,0.,0.,0.056,0.,0.056,0.,0.,0.
47,0.065,0.,0.065,0.037,0.,0.037,0.011,0.,0.011,0.008,0.,0.008,0.052,0.,0.051,0.,0.,0.,0.027,0.,0.027,0.,0.,0.
48,0.07,0.,0.07,0.04,0.,0.04,0.011,0.,0.011,0.009,0.,0.009,0.056,0.,0.056,0.001,0.,0.001,0.029,0.,0.029,0.,0.,0.
49,0.078,0.,0.078,0.062,0.,0.062,0.013,0.,0.013,0.009,0.,0.009,0.064,0.,0.064,0.,0.,0.,0.051,0.,0.051,0.,0.,0.
50,0.142,0.028,0.113,0.111,0.02,0.09,0.013,0.,0.012,0.065,0.004,0.061,0.128,0.028,0.1,0.,0.,0.,0.044,0.016,0.028,0.001,0.,0.
51,0.083,0.,0.083,0.045,0.,0.045,0.013,0.,0.013,0.009,0.,0.009,0.068,0.,0.068,0.,0.,0.,0.034,0.,0.034,0.,0.,0.
52,0.081,0.,0.081,0.046,0.,0.046,0.014,0.,0.014,0.01,0.,0.01,0.065,0.,0.065,0.,0.,0.,0.034,0.,0.034,0.,0.,0.
53,0.08,0.,0.08,0.048,0.,0.048,0.014,0.,0.014,0.01,0.,0.01,0.064,0.,0.064,0.,0.,0.,0.034,0.,0.034,0.002,0.,0.002
54,0.084,0.,0.084,0.05,0.,0.05,0.015,0.,0.015,0.01,0.,0.01,0.067,0.,0.067,0.,0.,0.,0.038,0.,0.038,0.,0.,0.
55,0.087,0.,0.087,0.05,0.,0.05,0.015,0.,0.015,0.012,0.,0.012,0.07,0.,0.07,0.,0.,0.,0.036,0.,0.036,0.,0.,0.
56,0.091,0.,0.091,0.049,0.,0.049,0.015,0.,0.015,0.011,0.,0.011,0.074,0.,0.074,0.,0.,0.,0.036,0.,0.036,0.,0.,0.
57,0.094,0.,0.094,0.051,0.,0.051,0.017,0.,0.017,0.011,0.,0.011,0.075,0.,0.075,0.,0.,0.,0.038,0.,0.038,0.,0.,0.
58,0.096,0.,0.096,0.054,0.,0.054,0.016,0.,0.016,0.012,0.,0.012,0.078,0.,0.078,0.,0.,0.,0.04,0.,0.04,0.,0.,0.
59,0.104,0.003,0.1,0.057,0.,0.057,0.022,0.003,0.018,0.013,0.,0.013,0.08,0.,0.08,0.,0.,0.,0.042,0.,0.042,0.,0.,0.
60,0.106,0.,0.106,0.063,0.,0.06,0.018,0.,0.018,0.015,0.,0.014,0.086,0.,0.086,0.,0.,0.,0.046,0.,0.044,0.,0.,0.
61,0.103,0.,0.103,0.065,0.,0.064,0.02,0.,0.02,0.016,0.,0.016,0.081,0.,0.081,0.,0.,0.,0.047,0.,0.047,0.,0.,0.
62,0.109,0.,0.109,0.068,0.,0.068,0.02,0.,0.02,0.014,0.,0.014,0.087,0.,0.087,0.,0.,0.,0.051,0.,0.051,0.,0.,0.
63,0.116,0.,0.116,0.062,0.,0.062,0.02,0.,0.02,0.014,0.,0.014,0.09,0.,0.09,0.005,0.,0.005,0.046,0.,0.046,0.,0.,0.
64,0.119,0.,0.119,0.065,0.,0.065,0.023,0.,0.023,0.014,0.,0.014,0.094,0.,0.094,0.,0.,0.,0.049,0.,0.049,0.,0.,0.
65,0.121,0.,0.121,0.068,0.,0.068,0.022,0.,0.022,0.016,0.,0.016,0.097,0.,0.097,0.,0.,0.,0.05,0.,0.05,0.,0.,0.
66,0.12,0.,0.12,0.072,0.,0.072,0.022,0.,0.022,0.016,0.,0.016,0.096,0.,0.096,0.,0.,0.,0.054,0.,0.054,0.,0.,0.
67,0.127,0.,0.127,0.072,0.,0.072,0.025,0.,0.025,0.017,0.,0.017,0.099,0.,0.099,0.001,0.,0.001,0.052,0.,0.052,0.,0.,0.
68,0.13,0.,0.13,0.08,0.003,0.077,0.025,0.,0.025,0.017,0.,0.017,0.102,0.,0.102,0.,0.,0.,0.061,0.003,0.058,0.001,0.,0.001
69,0.137,0.,0.137,0.078,0.,0.078,0.026,0.,0.026,0.018,0.,0.018,0.109,0.,0.109,0.,0.,0.,0.058,0.,0.058,0.,0.,0.
70,0.148,0.,0.148,0.08,0.,0.08,0.028,0.,0.028,0.019,0.,0.019,0.117,0.,0.117,0.,0.,0.,0.059,0.,0.059,0.,0.,0.
71,0.145,0.,0.145,0.086,0.,0.086,0.028,0.,0.028,0.02,0.,0.02,0.115,0.,0.115,0.001,0.,0.001,0.063,0.,0.063,0.001,0.,0.001
72,0.145,0.,0.145,0.083,0.,0.083,0.028,0.,0.028,0.019,0.,0.019,0.115,0.,0.115,0.001,0.,0.001,0.061,0.,0.061,0.001,0.,0.001
73,0.143,0.,0.143,0.088,0.,0.088,0.027,0.,0.027,0.022,0.,0.022,0.113,0.,0.113,0.,0.,0.,0.064,0.,0.064,0.001,0.,0.001
74,0.153,0.,0.153,0.089,0.,0.089,0.028,0.,0.028,0.021,0.,0.021,0.123,0.,0.123,0.,0.,0.,0.066,0.,0.066,0.001,0.,0.001
75,0.149,0.,0.149,0.09,0.,0.09,0.028,0.,0.028,0.02,0.,0.02,0.119,0.,0.119,0.,0.,0.,0.067,0.,0.067,0.001,0.,0.001
76,0.155,0.,0.155,0.089,0.,0.089,0.031,0.,0.031,0.023,0.,0.023,0.121,0.,0.121,0.,0.,0.,0.063,0.,0.063,0.001,0.,0.001
77,0.164,0.003,0.16,0.093,0.,0.093,0.028,0.,0.028,0.021,0.,0.021,0.134,0.003,0.13,0.001,0.,0.001,0.07,0.,0.07,0.001,0.,0.001
78,0.165,0.,0.165,0.099,0.,0.099,0.032,0.,0.032,0.026,0.,0.026,0.131,0.,0.131,0.001,0.,0.001,0.07,0.,0.07,0.001,0.,0.001
79,0.173,0.,0.173,0.097,0.,0.097,0.03,0.,0.03,0.022,0.,0.022,0.137,0.,0.136,0.005,0.,0.005,0.073,0.,0.073,0.001,0.,0.001
80,0.187,0.,0.187,0.097,0.,0.097,0.037,0.,0.037,0.023,0.,0.023,0.147,0.,0.147,0.001,0.,0.001,0.071,0.,0.071,0.001,0.,0.001
81,0.185,0.003,0.181,0.104,0.,0.104,0.035,0.,0.035,0.026,0.,0.026,0.147,0.003,0.143,0.001,0.,0.001,0.075,0.,0.075,0.001,0.,0.001
82,0.18,0.003,0.176,0.106,0.,0.106,0.035,0.003,0.032,0.023,0.,0.023,0.142,0.,0.142,0.001,0.,0.001,0.081,0.,0.081,0.001,0.,0.001
83,0.193,0.,0.193,0.116,0.003,0.112,0.038,0.,0.038,0.024,0.,0.024,0.153,0.,0.153,0.001,0.,0.001,0.09,0.003,0.086,0.001,0.,0.001
84,0.193,0.,0.193,0.116,0.,0.116,0.036,0.,0.036,0.028,0.,0.028,0.155,0.,0.155,0.001,0.,0.001,0.085,0.,0.085,0.001,0.,0.001
85,0.2,0.,0.2,0.116,0.,0.116,0.035,0.,0.035,0.029,0.,0.029,0.163,0.,0.163,0.001,0.,0.001,0.085,0.,0.085,0.001,0.,0.001
86,0.214,0.,0.214,0.121,0.,0.121,0.038,0.,0.038,0.03,0.,0.03,0.168,0.,0.168,0.006,0.,0.006,0.088,0.,0.088,0.001,0.,0.001
87,0.2,0.,0.2,0.121,0.,0.121,0.04,0.,0.04,0.028,0.,0.028,0.157,0.,0.157,0.001,0.,0.001,0.09,0.,0.09,0.001,0.,0.001
88,0.219,0.,0.219,0.118,0.,0.118,0.04,0.,0.04,0.028,0.,0.028,0.172,0.,0.172,0.001,0.,0.001,0.088,0.,0.088,0.001,0.,0.001
89,0.214,0.,0.213,0.122,0.003,0.118,0.038,0.,0.038,0.029,0.,0.029,0.173,0.,0.173,0.001,0.,0.001,0.089,0.003,0.085,0.001,0.,0.001
90,0.226,0.,0.226,0.124,0.,0.124,0.044,0.,0.044,0.03,0.,0.03,0.18,0.,0.18,0.001,0.,0.001,0.092,0.,0.092,0.001,0.,0.001
91,0.234,0.,0.234,0.13,0.,0.13,0.047,0.,0.047,0.032,0.,0.032,0.184,0.,0.184,0.001,0.,0.001,0.096,0.,0.096,0.001,0.,0.001
92,0.229,0.,0.229,0.133,0.003,0.129,0.046,0.,0.046,0.033,0.,0.033,0.181,0.,0.181,0.001,0.,0.001,0.098,0.003,0.094,0.001,0.,0.001
93,0.241,0.,0.241,0.153,0.,0.153,0.044,0.,0.044,0.044,0.,0.044,0.195,0.,0.195,0.001,0.,0.001,0.106,0.,0.106,0.001,0.,0.001
94,0.239,0.,0.239,0.143,0.,0.143,0.049,0.,0.049,0.037,0.,0.037,0.188,0.,0.188,0.001,0.,0.001,0.103,0.,0.103,0.001,0.,0.001
95,0.245,0.,0.245,0.148,0.,0.148,0.044,0.,0.044,0.035,0.,0.035,0.198,0.,0.198,0.001,0.,0.001,0.11,0.,0.11,0.001,0.,0.001
96,0.251,0.,0.251,0.145,0.003,0.141,0.049,0.,0.049,0.035,0.002,0.033,0.199,0.,0.199,0.001,0.,0.001,0.107,0.,0.106,0.001,0.001,0.
97,0.263,0.,0.263,0.151,0.004,0.147,0.051,0.,0.051,0.038,0.,0.038,0.209,0.,0.209,0.001,0.,0.001,0.11,0.003,0.106,0.001,0.,0.001
98,0.277,0.,0.277,0.159,0.003,0.155,0.048,0.,0.048,0.034,0.,0.034,0.216,0.,0.216,0.011,0.,0.011,0.121,0.003,0.117,0.001,0.,0.001
99,0.278,0.,0.278,0.163,0.,0.163,0.05,0.,0.05,0.038,0.,0.038,0.225,0.,0.225,0.001,0.,0.001,0.121,0.,0.121,0.001,0.,0.001
100,0.285,0.004,0.281,0.166,0.,0.166,0.057,0.,0.057,0.045,0.,0.045,0.226,0.004,0.222,0.001,0.,0.001,0.118,0.,0.118,0.001,0.,0.001
110,0.344,0.,0.343,0.195,0.003,0.191,0.062,0.,0.062,0.049,0.003,0.045,0.278,0.,0.278,0.001,0.,0.001,0.142,0.,0.142,0.001,0.,0.001
120,0.388,0.,0.388,0.242,0.004,0.238,0.079,0.,0.079,0.057,0.,0.057,0.306,0.,0.305,0.001,0.,0.001,0.182,0.004,0.177,0.001,0.,0.001
130,0.458,0.,0.458,0.281,0.,0.281,0.091,0.,0.091,0.067,0.,0.067,0.363,0.,0.363,0.001,0.,0.001,0.209,0.,0.209,0.003,0.,0.003
140,0.531,0.,0.53,0.328,0.003,0.324,0.102,0.,0.102,0.081,0.,0.081,0.425,0.,0.424,0.002,0.,0.002,0.243,0.002,0.24,0.002,0.,0.002
150,0.717,0.,0.717,0.368,0.007,0.361,0.119,0.,0.119,0.083,0.,0.083,0.593,0.,0.593,0.003,0.,0.003,0.281,0.007,0.273,0.003,0.,0.003
160,0.708,0.,0.708,0.418,0.003,0.414,0.143,0.,0.143,0.105,0.003,0.101,0.56,0.,0.56,0.003,0.,0.003,0.309,0.,0.309,0.002,0.,0.002
170,0.852,0.004,0.848,0.47,0.,0.47,0.165,0.,0.165,0.105,0.,0.105,0.683,0.003,0.679,0.003,0.,0.003,0.36,0.,0.36,0.003,0.,0.003
180,0.896,0.011,0.884,0.524,0.008,0.516,0.174,0.003,0.17,0.137,0.004,0.133,0.717,0.008,0.709,0.003,0.,0.003,0.382,0.004,0.378,0.003,0.,0.003
190,0.991,0.003,0.987,0.568,0.011,0.556,0.217,0.,0.217,0.137,0.007,0.129,0.768,0.003,0.764,0.003,0.,0.003,0.425,0.003,0.421,0.004,0.,0.004
200,1.13,0.007,1.122,0.731,0.007,0.722,0.226,0.003,0.222,0.148,0.,0.148,0.899,0.003,0.895,0.004,0.,0.004,0.577,0.007,0.569,0.004,0.,0.004
210,1.202,0.,1.202,0.711,0.,0.711,0.228,0.,0.228,0.169,0.,0.169,0.968,0.,0.968,0.004,0.,0.004,0.535,0.,0.535,0.004,0.,0.004
220,1.322,0.,1.322,0.805,0.007,0.797,0.258,0.,0.258,0.192,0.004,0.188,1.058,0.,1.058,0.005,0.,0.005,0.607,0.003,0.603,0.004,0.,0.004
230,1.423,0.,1.423,0.915,0.011,0.903,0.273,0.,0.273,0.21,0.,0.21,1.142,0.,1.142,0.005,0.,0.005,0.684,0.007,0.676,0.019,0.003,0.015
240,1.562,0.,1.562,0.918,0.,0.918,0.298,0.,0.298,0.225,0.,0.225,1.257,0.,1.257,0.005,0.,0.005,0.686,0.,0.685,0.005,0.,0.005
250,1.759,0.007,1.75,1.029,0.003,1.025,0.343,0.003,0.339,0.241,0.,0.241,1.41,0.003,1.405,0.005,0.,0.005,0.78,0.003,0.776,0.005,0.,0.005
260,1.896,0.,1.896,1.12,0.,1.12,0.356,0.,0.356,0.258,0.,0.258,1.532,0.,1.532,0.005,0.,0.005,0.853,0.,0.853,0.006,0.,0.006
270,1.969,0.007,1.96,1.377,0.,1.376,0.351,0.003,0.347,0.289,0.,0.289,1.61,0.003,1.606,0.005,0.,0.005,1.079,0.,1.078,0.007,0.,0.007
280,2.162,0.003,2.158,1.324,0.,1.324,0.407,0.,0.407,0.272,0.,0.272,1.743,0.003,1.739,0.009,0.,0.009,1.042,0.,1.042,0.007,0.,0.007
290,2.581,0.,2.581,1.393,0.,1.393,0.411,0.,0.411,0.313,0.,0.312,2.16,0.,2.16,0.006,0.,0.006,1.071,0.,1.071,0.007,0.,0.007
300,2.578,0.016,2.562,1.5,0.011,1.488,0.475,0.003,0.471,0.345,0.,0.345,2.094,0.012,2.082,0.007,0.,0.007,1.146,0.011,1.134,0.007,0.,0.007
310,2.615,0.,2.615,1.704,0.003,1.7,0.495,0.,0.495,0.357,0.,0.357,2.108,0.,2.108,0.01,0.,0.01,1.336,0.003,1.332,0.009,0.,0.009
320,3.023,0.008,3.015,1.704,0.003,1.7,0.528,0.,0.528,0.371,0.,0.371,2.481,0.008,2.473,0.011,0.,0.011,1.322,0.003,1.317,0.009,0.,0.009
330,3.166,0.,3.166,1.891,0.,1.891,0.57,0.,0.57,0.415,0.,0.415,2.585,0.,2.584,0.008,0.,0.008,1.464,0.,1.464,0.009,0.,0.009
340,3.348,0.031,3.316,1.998,0.,1.998,0.605,0.007,0.597,0.455,0.,0.455,2.731,0.023,2.707,0.009,0.,0.009,1.531,0.,1.53,0.01,0.,0.01
350,3.543,0.016,3.526,2.119,0.019,2.099,0.658,0.003,0.654,0.451,0.003,0.447,2.873,0.012,2.861,0.01,0.,0.01,1.651,0.015,1.635,0.015,0.,0.015
360,4.047,0.,4.046,2.414,0.,2.414,0.665,0.,0.665,0.498,0.,0.498,3.369,0.,3.369,0.01,0.,0.01,1.903,0.,1.902,0.011,0.,0.011
370,3.997,0.,3.996,2.408,0.,2.407,0.696,0.,0.696,0.49,0.,0.49,3.288,0.,3.288,0.01,0.,0.01,1.904,0.,1.904,0.011,0.,0.011
380,4.25,0.007,4.242,2.406,0.,2.406,0.729,0.,0.729,0.517,0.,0.517,3.508,0.007,3.5,0.01,0.,0.01,1.875,0.,1.874,0.011,0.,0.011
390,4.72,0.015,4.703,2.737,0.015,2.721,0.784,0.,0.784,0.558,0.004,0.554,3.921,0.015,3.905,0.011,0.,0.011,2.164,0.011,2.152,0.012,0.,0.012
400,4.84,0.059,4.78,2.932,0.028,2.9,0.818,0.007,0.81,0.597,0.,0.597,4.01,0.052,3.957,0.011,0.,0.011,2.32,0.027,2.288,0.013,0.,0.013