param-n,cbn-regression-cubic-real,cbn-regression-cubic-sys,cbn-regression-cubic-user,cbv-regression-quadratic-real,cbv-regression-quadratic-sys,cbv-regression-quadratic-user,lazy-regression-quadratic-real,lazy-regression-quadratic-sys,lazy-regression-quadratic-user,native-compute(1)-native-compute-compilation-real,native-compute(1)-native-compute-conversion-to-native-code-real,native-compute(1)-native-compute-evaluation-real,native-compute(1)-native-compute-reification-real,native-compute(1)-regression-quadratic-real,native-compute(1)-regression-quadratic-sys,native-compute(1)-regression-quadratic-user,native-compute(2)-native-compute-compilation-real,native-compute(2)-native-compute-conversion-to-native-code-real,native-compute(2)-native-compute-evaluation-real,native-compute(2)-native-compute-reification-real,native-compute(2)-regression-quadratic-real,native-compute(2)-regression-quadratic-sys,native-compute(2)-regression-quadratic-user,simpl-regression-cubic-real,simpl-regression-cubic-sys,simpl-regression-cubic-user,vm-compute-regression-quadratic-real,vm-compute-regression-quadratic-sys,vm-compute-regression-quadratic-user
2,0.001,0.,0.001,0.,0.,0.,0.,0.,0.,0.30226,0.00121,0.00095,0.00006,0.306,0.,0.014,0.07004,0.00025,0.00071,0.00006,0.071,0.003,0.,0.001,0.,0.001,0.,0.,0.
3,0.003,0.,0.003,0.,0.,0.,0.,0.,0.,0.06720,0.00018,0.00071,0.00006,0.068,0.,0.003,0.06818,0.00021,0.00072,0.00006,0.069,0.002,0.,0.002,0.,0.002,0.,0.,0.
4,0.005,0.,0.005,0.,0.,0.,0.,0.,0.,0.06968,0.00018,0.00073,0.00007,0.07,0.003,0.,0.06837,0.00021,0.00072,0.00006,0.069,0.001,0.002,0.005,0.,0.005,0.,0.,0.
5,0.009,0.,0.009,0.,0.,0.,0.,0.,0.,0.06759,0.00018,0.00080,0.00007,0.068,0.,0.003,0.07295,0.00020,0.00071,0.00007,0.074,0.,0.003,0.008,0.,0.008,0.,0.,0.
6,0.015,0.,0.015,0.,0.,0.,0.,0.,0.,0.07179,0.00018,0.00077,0.00007,0.072,0.,0.003,0.07281,0.00022,0.00071,0.00007,0.073,0.003,0.,0.015,0.,0.015,0.,0.,0.
7,0.022,0.,0.022,0.,0.,0.,0.,0.,0.,0.06591,0.00018,0.00079,0.00007,0.067,0.,0.003,0.07099,0.00027,0.00077,0.00023,0.072,0.,0.003,0.02,0.,0.02,0.,0.,0.
8,0.027,0.,0.027,0.,0.,0.,0.,0.,0.,0.06825,0.00019,0.00073,0.00007,0.069,0.003,0.,0.06705,0.00021,0.00222,0.00008,0.069,0.,0.004,0.03,0.,0.03,0.,0.,0.
9,0.051,0.,0.051,0.,0.,0.,0.,0.,0.,0.06861,0.00018,0.00073,0.00010,0.069,0.002,0.,0.07055,0.00021,0.00073,0.00007,0.071,0.,0.002,0.052,0.011,0.04,0.,0.,0.
10,0.067,0.,0.067,0.,0.,0.,0.,0.,0.,0.06846,0.00018,0.00074,0.00007,0.069,0.,0.003,0.06964,0.00021,0.00074,0.00007,0.07,0.,0.003,0.05,0.,0.05,0.,0.,0.
11,0.057,0.,0.057,0.,0.,0.,,,,,,,,,,,,,,,,,,0.06,0.,0.06,,,
12,0.072,0.,0.072,,,,0.,0.,0.,,,,,,,,,,,,,,,0.089,0.,0.089,,,
13,0.095,0.007,0.087,,,,,,,,,,,,,,,,,,,,,0.102,0.,0.102,,,
14,0.122,0.003,0.118,,,,,,,,,,,,,,,,,,,,,0.132,0.,0.132,,,
15,0.171,0.,0.171,,,,,,,,,,,,,,,,,,,,,0.147,0.,0.147,,,
16,0.226,0.,0.226,,,,,,,,,,,,,,,,,,,,,0.226,0.003,0.222,,,
17,,,,,,,,,,,,,,,,,,,,,,,,0.228,0.,0.228,,,
18,0.31,0.,0.31,,,,0.,0.,0.,,,,,,,,,,,,,,,0.257,0.,0.257,,,
19,0.285,0.,0.285,0.,0.,0.,,,,,,,,,,,,,,,,,,,,,,,
20,,,,,,,,,,,,,,,,,,,,,,,,0.277,0.,0.277,,,
22,0.368,0.,0.368,,,,,,,,,,,,,,,,,,,,,0.518,0.,0.518,,,
23,,,,,,,0.,0.,0.,,,,,,,,,,,,,,,,,,,,
24,,,,,,,,,,,,,,,,,,,,,,,,0.413,0.,0.413,,,
25,0.454,0.,0.454,,,,,,,,,,,,,,,,,,,,,,,,,,
26,,,,,,,,,,,,,,,,,,,,,,,,0.521,0.,0.521,,,
28,0.654,0.,0.654,0.001,0.,0.001,0.001,0.,0.001,,,,,,,,,,,,,,,0.638,0.,0.638,,,
30,0.769,0.,0.769,,,,,,,,,,,,,,,,,,,,,0.74,0.,0.74,,,
32,,,,,,,,,,,,,,,,,,,,,,,,0.859,0.,0.859,,,
33,0.902,0.,0.902,,,,0.001,0.,0.001,,,,,,,,,,,,,,,,,,,,
34,,,,,,,,,,,,,,,,,,,,,,,,1.051,0.,1.051,,,
36,1.16,0.,1.16,0.001,0.,0.001,,,,,,,,,,,,,,,,,,,,,,,
39,,,,,,,0.001,0.,0.001,,,,,,,,,,,,,,,,,,,,
41,,,,,,,,,,,,,,,,,,,,,,,,1.671,0.,1.671,0.,0.,0.
43,1.888,0.,1.888,,,,,,,,,,,,,,,,,,,,,,,,,,
44,,,,,,,0.002,0.,0.002,,,,,,,,,,,,,,,,,,,,
45,,,,0.002,0.,0.002,,,,,,,,,,,,,,,,,,,,,,,
47,,,,,,,,,,,,,,,,,,,,,,,,2.473,0.003,2.469,,,
49,,,,,,,0.002,0.,0.002,,,,,,,,,,,,,,,,,,,,
50,2.876,0.,2.876,,,,,,,,,,,,,,,,,,,,,,,,,,
53,,,,0.002,0.,0.002,,,,,,,,,,,,,,,,,,,,,,,
54,,,,,,,0.003,0.,0.003,,,,,,,,,,,,,,,3.482,0.003,3.477,,,
56,3.893,0.,3.891,,,,,,,,,,,,,,,,,,,,,,,,,,
59,,,,,,,0.003,0.,0.003,,,,,,,,,,,,,,,,,,,,
60,,,,,,,,,,,,,,,,,,,,,,,,4.635,0.004,4.63,,,
62,,,,0.003,0.,0.003,,,,,,,,,,,,,,,,,,,,,,,
63,5.353,0.,5.352,,,,,,,,,,,,,,,,,,,,,,,,,,
65,,,,,,,0.004,0.,0.004,,,,,,,,,,,,,,,,,,,,
67,,,,,,,,,,,,,,,,,,,,,,,,6.5,0.007,6.492,,,
70,6.973,0.007,6.965,,,,0.004,0.,0.004,,,,,,,,,,,,,,,,,,,,
71,,,,0.004,0.,0.004,,,,,,,,,,,,,,,,,,,,,,,
75,,,,,,,0.005,0.,0.005,,,,,,,,,,,,,,,,,,,,
79,,,,0.005,0.,0.005,,,,,,,,,,,,,,,,,,,,,,,
80,,,,,,,0.005,0.,0.005,,,,,,,,,,,,,,,,,,0.,0.,0.
86,,,,,,,0.007,0.,0.007,,,,,,,,,,,,,,,,,,,,
88,,,,0.005,0.,0.005,,,,,,,,,,,,,,,,,,,,,,,
91,,,,,,,0.007,0.,0.007,,,,,,,,,,,,,,,,,,,,
96,,,,0.006,0.,0.006,0.021,0.,0.021,,,,,,,,,,,,,,,,,,,,
101,,,,,,,0.007,0.,0.007,,,,,,,,,,,,,,,,,,,,
105,,,,0.007,0.,0.007,,,,,,,,,,,,,,,,,,,,,,,
106,,,,,,,0.009,0.,0.009,,,,,,,,,,,,,,,,,,,,
112,,,,,,,0.009,0.,0.009,,,,,,,,,,,,,,,,,,,,
113,,,,0.008,0.,0.008,,,,,,,,,,,,,,,,,,,,,,,
116,,,,,,,,,,0.27735,0.00122,0.00114,0.00039,0.281,0.003,0.013,0.06761,0.00026,0.00080,0.00026,0.069,0.,0.002,,,,,,
117,,,,,,,0.025,0.,0.025,,,,,,,,,,,,,,,,,,,,
120,,,,,,,,,,,,,,,,,,,,,,,,,,,0.,0.,0.
122,,,,0.009,0.,0.009,0.01,0.,0.01,,,,,,,,,,,,,,,,,,,,
127,,,,,,,0.012,0.,0.012,,,,,,,,,,,,,,,,,,,,
130,,,,0.024,0.,0.024,,,,,,,,,,,,,,,,,,,,,,,
133,,,,,,,0.014,0.,0.014,,,,,,,,,,,,,,,,,,,,
138,,,,,,,0.015,0.,0.015,,,,,,,,,,,,,,,,,,,,
139,,,,0.012,0.,0.012,,,,,,,,,,,,,,,,,,,,,,,
143,,,,,,,0.036,0.,0.036,,,,,,,,,,,,,,,,,,,,
148,,,,0.012,0.,0.012,0.015,0.,0.015,,,,,,,,,,,,,,,,,,,,
153,,,,,,,0.016,0.,0.016,,,,,,,,,,,,,,,,,,,,
156,,,,0.031,0.,0.031,,,,,,,,,,,,,,,,,,,,,,,
159,,,,,,,0.09,0.,0.09,,,,,,,,,,,,,,,,,,0.001,0.,0.001
164,,,,,,,0.017,0.,0.017,,,,,,,,,,,,,,,,,,,,
165,,,,0.016,0.,0.016,,,,,,,,,,,,,,,,,,,,,,,
169,,,,,,,0.018,0.,0.018,,,,,,,,,,,,,,,,,,,,
173,,,,0.017,0.,0.017,,,,,,,,,,,,,,,,,,,,,,,
174,,,,,,,0.054,0.,0.054,,,,,,,,,,,,,,,,,,,,
180,,,,,,,0.021,0.,0.021,,,,,,,,,,,,,,,,,,,,
182,,,,0.018,0.,0.018,,,,,,,,,,,,,,,,,,,,,,,
185,,,,,,,0.023,0.,0.023,,,,,,,,,,,,,,,,,,,,
190,,,,0.02,0.,0.02,0.024,0.,0.024,,,,,,,,,,,,,,,,,,,,
195,,,,,,,0.045,0.,0.045,,,,,,,,,,,,,,,,,,,,
198,,,,,,,,,,,,,,,,,,,,,,,,,,,0.001,0.,0.001
199,,,,0.038,0.,0.038,,,,,,,,,,,,,,,,,,,,,,,
200,,,,,,,0.027,0.,0.027,,,,,,,,,,,,,,,,,,,,
206,,,,,,,0.027,0.,0.027,,,,,,,,,,,,,,,,,,,,
208,,,,0.1,0.,0.1,,,,,,,,,,,,,,,,,,,,,,,
211,,,,,,,0.029,0.,0.029,,,,,,,,,,,,,,,,,,,,
216,,,,0.024,0.,0.024,0.032,0.,0.032,,,,,,,,,,,,,,,,,,,,
221,,,,,,,0.048,0.,0.048,,,,,,,,,,,,,,,,,,,,
225,,,,0.027,0.,0.027,,,,,,,,,,,,,,,,,,,,,,,
227,,,,,,,0.039,0.,0.039,,,,,,,,,,,,,,,,,,,,
229,,,,,,,,,,0.06435,0.00020,0.00108,0.00038,0.066,0.003,0.001,0.06830,0.00022,0.00101,0.00041,0.07,0.001,0.003,,,,,,
232,,,,,,,0.044,0.,0.044,,,,,,,,,,,,,,,,,,,,
233,,,,0.027,0.,0.027,,,,,,,,,,,,,,,,,,,,,,,
237,,,,,,,0.039,0.,0.039,,,,,,,,,,,,,,,,,,0.001,0.,0.001
242,,,,0.067,0.,0.067,0.036,0.,0.036,,,,,,,,,,,,,,,,,,,,
247,,,,,,,0.037,0.,0.037,,,,,,,,,,,,,,,,,,,,
250,,,,0.033,0.,0.033,,,,,,,,,,,,,,,,,,,,,,,
253,,,,,,,0.04,0.,0.04,,,,,,,,,,,,,,,,,,,,
258,,,,,,,0.043,0.,0.043,,,,,,,,,,,,,,,,,,,,
259,,,,0.059,0.,0.059,,,,,,,,,,,,,,,,,,,,,,,
263,,,,,,,0.041,0.,0.041,,,,,,,,,,,,,,,,,,,,
268,,,,0.037,0.,0.037,0.045,0.,0.045,,,,,,,,,,,,,,,,,,,,
273,,,,,,,0.045,0.,0.045,,,,,,,,,,,,,,,,,,,,
276,,,,0.04,0.,0.04,,,,,,,,,,,,,,,,,,,,,0.002,0.,0.002
279,,,,,,,0.053,0.,0.053,,,,,,,,,,,,,,,,,,,,
284,,,,,,,0.048,0.,0.047,,,,,,,,,,,,,,,,,,,,
285,,,,0.043,0.,0.043,,,,,,,,,,,,,,,,,,,,,,,
289,,,,,,,0.052,0.,0.052,,,,,,,,,,,,,,,,,,,,
292,,,,,,,0.055,0.,0.055,,,,,,,,,,,,,,,,,,,,
293,,,,0.061,0.,0.061,,,,,,,,,,,,,,,,,,,,,,,
294,,,,,,,0.062,0.,0.062,,,,,,,,,,,,,,,,,,,,
300,,,,,,,0.057,0.,0.057,,,,,,,,,,,,,,,,,,,,
302,,,,0.047,0.,0.047,,,,,,,,,,,,,,,,,,,,,,,
305,,,,,,,0.062,0.,0.062,,,,,,,,,,,,,,,,,,,,
310,,,,0.051,0.,0.051,0.064,0.003,0.06,,,,,,,,,,,,,,,,,,,,
315,,,,,,,0.068,0.,0.068,,,,,,,,,,,,,,,,,,,,
316,,,,,,,,,,,,,,,,,,,,,,,,,,,0.002,0.,0.002
319,,,,0.051,0.,0.051,,,,,,,,,,,,,,,,,,,,,,,
320,,,,,,,0.061,0.,0.061,,,,,,,,,,,,,,,,,,,,
326,,,,,,,0.067,0.,0.067,,,,,,,,,,,,,,,,,,,,
328,,,,0.05,0.,0.05,,,,,,,,,,,,,,,,,,,,,,,
331,,,,,,,0.084,0.003,0.08,,,,,,,,,,,,,,,,,,,,
336,,,,0.054,0.,0.054,0.074,0.003,0.07,,,,,,,,,,,,,,,,,,,,
341,,,,,,,0.08,0.004,0.076,,,,,,,,,,,,,,,,,,,,
343,,,,,,,,,,0.06465,0.00018,0.00187,0.00058,0.067,0.,0.004,0.06485,0.00024,0.00133,0.00056,0.067,0.,0.004,,,,,,
345,,,,0.055,0.,0.055,,,,,,,,,,,,,,,,,,,,,,,
347,,,,,,,0.078,0.,0.078,,,,,,,,,,,,,,,,,,,,
352,,,,,,,0.076,0.,0.076,,,,,,,,,,,,,,,,,,,,
353,,,,0.056,0.,0.056,,,,,,,,,,,,,,,,,,,,,,,
355,,,,,,,,,,,,,,,,,,,,,,,,,,,0.003,0.,0.003
357,,,,,,,0.076,0.,0.076,,,,,,,,,,,,,,,,,,,,
362,,,,0.067,0.,0.067,0.078,0.,0.078,,,,,,,,,,,,,,,,,,,,
367,,,,,,,0.079,0.,0.079,,,,,,,,,,,,,,,,,,,,
370,,,,0.063,0.,0.063,,,,,,,,,,,,,,,,,,,,,,,
373,,,,,,,0.08,0.003,0.076,,,,,,,,,,,,,,,,,,,,
378,,,,,,,0.084,0.004,0.08,,,,,,,,,,,,,,,,,,,,
379,,,,0.065,0.,0.065,,,,,,,,,,,,,,,,,,,,,,,
383,,,,,,,0.089,0.,0.089,,,,,,,,,,,,,,,,,,,,
387,,,,0.069,0.,0.069,,,,,,,,,,,,,,,,,,,,,,,
388,,,,,,,0.1,0.003,0.096,,,,,,,,,,,,,,,,,,,,
394,,,,,,,0.121,0.,0.121,,,,,,,,,,,,,,,,,,0.004,0.,0.004
396,,,,0.073,0.,0.073,,,,,,,,,,,,,,,,,,,,,,,
399,,,,,,,0.118,0.,0.118,,,,,,,,,,,,,,,,,,,,
404,,,,,,,0.116,0.,0.116,,,,,,,,,,,,,,,,,,,,
405,,,,0.073,0.,0.073,,,,,,,,,,,,,,,,,,,,,,,
409,,,,,,,0.101,0.003,0.097,,,,,,,,,,,,,,,,,,,,
413,,,,0.078,0.,0.078,,,,,,,,,,,,,,,,,,,,,,,
414,,,,,,,0.104,0.,0.104,,,,,,,,,,,,,,,,,,,,
420,,,,,,,0.116,0.007,0.108,,,,,,,,,,,,,,,,,,,,
422,,,,0.079,0.,0.079,,,,,,,,,,,,,,,,,,,,,,,
425,,,,,,,0.127,0.,0.127,,,,,,,,,,,,,,,,,,,,
430,,,,0.086,0.,0.086,0.11,0.,0.11,,,,,,,,,,,,,,,,,,,,
433,,,,,,,,,,,,,,,,,,,,,,,,,,,0.004,0.,0.004
435,,,,,,,0.142,0.004,0.138,,,,,,,,,,,,,,,,,,,,
439,,,,0.086,0.,0.086,,,,,,,,,,,,,,,,,,,,,,,
441,,,,,,,0.137,0.,0.137,,,,,,,,,,,,,,,,,,,,
446,,,,,,,0.122,0.,0.122,,,,,,,,,,,,,,,,,,,,
447,,,,0.087,0.,0.087,,,,,,,,,,,,,,,,,,,,,,,
451,,,,,,,0.137,0.,0.137,,,,,,,,,,,,,,,,,,,,
456,,,,0.092,0.,0.092,,,,0.06719,0.00018,0.00177,0.00072,0.07,0.003,0.002,0.06543,0.00021,0.00173,0.00071,0.068,0.004,0.,,,,,,
458,,,,0.108,0.,0.107,,,,,,,,,,,,,,,,,,,,,,,
465,,,,0.095,0.003,0.092,,,,,,,,,,,,,,,,,,,,,,,
469,,,,,,,0.133,0.,0.133,,,,,,,,,,,,,,,,,,,,
472,,,,,,,,,,,,,,,,,,,,,,,,,,,0.005,0.,0.005
473,,,,0.099,0.,0.099,,,,,,,,,,,,,,,,,,,,,,,
482,,,,0.099,0.,0.098,,,,,,,,,,,,,,,,,,,,,,,
487,,,,,,,0.153,0.,0.153,,,,,,,,,,,,,,,,,,,,
490,,,,0.102,0.,0.102,,,,,,,,,,,,,,,,,,,,,,,
499,,,,0.107,0.,0.107,,,,,,,,,,,,,,,,,,,,,,,
505,,,,,,,0.161,0.003,0.157,,,,,,,,,,,,,,,,,,,,
507,,,,0.108,0.,0.108,,,,,,,,,,,,,,,,,,,,,,,
511,,,,,,,,,,,,,,,,,,,,,,,,,,,0.006,0.,0.006
516,,,,0.111,0.,0.111,,,,,,,,,,,,,,,,,,,,,,,
523,,,,,,,0.204,0.004,0.2,,,,,,,,,,,,,,,,,,,,
525,,,,0.114,0.,0.114,,,,,,,,,,,,,,,,,,,,,,,
533,,,,0.119,0.,0.119,,,,,,,,,,,,,,,,,,,,,,,
541,,,,,,,0.21,0.,0.21,,,,,,,,,,,,,,,,,,,,
542,,,,0.122,0.,0.122,,,,,,,,,,,,,,,,,,,,,,,
550,,,,0.127,0.,0.127,,,,,,,,,,,,,,,,,,,,,,,
551,,,,,,,,,,,,,,,,,,,,,,,,,,,0.006,0.,0.006
559,,,,0.131,0.,0.131,0.212,0.,0.212,,,,,,,,,,,,,,,,,,,,
567,,,,0.132,0.,0.132,,,,,,,,,,,,,,,,,,,,,,,
570,,,,,,,,,,0.06758,0.00018,0.00231,0.00089,0.071,0.,0.005,0.06827,0.00021,0.00237,0.00093,0.071,0.,0.006,,,,,,
576,,,,0.138,0.,0.138,,,,,,,,,,,,,,,,,,,,,,,
577,,,,,,,0.247,0.011,0.235,,,,,,,,,,,,,,,,,,,,
583,,,,,,,0.374,0.007,0.367,,,,,,,,,,,,,,,,,,,,
585,,,,0.156,0.,0.156,,,,,,,,,,,,,,,,,,,,,,,
590,,,,,,,,,,,,,,,,,,,,,,,,,,,0.008,0.,0.008
593,,,,0.15,0.,0.15,,,,,,,,,,,,,,,,,,,,,,,
595,,,,,,,0.243,0.008,0.235,,,,,,,,,,,,,,,,,,,,
602,,,,0.154,0.,0.154,,,,,,,,,,,,,,,,,,,,,,,
610,,,,0.16,0.,0.159,,,,,,,,,,,,,,,,,,,,,,,
613,,,,,,,0.254,0.003,0.251,,,,,,,,,,,,,,,,,,,,
619,,,,0.157,0.,0.157,,,,,,,,,,,,,,,,,,,,,,,
627,,,,0.158,0.,0.158,,,,,,,,,,,,,,,,,,,,,,,
629,,,,,,,,,,,,,,,,,,,,,,,,,,,0.008,0.,0.008
631,,,,,,,0.299,0.,0.299,,,,,,,,,,,,,,,,,,,,
636,,,,0.162,0.,0.162,,,,,,,,,,,,,,,,,,,,,,,
644,,,,0.166,0.,0.166,,,,,,,,,,,,,,,,,,,,,,,
649,,,,,,,0.504,0.,0.504,,,,,,,,,,,,,,,,,,,,
653,,,,0.17,0.,0.17,,,,,,,,,,,,,,,,,,,,,,,
662,,,,0.178,0.,0.178,,,,,,,,,,,,,,,,,,,,,,,
667,,,,,,,0.314,0.,0.314,,,,,,,,,,,,,,,,,,,,
668,,,,,,,,,,,,,,,,,,,,,,,,,,,0.009,0.,0.009
670,,,,0.179,0.,0.179,,,,,,,,,,,,,,,,,,,,,,,
679,,,,0.187,0.003,0.183,,,,,,,,,,,,,,,,,,,,,,,
684,,,,,,,,,,0.07232,0.00018,0.00309,0.00105,0.076,0.,0.007,0.07646,0.00020,0.00309,0.00113,0.081,0.003,0.003,,,,,,
685,,,,,,,0.331,0.,0.331,,,,,,,,,,,,,,,,,,,,
687,,,,0.186,0.,0.186,,,,,,,,,,,,,,,,,,,,,,,
696,,,,0.195,0.,0.195,,,,,,,,,,,,,,,,,,,,,,,
703,,,,,,,0.344,0.,0.344,,,,,,,,,,,,,,,,,,,,
704,,,,0.196,0.,0.195,,,,,,,,,,,,,,,,,,,,,,,
707,,,,,,,,,,,,,,,,,,,,,,,,,,,0.01,0.,0.01
713,,,,0.201,0.,0.201,,,,,,,,,,,,,,,,,,,,,,,
721,,,,,,,0.34,0.,0.34,,,,,,,,,,,,,,,,,,,,
739,,,,,,,0.359,0.,0.359,,,,,,,,,,,,,,,,,,,,
744,,,,0.218,0.,0.218,,,,,,,,,,,,,,,,,,,,,,,
747,,,,,,,,,,,,,,,,,,,,,,,,,,,0.011,0.,0.011
757,,,,,,,0.401,0.,0.401,,,,,,,,,,,,,,,,,,,,
775,,,,0.239,0.,0.239,0.457,0.,0.457,,,,,,,,,,,,,,,,,,,,
786,,,,,,,,,,,,,,,,,,,,,,,,,,,0.013,0.,0.013
793,,,,,,,0.457,0.003,0.453,,,,,,,,,,,,,,,,,,,,
797,,,,,,,,,,0.07082,0.00019,0.00381,0.00126,0.076,0.002,0.006,0.06884,0.00022,0.00376,0.00120,0.074,0.,0.006,,,,,,
806,,,,0.264,0.,0.264,,,,,,,,,,,,,,,,,,,,,,,
811,,,,,,,0.487,0.004,0.483,,,,,,,,,,,,,,,,,,,,
825,,,,,,,,,,,,,,,,,,,,,,,,,,,0.013,0.,0.013
829,,,,,,,0.687,0.,0.687,,,,,,,,,,,,,,,,,,,,
837,,,,0.272,0.,0.272,,,,,,,,,,,,,,,,,,,,,,,
847,,,,,,,0.518,0.,0.518,,,,,,,,,,,,,,,,,,,,
864,,,,,,,,,,,,,,,,,,,,,,,,,,,0.014,0.,0.014
865,,,,,,,0.513,0.,0.513,,,,,,,,,,,,,,,,,,,,
868,,,,0.296,0.,0.296,,,,,,,,,,,,,,,,,,,,,,,
873,,,,,,,0.662,0.043,0.618,,,,,,,,,,,,,,,,,,,,
883,,,,,,,0.508,0.,0.508,,,,,,,,,,,,,,,,,,,,
898,,,,0.305,0.,0.305,,,,,,,,,,,,,,,,,,,,,,,
901,,,,,,,0.562,0.,0.562,,,,,,,,,,,,,,,,,,,,
903,,,,,,,,,,,,,,,,,,,,,,,,,,,0.016,0.,0.016
911,,,,,,,,,,0.07602,0.00019,0.00608,0.00161,0.084,0.003,0.008,0.07847,0.00021,0.00458,0.00138,0.084,0.,0.008,,,,,,
914,,,,0.494,0.,0.494,,,,,,,,,,,,,,,,,,,,,,,
929,,,,0.329,0.,0.329,,,,,,,,,,,,,,,,,,,,,,,
943,,,,,,,,,,,,,,,,,,,,,,,,,,,0.017,0.,0.017
960,,,,0.345,0.,0.345,,,,,,,,,,,,,,,,,,,,,,,
982,,,,,,,,,,,,,,,,,,,,,,,,,,,0.018,0.,0.018
991,,,,0.36,0.,0.36,0.74,0.,0.74,,,,,,,,,,,,,,,,,,,,
1021,,,,,,,,,,,,,,,,,,,,,,,,,,,0.02,0.,0.02
1022,,,,0.393,0.,0.393,,,,,,,,,,,,,,,,,,,,,,,
1025,,,,,,,,,,0.06722,0.00019,0.00590,0.00158,0.075,0.003,0.006,0.06684,0.00021,0.00545,0.00155,0.074,0.003,0.006,,,,,,
1053,,,,0.408,0.,0.408,,,,,,,,,,,,,,,,,,,,,,,
1060,,,,,,,,,,,,,,,,,,,,,,,,,,,0.02,0.,0.02
1081,,,,,,,1.082,0.,1.082,,,,,,,,,,,,,,,,,,,,
1084,,,,0.451,0.,0.451,,,,,,,,,,,,,,,,,,,,,,,
1099,,,,,,,,,,,,,,,,,,,,,,,,,,,0.023,0.,0.023
1115,,,,0.463,0.003,0.459,,,,,,,,,,,,,,,,,,,,,,,
1138,,,,,,,,,,0.06945,0.00020,0.00654,0.00168,0.078,0.003,0.007,0.06973,0.00021,0.00670,0.00170,0.078,0.003,0.007,,,,0.024,0.,0.024
1146,,,,0.488,0.,0.488,,,,,,,,,,,,,,,,,,,,,,,
1164,,,,,,,1.157,0.004,1.153,,,,,,,,,,,,,,,,,,,,
1171,,,,,,,1.001,0.,1.001,,,,,,,,,,,,,,,,,,,,
1177,,,,0.506,0.003,0.502,,,,,,,,,,,,,,,,,,,,,,,
1178,,,,,,,,,,,,,,,,,,,,,,,,,,,0.041,0.,0.041
1208,,,,0.525,0.003,0.521,,,,,,,,,,,,,,,,,,,,,,,
1217,,,,,,,,,,,,,,,,,,,,,,,,,,,0.029,0.,0.029
1239,,,,0.567,0.003,0.563,,,,,,,,,,,,,,,,,,,,,,,
1252,,,,,,,,,,0.06937,0.00019,0.00778,0.00192,0.079,0.,0.012,0.06794,0.00021,0.00781,0.00186,0.078,0.001,0.011,,,,,,
1256,,,,,,,,,,,,,,,,,,,,,,,,,,,0.03,0.,0.03
1261,,,,,,,1.163,0.,1.163,,,,,,,,,,,,,,,,,,,,
1269,,,,0.589,0.,0.589,,,,,,,,,,,,,,,,,,,,,,,
1295,,,,,,,,,,,,,,,,,,,,,,,,,,,0.033,0.,0.033
1300,,,,0.608,0.,0.608,,,,,,,,,,,,,,,,,,,,,,,
1331,,,,0.66,0.003,0.656,,,,,,,,,,,,,,,,,,,,,,,
1334,,,,,,,,,,,,,,,,,,,,,,,,,,,0.034,0.,0.034
1351,,,,,,,1.603,0.015,1.587,,,,,,,,,,,,,,,,,,,,
1362,,,,0.69,0.,0.69,,,,,,,,,,,,,,,,,,,,,,,
1365,,,,,,,,,,0.07059,0.00019,0.00911,0.00235,0.082,0.,0.015,0.07800,0.00023,0.00990,0.00214,0.09,0.003,0.011,,,,,,
1370,,,,0.718,0.,0.718,,,,,,,,,,,,,,,,,,,,,,,
1374,,,,,,,,,,,,,,,,,,,,,,,,,,,0.037,0.,0.037
1393,,,,0.703,0.,0.703,,,,,,,,,,,,,,,,,,,,,,,
1413,,,,,,,,,,,,,,,,,,,,,,,,,,,0.039,0.,0.039
1424,,,,0.737,0.,0.737,,,,,,,,,,,,,,,,,,,,,,,
1441,,,,,,,1.46,0.,1.46,,,,,,,,,,,,,,,,,,,,
1452,,,,,,,,,,,,,,,,,,,,,,,,,,,0.055,0.,0.055
1454,,,,,,,1.708,0.047,1.654,,,,,,,,,,,,,,,,,,,,
1479,,,,,,,,,,0.06806,0.00019,0.01089,0.00227,0.081,0.004,0.012,0.06935,0.00021,0.00985,0.02295,0.102,0.003,0.031,,,,,,
1491,,,,,,,,,,,,,,,,,,,,,,,,,,,0.039,0.,0.039
1530,,,,,,,,,,,,,,,,,,,,,,,,,,,0.044,0.,0.044
1531,,,,,,,1.727,0.,1.727,,,,,,,,,,,,,,,,,,,,
1566,,,,0.894,0.,0.894,,,,,,,,,,,,,,,,,,,,,,,
1570,,,,,,,,,,,,,,,,,,,,,,,,,,,0.044,0.,0.044
1593,,,,,,,,,,0.06810,0.00019,0.01140,0.00243,0.082,0.,0.016,0.06686,0.00021,0.01193,0.00234,0.081,0.003,0.014,,,,,,
1609,,,,,,,,,,,,,,,,,,,,,,,,,,,0.046,0.,0.046
1621,,,,,,,1.936,0.,1.936,,,,,,,,,,,,,,,,,,,,
1648,,,,,,,,,,,,,,,,,,,,,,,,,,,0.05,0.,0.05
1687,,,,,,,,,,,,,,,,,,,,,,,,,,,0.052,0.,0.052
1706,,,,,,,,,,0.06998,0.00029,0.01392,0.00287,0.087,0.,0.019,0.06665,0.00020,0.01399,0.00251,0.083,0.004,0.015,,,,,,
1709,,,,1.013,0.004,1.009,,,,,,,,,,,,,,,,,,,,,,,
1711,,,,,,,2.45,0.,2.45,,,,,,,,,,,,,,,,,,,,
1726,,,,,,,,,,,,,,,,,,,,,,,,,,,0.053,0.,0.053
1765,,,,,,,,,,,,,,,,,,,,,,,,,,,0.054,0.,0.054
1801,,,,,,,2.351,0.031,2.319,,,,,,,,,,,,,,,,,,,,
1805,,,,,,,,,,,,,,,,,,,,,,,,,,,0.081,0.,0.081
1820,,,,,,,,,,0.06966,0.00018,0.01809,0.00263,0.09,0.,0.023,0.06926,0.00021,0.01523,0.00279,0.087,0.,0.02,,,,,,
1826,,,,1.192,0.,1.192,,,,,,,,,,,,,,,,,,,,,,,
1844,,,,,,,,,,,,,,,,,,,,,,,,,,,0.061,0.,0.061
1851,,,,1.175,0.004,1.171,,,,,,,,,,,,,,,,,,,,,,,
1883,,,,,,,,,,,,,,,,,,,,,,,,,,,0.063,0.,0.063
1922,,,,,,,,,,,,,,,,,,,,,,,,,,,0.062,0.,0.062
1933,,,,,,,,,,0.06947,0.00019,0.01616,0.00286,0.088,0.,0.021,0.06688,0.00021,0.01696,0.03178,0.116,0.003,0.047,,,,,,
1961,,,,,,,,,,,,,,,,,,,,,,,,,,,0.139,0.,0.139
1993,,,,1.362,0.007,1.354,,,,,,,,,,,,,,,,,,,,,,,
2001,,,,,,,,,,,,,,,,,,,,,,,,,,,0.066,0.,0.066
2013,,,,,,,,,,,,,,,,,,,,,,,,,,,0.08,0.001,0.079
2040,,,,,,,,,,,,,,,,,,,,,,,,,,,0.07,0.,0.07
2047,,,,,,,,,,0.06899,0.00018,0.01806,0.00294,0.09,0.003,0.019,0.07904,0.00022,0.01848,0.00300,0.1,0.004,0.02,,,,,,
2079,,,,,,,,,,,,,,,,,,,,,,,,,,,0.076,0.,0.076
2118,,,,,,,,,,,,,,,,,,,,,,,,,,,0.075,0.,0.075
2136,,,,1.539,0.003,1.535,,,,,,,,,,,,,,,,,,,,,,,
2157,,,,,,,,,,,,,,,,,,,,,,,,,,,0.079,0.,0.079
2161,,,,,,,3.704,0.016,3.687,0.07202,0.00019,0.02044,0.09720,0.19,0.004,0.116,0.06952,0.00022,0.02149,0.00317,0.094,0.003,0.023,,,,,,
2197,,,,,,,,,,,,,,,,,,,,,,,,,,,0.118,0.,0.118
2236,,,,,,,,,,,,,,,,,,,,,,,,,,,0.085,0.,0.085
2274,,,,,,,,,,0.06934,0.00018,0.02268,0.00336,0.095,0.004,0.024,0.06968,0.00021,0.02787,0.00326,0.101,0.004,0.029,,,,,,
2275,,,,,,,,,,,,,,,,,,,,,,,,,,,0.09,0.,0.09
2278,,,,1.728,0.011,1.716,,,,,,,,,,,,,,,,,,,,,,,
2282,,,,1.791,0.,1.79,,,,,,,,,,,,,,,,,,,,,,,
2314,,,,,,,,,,,,,,,,,,,,,,,,,,,0.093,0.,0.093
2353,,,,,,,,,,,,,,,,,,,,,,,,,,,0.093,0.,0.093
2388,,,,,,,,,,0.06926,0.00018,0.02472,0.00354,0.097,0.,0.031,0.07067,0.00021,0.02470,0.00352,0.099,0.,0.031,,,,,,
2392,,,,,,,,,,,,,,,,,,,,,,,,,,,0.096,0.,0.096
2420,,,,1.985,0.,1.985,,,,,,,,,,,,,,,,,,,,,,,
2432,,,,,,,,,,,,,,,,,,,,,,,,,,,0.125,0.,0.125
2471,,,,,,,,,,,,,,,,,,,,,,,,,,,0.107,0.,0.107
2502,,,,,,,,,,0.06832,0.00022,0.06839,0.00441,0.141,0.,0.075,0.07264,0.00022,0.02842,0.00424,0.105,0.003,0.031,,,,,,
2510,,,,,,,,,,,,,,,,,,,,,,,,,,,0.108,0.,0.108
2521,,,,,,,4.996,0.004,4.991,,,,,,,,,,,,,,,,,,,,
2549,,,,,,,,,,,,,,,,,,,,,,,,,,,0.112,0.,0.112
2562,,,,2.158,0.,2.153,,,,,,,,,,,,,,,,,,,,,,,
2588,,,,,,,,,,,,,,,,,,,,,,,,,,,0.112,0.,0.112
2615,,,,,,,,,,0.07195,0.00019,0.03468,0.00395,0.11,0.004,0.037,0.07291,0.00023,0.03036,0.00441,0.108,0.,0.037,,,,,,
2628,,,,,,,,,,,,,,,,,,,,,,,,,,,0.117,0.,0.117
2667,,,,,,,,,,,,,,,,,,,,,,,,,,,0.124,0.,0.124
2705,,,,2.423,0.,2.423,,,,,,,,,,,,,,,,,,,,,,,
2706,,,,,,,,,,,,,,,,,,,,,,,,,,,0.122,0.,0.122
2729,,,,,,,,,,0.07458,0.00019,0.06018,0.00400,0.139,0.003,0.063,0.07129,0.00021,0.03262,0.00469,0.109,0.,0.039,,,,,,
2745,,,,,,,,,,,,,,,,,,,,,,,,,,,0.142,0.,0.142
2784,,,,,,,,,,,,,,,,,,,,,,,,,,,0.129,0.,0.129
2824,,,,,,,,,,,,,,,,,,,,,,,,,,,0.13,0.,0.13
2842,,,,,,,,,,0.07237,0.00020,0.03589,0.00494,0.113,0.,0.043,0.07260,0.00020,0.03526,0.00430,0.112,0.003,0.039,,,,,,
2847,,,,2.654,0.007,2.646,,,,,,,,,,,,,,,,,,,,,,,
2863,,,,,,,,,,,,,,,,,,,,,,,,,,,0.133,0.,0.133
2881,,,,,,,6.455,0.035,6.418,,,,,,,,,,,,,,,,,,,,
2902,,,,,,,,,,,,,,,,,,,,,,,,,,,0.145,0.,0.145
2941,,,,,,,,,,,,,,,,,,,,,,,,,,,0.148,0.,0.148
2956,,,,,,,,,,0.06930,0.00020,0.03679,0.00441,0.11,0.003,0.04,0.06831,0.00022,0.04112,0.00430,0.114,0.008,0.04,,,,,,
2980,,,,,,,,,,,,,,,,,,,,,,,,,,,0.153,0.,0.153
3019,,,,,,,,,,,,,,,,,,,,,,,,,,,0.149,0.,0.149
3059,,,,,,,,,,,,,,,,,,,,,,,,,,,0.156,0.,0.156
3070,,,,,,,,,,0.07131,0.00019,0.04113,0.00508,0.117,0.003,0.045,0.06969,0.00021,0.06670,0.00464,0.141,0.007,0.066,,,,,,
3098,,,,,,,,,,,,,,,,,,,,,,,,,,,0.157,0.,0.157
3137,,,,,,,,,,,,,,,,,,,,,,,,,,,0.16,0.,0.16
3183,,,,,,,,,,0.07547,0.00019,0.04951,0.00480,0.13,0.003,0.054,0.07299,0.00023,0.04624,0.00478,0.124,0.004,0.049,,,,,,
3241,,,,,,,7.96,0.043,7.915,,,,,,,,,,,,,,,,,,,,
3268,,,,,,,,,,,,,,,,,,,,,,,,,,,0.178,0.,0.178
3297,,,,,,,,,,0.07003,0.00019,0.05900,0.00489,0.134,0.007,0.059,0.07468,0.00022,0.05798,0.00486,0.137,0.004,0.061,,,,,,
3398,,,,,,,,,,,,,,,,,,,,,,,,,,,0.191,0.,0.191
3410,,,,,,,,,,0.07170,0.00019,0.04995,0.00535,0.127,0.,0.058,0.06995,0.00025,0.04979,0.00546,0.125,0.003,0.054,,,,,,
3416,,,,3.804,0.,3.803,,,,,,,,,,,,,,,,,,,,,,,
3524,,,,,,,,,,0.07204,0.00018,0.06364,0.00533,0.141,0.003,0.068,0.07077,0.00021,0.05381,0.00499,0.129,0.,0.061,,,,,,
3529,,,,,,,,,,,,,,,,,,,,,,,,,,,0.204,0.,0.204
3601,,,,,,,9.681,0.112,9.568,,,,,,,,,,,,,,,,,,,,
3638,,,,,,,,,,0.07200,0.00019,0.06013,0.00526,0.137,0.,0.067,0.07657,0.00021,0.05825,0.00518,0.14,0.,0.066,,,,,,
3660,,,,,,,,,,,,,,,,,,,,,,,,,,,0.223,0.,0.223
3674,,,,,,,,,,0.26580,0.00125,0.05553,0.00515,0.329,0.002,0.072,0.06649,0.00027,0.07469,0.00510,0.146,0.004,0.077,,,,,,
3751,,,,,,,,,,0.07072,0.00030,0.06340,0.00529,0.139,0.,0.071,0.07289,0.00020,0.06013,0.00536,0.138,0.,0.068,,,,,,
3790,,,,,,,,,,,,,,,,,,,,,,,,,,,0.232,0.,0.232
3865,,,,,,,,,,0.07520,0.00020,0.06700,0.00619,0.148,0.,0.076,0.07323,0.00021,0.06607,0.00573,0.145,0.007,0.066,,,,,,
3921,,,,,,,,,,,,,,,,,,,,,,,,,,,0.25,0.,0.249
3979,,,,,,,,,,0.07205,0.00019,0.06967,0.00580,0.147,0.003,0.074,0.07373,0.00021,0.06902,0.00640,0.149,0.003,0.074,,,,,,
3985,,,,5.091,0.011,5.079,,,,,,,,,,,,,,,,,,,,,,,
4024,,,,,,,,,,,,,,,,,,,,,,,,,,,0.258,0.003,0.255
4052,,,,,,,,,,,,,,,,,,,,,,,,,,,0.26,0.,0.26
4092,,,,,,,,,,0.07305,0.00020,0.07321,0.00592,0.153,0.,0.082,0.07254,0.00021,0.07426,0.00594,0.153,0.003,0.079,,,,,,
4182,,,,,,,,,,,,,,,,,,,,,,,,,,,0.297,0.,0.297
4206,,,,,,,,,,0.06970,0.00022,0.07373,0.00639,0.15,0.,0.083,0.07066,0.00021,0.07667,0.00668,0.154,0.003,0.082,,,,,,
4313,,,,,,,,,,,,,,,,,,,,,,,,,,,0.309,0.,0.309
4319,,,,,,,,,,0.07214,0.00020,0.08230,0.00656,0.161,0.003,0.088,0.07319,0.00021,0.07806,0.01101,0.162,0.,0.092,,,,,,
4433,,,,,,,,,,0.07237,0.00021,0.08573,0.00607,0.164,0.,0.095,0.07440,0.00021,0.08943,0.00622,0.17,0.003,0.096,,,,,,
4444,,,,,,,,,,,,,,,,,,,,,,,,,,,0.326,0.,0.326
4547,,,,,,,,,,0.07237,0.00018,0.08813,0.00743,0.168,0.,0.098,0.07186,0.00020,0.09319,0.00696,0.172,0.,0.103,,,,,,
4555,,,,6.65,0.004,6.645,,,,,,,,,,,,,,,,,,,,,,,
4574,,,,,,,,,,,,,,,,,,,,,,,,,,,0.319,0.,0.319
4660,,,,,,,,,,0.07254,0.00017,0.09354,0.00759,0.174,0.007,0.096,0.07257,0.00021,0.09399,0.00651,0.173,0.,0.103,,,,,,
4705,,,,,,,,,,,,,,,,,,,,,,,,,,,0.356,0.,0.356
4774,,,,,,,,,,0.07138,0.00018,0.10030,0.00736,0.179,0.,0.11,0.07323,0.00020,0.09740,0.00687,0.177,0.,0.107,,,,,,
4836,,,,,,,,,,,,,,,,,,,,,,,,,,,0.363,0.,0.363
4887,,,,,,,,,,0.07462,0.00019,0.10766,0.00706,0.189,0.007,0.11,0.07632,0.00021,0.10419,0.00783,0.188,0.008,0.109,,,,,,
4966,,,,,,,,,,,,,,,,,,,,,,,,,,,0.369,0.,0.369
5001,,,,,,,,,,0.07207,0.00020,0.10954,0.00761,0.189,0.003,0.116,0.07389,0.00025,0.11016,0.00741,0.191,0.,0.12,,,,,,
5097,,,,,,,,,,,,,,,,,,,,,,,,,,,0.406,0.,0.406
5115,,,,,,,,,,0.07254,0.00022,0.11434,0.00744,0.194,0.,0.126,0.07376,0.00021,0.11432,0.00724,0.195,0.003,0.121,,,,,,
5124,,,,8.359,0.007,8.351,,,,,,,,,,,,,,,,,,,,,,,
5228,,,,,,,,,,0.07254,0.00018,0.12049,0.00729,0.2,0.003,0.127,0.07261,0.00021,0.11997,0.00763,0.2,0.003,0.126,,,,0.4,0.,0.4
5342,,,,,,,,,,0.07281,0.00020,0.12584,0.00893,0.207,0.,0.137,0.07202,0.00021,0.12057,0.00828,0.201,0.,0.131,,,,,,
5358,,,,,,,,,,,,,,,,,,,,,,,,,,,0.441,0.,0.441
5456,,,,,,,,,,0.07001,0.00020,0.12043,0.00977,0.2,0.008,0.125,0.06742,0.00024,0.12410,0.00918,0.201,0.,0.136,,,,,,
5489,,,,,,,,,,,,,,,,,,,,,,,,,,,0.444,0.,0.444
5569,,,,,,,,,,0.07281,0.00019,0.14002,0.00821,0.221,0.003,0.147,0.07432,0.00021,0.13944,0.00886,0.223,0.,0.151,,,,,,
5620,,,,,,,,,,,,,,,,,,,,,,,,,,,0.466,0.,0.466
5683,,,,,,,,,,0.07193,0.00020,0.14665,0.00832,0.227,0.003,0.154,0.07445,0.00019,0.14127,0.00824,0.224,0.008,0.144,,,,,,
5693,,,,10.463,0.,10.462,,,,,,,,,,,,,,,,,,,,,,,
5750,,,,,,,,,,,,,,,,,,,,,,,,,,,0.491,0.,0.491
5796,,,,,,,,,,0.06996,0.00024,0.13870,0.00894,0.218,0.003,0.147,0.06875,0.00021,0.14038,0.00791,0.217,0.003,0.147,,,,,,
5881,,,,,,,,,,,,,,,,,,,,,,,,,,,0.504,0.,0.504
5910,,,,,,,,,,0.06870,0.00017,0.14237,0.00887,0.22,0.,0.154,0.07139,0.00020,0.14215,0.00821,0.222,0.004,0.149,,,,,,
6012,,,,,,,,,,,,,,,,,,,,,,,,,,,0.532,0.,0.532
6034,,,,,,,,,,,,,,,,,,,,,,,,,,,0.609,0.,0.609
6142,,,,,,,,,,,,,,,,,,,,,,,,,,,0.558,0.,0.558
6221,,,,,,,,,,0.07476,0.00019,0.17592,0.00924,0.26,0.007,0.18,0.07190,0.00020,0.16052,0.00873,0.241,0.008,0.164,,,,,,
6273,,,,,,,,,,,,,,,,,,,,,,,,,,,0.611,0.,0.611
6532,,,,,,,,,,0.07653,0.00017,0.18670,0.00978,0.273,0.003,0.201,0.07496,0.00021,0.19057,0.01147,0.277,0.004,0.201,,,,,,
6843,,,,,,,,,,0.07827,0.00019,0.19949,0.01266,0.29,0.004,0.211,0.07262,0.00021,0.20540,0.00991,0.288,0.,0.218,,,,,,
6900,,,,,,,,,,,,,,,,,,,,,,,,,,,0.718,0.,0.718
7154,,,,,,,,,,0.07306,0.00019,0.21516,0.01037,0.299,0.003,0.225,0.07284,0.00022,0.23273,0.01213,0.318,0.004,0.243,,,,,,
7346,,,,,,,,,,0.06506,0.00016,0.25819,0.00993,0.333,0.004,0.266,0.06634,0.00019,0.34937,0.01026,0.426,0.015,0.346,,,,,,
7465,,,,,,,,,,0.06906,0.00020,0.24025,0.01052,0.32,0.003,0.25,0.07268,0.00020,0.24237,0.01028,0.325,0.012,0.243,,,,,,
7527,,,,,,,,,,,,,,,,,,,,,,,,,,,0.868,0.,0.868
7776,,,,,,,,,,0.07615,0.00022,0.24697,0.01114,0.334,0.,0.261,0.07010,0.00021,0.25660,0.01136,0.338,0.007,0.263,,,,,,
8045,,,,,,,,,,,,,,,,,,,,,,,,,,,1.104,0.,1.104
8087,,,,,,,,,,0.07020,0.00021,0.27602,0.01149,0.358,0.,0.291,0.07073,0.00022,0.28743,0.01174,0.37,0.003,0.298,,,,,,
8154,,,,,,,,,,,,,,,,,,,,,,,,,,,0.98,0.,0.98
8398,,,,,,,,,,0.07176,0.00021,0.28957,0.01172,0.373,0.007,0.297,0.07927,0.00021,0.30223,0.01197,0.393,0.007,0.313,,,,,,
8709,,,,,,,,,,0.07186,0.00020,0.31295,0.01741,0.402,0.004,0.329,0.06982,0.00021,0.32596,0.01250,0.408,0.008,0.333,,,,,,
8781,,,,,,,,,,,,,,,,,,,,,,,,,,,1.141,0.,1.141
9019,,,,,,,,,,0.06970,0.00019,0.34077,0.02268,0.433,0.008,0.358,0.07087,0.00033,0.33098,0.01297,0.415,0.,0.347,,,,,,
9330,,,,,,,,,,0.07026,0.00019,0.37628,0.01416,0.461,0.003,0.389,0.07399,0.00021,0.37329,0.01436,0.462,0.004,0.386,,,,,,
9409,,,,,,,,,,,,,,,,,,,,,,,,,,,1.337,0.,1.337
9641,,,,,,,,,,0.07267,0.00018,0.37542,0.01436,0.462,0.003,0.389,0.06788,0.00021,0.38553,0.01606,0.469,0.,0.404,,,,,,
9952,,,,,,,,,,0.06945,0.00022,0.40576,0.01447,0.49,0.003,0.419,0.06952,0.00021,0.42149,0.01492,0.506,0.007,0.431,,,,,,
10036,,,,,,,,,,,,,,,,,,,,,,,,,,,1.505,0.003,1.501
10056,,,,,,,,,,,,,,,,,,,,,,,,,,,1.608,0.,1.608
10263,,,,,,,,,,0.06950,0.00018,0.43146,0.01567,0.517,0.003,0.446,0.07123,0.00021,0.45436,0.01697,0.542,0.003,0.471,,,,,,
10574,,,,,,,,,,0.07588,0.00020,0.52138,0.01554,0.613,0.,0.541,0.07037,0.00023,0.46846,0.01599,0.555,0.007,0.479,,,,,,
10663,,,,,,,,,,,,,,,,,,,,,,,,,,,1.644,0.004,1.64
10885,,,,,,,,,,0.07048,0.00020,0.48322,0.01729,0.571,0.007,0.493,0.06844,0.00020,0.50623,0.01663,0.591,0.007,0.518,,,,,,
11017,,,,,,,,,,0.06420,0.00018,0.53137,0.01605,0.611,0.003,0.546,0.06760,0.00022,0.58629,0.02127,0.675,0.003,0.606,,,,,,
11196,,,,,,,,,,0.07425,0.00019,0.52357,0.01610,0.614,0.007,0.535,0.06880,0.00020,0.51594,0.01574,0.601,0.008,0.527,,,,,,
11290,,,,,,,,,,,,,,,,,,,,,,,,,,,1.872,0.,1.871
11507,,,,,,,,,,0.07224,0.00020,0.54449,0.01661,0.633,0.,0.564,0.07479,0.00021,0.55678,0.01876,0.65,0.007,0.571,,,,,,
11818,,,,,,,,,,0.06986,0.00018,0.58313,0.01709,0.67,0.003,0.599,0.07206,0.00022,0.58804,0.01715,0.677,0.012,0.596,,,,,,
11917,,,,,,,,,,,,,,,,,,,,,,,,,,,2.102,0.003,2.097
12544,,,,,,,,,,,,,,,,,,,,,,,,,,,2.328,0.007,2.317
13000,,,,,,,,,,0.07308,0.00019,0.69688,0.02084,0.791,0.004,0.717,0.07347,0.00022,0.69530,0.01947,0.788,0.,0.718,,,,,,
14181,,,,,,,,,,0.07207,0.00019,0.84688,0.02106,0.94,0.008,0.863,0.07575,0.00020,0.84173,0.02215,0.94,0.003,0.863,,,,,,
14689,,,,,,,,,,0.06903,0.00017,0.89102,0.02032,0.98,0.004,0.909,0.06551,0.00023,0.87826,0.01947,0.963,0.,0.9,,,,,,
15052,,,,,,,,,,,,,,,,,,,,,,,,,,,3.311,0.003,3.307
15363,,,,,,,,,,0.07436,0.00020,0.96684,0.02260,1.064,0.011,0.98,0.07142,0.00021,0.99383,0.02481,1.09,0.007,1.013,,,,,,
16544,,,,,,,,,,0.06932,0.00019,1.13803,0.02339,1.231,0.007,1.156,0.07123,0.00021,1.15067,0.02333,1.245,0.003,1.173,,,,,,
17561,,,,,,,,,,,,,,,,,,,,,,,,,,,4.459,0.,4.459
17726,,,,,,,,,,0.07261,0.00018,1.29634,0.02533,1.394,0.007,1.316,0.06901,0.00020,1.30024,0.02648,1.396,0.007,1.322,,,,,,
18361,,,,,,,,,,0.06750,0.00017,1.40036,0.02791,1.496,0.003,1.426,0.07458,0.00020,1.39942,0.02807,1.502,0.,1.429,,,,,,
18908,,,,,,,,,,0.07154,0.00019,1.45177,0.02733,1.551,0.004,1.478,0.07174,0.00021,1.47673,0.03701,1.585,0.003,1.513,,,,,,
20069,,,,,,,,,,,,,,,,,,,,,,,,,,,5.854,0.007,5.846
20089,,,,,,,,,,0.07233,0.00020,1.67493,0.03788,1.785,0.003,1.712,0.07147,0.00021,1.70174,0.02982,1.803,0.007,1.727,,,,,,
21271,,,,,,,,,,0.07623,0.00023,1.86099,0.03068,1.968,0.003,1.891,0.07382,0.00021,1.86466,0.02981,1.968,0.003,1.893,,,,,,
22452,,,,,,,,,,0.06909,0.00018,2.02859,0.03203,2.13,0.007,2.056,0.06909,0.00022,2.09731,0.03394,2.2,0.012,2.122,,,,,,
22578,,,,,,,,,,,,,,,,,,,,,,,,,,,7.902,0.004,7.897
23634,,,,,,,,,,0.07150,0.00019,2.29871,0.03497,2.405,0.007,2.329,0.07429,0.00021,2.31475,0.03530,2.424,0.003,2.349,,,,,,
25086,,,,,,,,,,,,,,,,,,,,,,,,,,,9.622,0.008,9.613
28361,,,,,,,,,,0.07194,0.00019,3.24740,0.03998,3.359,0.007,3.282,0.06987,0.00021,3.32636,0.03941,3.436,0.004,3.364,,,,,,
33087,,,,,,,,,,0.07176,0.00018,4.48412,0.06039,4.616,0.,4.547,0.06993,0.00023,4.54266,0.04695,4.66,0.003,4.588,,,,,,
37814,,,,,,,,,,0.07600,0.00020,5.56208,0.05104,5.689,0.,5.616,0.06750,0.00021,5.57659,0.06482,5.709,0.007,5.633,,,,,,
42540,,,,,,,,,,0.06699,0.00019,7.01804,0.05626,7.141,0.003,7.073,0.06577,0.00019,6.97917,0.05672,7.102,0.007,7.03,,,,,,
47267,,,,,,,,,,0.06937,0.00017,8.66101,0.09361,8.824,0.015,8.741,0.07020,0.00020,8.59668,0.07761,8.744,0.008,8.669,,,,,,