param-n,abstract-regression-cubic-real,abstract-regression-cubic-sys,abstract-regression-cubic-user,close-abstract-regression-cubic-real,close-abstract-regression-cubic-sys,close-abstract-regression-cubic-user,fast-rewrite-regression-cubic-real,fast-rewrite-regression-cubic-sys,fast-rewrite-regression-cubic-user,pose-build-and-refine-regression-cubic-real,pose-build-and-refine-regression-cubic-sys,pose-build-and-refine-regression-cubic-user,refine-regression-quadratic-regression-linear-real,refine-regression-quadratic-regression-linear-sys,refine-regression-quadratic-regression-linear-user
1,0.,0.,0.,0.,0.,0.,0.,0.,0.,0.,0.,0.,0.,0.,0.
2,0.,0.,0.,0.,0.,0.,0.,0.,0.,0.,0.,0.,0.,0.,0.
3,0.,0.,0.,0.,0.,0.,0.,0.,0.,0.,0.,0.,0.,0.,0.
4,0.,0.,0.,0.,0.,0.,0.,0.,0.,0.,0.,0.,0.,0.,0.
5,0.,0.,0.,0.,0.,0.,0.,0.,0.,0.,0.,0.,0.,0.,0.
6,0.001,0.,0.,0.,0.,0.,0.,0.,0.,0.,0.,0.,0.,0.,0.
7,0.,0.,0.,0.,0.,0.,0.,0.,0.,0.,0.,0.,0.,0.,0.
8,0.001,0.,0.001,0.,0.,0.,0.,0.,0.,0.,0.,0.,0.,0.,0.
9,0.001,0.,0.001,0.,0.,0.,0.,0.,0.,0.,0.,0.,0.,0.,0.
10,0.001,0.,0.001,0.,0.,0.,0.001,0.,0.001,0.001,0.,0.001,0.,0.,0.
11,0.001,0.,0.001,0.,0.,0.,0.,0.,0.,0.,0.,0.,0.,0.,0.
12,0.001,0.001,0.,0.,0.,0.,0.001,0.001,0.,0.001,0.001,0.,0.,0.,0.
13,0.001,0.001,0.,0.,0.,0.,0.001,0.001,0.,0.001,0.001,0.,0.,0.,0.
14,0.001,0.,0.001,0.,0.,0.,0.001,0.,0.001,0.001,0.,0.001,0.,0.,0.
15,0.001,0.001,0.,0.,0.,0.,0.001,0.001,0.,0.001,0.001,0.,0.,0.,0.
16,0.002,0.001,0.,0.,0.,0.,0.001,0.001,0.,0.001,0.001,0.,0.,0.,0.
17,0.002,0.,0.002,0.,0.,0.,0.001,0.,0.001,0.001,0.,0.001,0.,0.,0.
18,0.002,0.,0.001,0.,0.,0.,0.001,0.,0.001,0.001,0.,0.001,0.,0.,0.
19,0.002,0.002,0.,0.,0.,0.,0.001,0.001,0.,0.001,0.001,0.,0.,0.,0.
20,0.002,0.,0.002,0.,0.,0.,0.001,0.,0.001,0.001,0.,0.001,0.,0.,0.
21,0.036,0.003,0.032,0.,0.,0.,0.035,0.003,0.032,0.035,0.003,0.032,0.,0.,0.
22,0.002,0.,0.002,0.,0.,0.,0.001,0.,0.001,0.001,0.,0.001,0.,0.,0.
23,0.002,0.,0.002,0.,0.,0.,0.001,0.,0.001,0.001,0.,0.001,0.,0.,0.
24,0.002,0.,0.002,0.,0.,0.,0.001,0.,0.001,0.001,0.,0.001,0.,0.,0.
25,0.002,0.,0.002,0.,0.,0.,0.001,0.,0.001,0.001,0.,0.001,0.,0.,0.
26,0.002,0.,0.002,0.,0.,0.,0.001,0.,0.001,0.001,0.,0.001,0.,0.,0.
27,0.002,0.,0.002,0.,0.,0.,0.001,0.,0.001,0.001,0.,0.001,0.,0.,0.
28,0.002,0.,0.002,0.,0.,0.,0.002,0.,0.002,0.002,0.,0.002,0.,0.,0.
29,0.002,0.,0.002,0.,0.,0.,0.002,0.,0.002,0.002,0.,0.002,0.,0.,0.
30,0.002,0.,0.002,0.,0.,0.,0.002,0.,0.002,0.002,0.,0.002,0.,0.,0.
31,0.003,0.,0.003,0.,0.,0.,0.002,0.,0.002,0.002,0.,0.002,0.,0.,0.
32,0.003,0.,0.003,0.,0.,0.,0.002,0.,0.002,0.002,0.,0.002,0.,0.,0.
33,0.018,0.,0.018,0.,0.,0.,0.017,0.,0.017,0.017,0.,0.017,0.,0.,0.
34,0.003,0.003,0.,0.,0.,0.,0.002,0.002,0.,0.002,0.002,0.,0.,0.,0.
35,0.003,0.,0.003,0.,0.,0.,0.002,0.,0.002,0.002,0.,0.002,0.,0.,0.
36,0.003,0.,0.003,0.,0.,0.,0.002,0.,0.002,0.002,0.,0.002,0.,0.,0.
37,0.003,0.,0.003,0.,0.,0.,0.002,0.,0.002,0.002,0.,0.002,0.,0.,0.
38,0.003,0.,0.003,0.001,0.,0.001,0.002,0.,0.002,0.002,0.,0.002,0.,0.,0.
39,0.003,0.,0.003,0.001,0.,0.001,0.002,0.,0.002,0.002,0.,0.002,0.,0.,0.
40,0.004,0.,0.004,0.001,0.,0.001,0.002,0.,0.002,0.002,0.,0.002,0.,0.,0.
41,0.004,0.,0.004,0.001,0.,0.001,0.002,0.,0.002,0.002,0.,0.002,0.,0.,0.
42,0.005,0.,0.005,0.001,0.,0.001,0.003,0.,0.003,0.003,0.,0.003,0.,0.,0.
43,0.004,0.,0.004,0.001,0.,0.001,0.002,0.,0.002,0.002,0.,0.002,0.,0.,0.
44,0.004,0.,0.004,0.001,0.,0.001,0.003,0.,0.003,0.003,0.,0.003,0.,0.,0.
45,0.004,0.,0.004,0.001,0.,0.001,0.003,0.,0.003,0.003,0.,0.003,0.,0.,0.
46,0.004,0.,0.004,0.001,0.,0.001,0.003,0.,0.003,0.003,0.,0.003,0.,0.,0.
47,0.005,0.,0.005,0.001,0.,0.001,0.003,0.,0.003,0.003,0.,0.003,0.,0.,0.
48,0.005,0.,0.005,0.001,0.,0.001,0.003,0.,0.003,0.003,0.,0.003,0.,0.,0.
49,0.005,0.,0.005,0.001,0.,0.001,0.003,0.,0.003,0.003,0.,0.003,0.,0.,0.
50,0.006,0.004,0.002,0.002,0.,0.002,0.004,0.004,0.,0.004,0.004,0.,0.,0.,0.
51,0.005,0.,0.005,0.001,0.,0.001,0.003,0.,0.003,0.003,0.,0.003,0.,0.,0.
52,0.005,0.,0.005,0.001,0.,0.001,0.003,0.,0.003,0.003,0.,0.003,0.,0.,0.
53,0.005,0.,0.005,0.001,0.,0.001,0.003,0.,0.003,0.003,0.,0.003,0.,0.,0.
54,0.005,0.,0.005,0.001,0.,0.001,0.003,0.,0.003,0.003,0.,0.003,0.,0.,0.
55,0.006,0.,0.006,0.002,0.,0.002,0.003,0.,0.003,0.003,0.,0.003,0.,0.,0.
56,0.007,0.,0.007,0.002,0.,0.002,0.004,0.,0.004,0.004,0.,0.004,0.,0.,0.
57,0.006,0.,0.006,0.002,0.,0.002,0.004,0.,0.004,0.004,0.,0.004,0.,0.,0.
58,0.006,0.,0.006,0.002,0.,0.002,0.004,0.,0.004,0.004,0.,0.004,0.,0.,0.
59,0.006,0.,0.006,0.002,0.,0.002,0.004,0.,0.004,0.004,0.,0.004,0.,0.,0.
60,0.007,0.,0.007,0.002,0.,0.002,0.004,0.,0.004,0.004,0.,0.004,0.,0.,0.
61,0.011,0.,0.011,0.002,0.,0.002,0.008,0.,0.008,0.008,0.,0.008,0.,0.,0.
62,0.007,0.,0.007,0.002,0.,0.002,0.004,0.,0.004,0.004,0.,0.004,0.,0.,0.
63,0.007,0.,0.007,0.002,0.,0.002,0.004,0.,0.004,0.004,0.,0.004,0.,0.,0.
64,0.007,0.,0.007,0.002,0.,0.002,0.004,0.,0.004,0.004,0.,0.004,0.,0.,0.
65,0.007,0.,0.007,0.002,0.,0.002,0.004,0.,0.004,0.004,0.,0.004,0.,0.,0.
66,0.009,0.,0.009,0.002,0.,0.002,0.005,0.,0.005,0.005,0.,0.005,0.001,0.,0.001
67,0.008,0.,0.008,0.003,0.,0.003,0.004,0.,0.004,0.004,0.,0.004,0.,0.,0.
68,0.008,0.,0.008,0.003,0.,0.003,0.004,0.,0.004,0.004,0.,0.004,0.,0.,0.
69,0.008,0.,0.008,0.003,0.,0.003,0.005,0.,0.005,0.005,0.,0.005,0.,0.,0.
70,0.008,0.,0.008,0.003,0.,0.003,0.005,0.,0.005,0.005,0.,0.005,0.,0.,0.
71,0.015,0.,0.015,0.003,0.,0.003,0.011,0.,0.011,0.011,0.,0.011,0.,0.,0.
72,0.009,0.,0.009,0.003,0.,0.003,0.005,0.,0.005,0.005,0.,0.005,0.,0.,0.
73,0.009,0.,0.009,0.003,0.,0.003,0.005,0.,0.005,0.005,0.,0.005,0.,0.,0.
74,0.009,0.,0.009,0.003,0.,0.003,0.005,0.,0.005,0.005,0.,0.005,0.,0.,0.
75,0.009,0.,0.009,0.003,0.,0.003,0.005,0.,0.005,0.005,0.,0.005,0.,0.,0.
76,0.01,0.,0.01,0.003,0.,0.003,0.005,0.,0.005,0.005,0.,0.005,0.,0.,0.
77,0.01,0.,0.01,0.004,0.,0.004,0.005,0.,0.005,0.005,0.,0.005,0.,0.,0.
78,0.01,0.,0.01,0.004,0.,0.004,0.006,0.,0.006,0.006,0.,0.006,0.,0.,0.
79,0.011,0.003,0.008,0.004,0.,0.004,0.007,0.003,0.003,0.007,0.003,0.003,0.,0.,0.
80,0.011,0.,0.011,0.004,0.,0.004,0.006,0.,0.006,0.006,0.,0.006,0.,0.,0.
81,0.011,0.,0.011,0.004,0.,0.004,0.006,0.,0.006,0.006,0.,0.006,0.,0.,0.
82,0.011,0.,0.011,0.004,0.,0.004,0.006,0.,0.006,0.006,0.,0.006,0.,0.,0.
83,0.064,0.,0.064,0.004,0.,0.004,0.058,0.,0.058,0.058,0.,0.058,0.,0.,0.
84,0.011,0.,0.011,0.004,0.,0.004,0.006,0.,0.006,0.006,0.,0.006,0.,0.,0.
85,0.012,0.,0.012,0.005,0.,0.005,0.006,0.,0.006,0.006,0.,0.006,0.,0.,0.
86,0.012,0.,0.012,0.005,0.,0.005,0.006,0.,0.006,0.006,0.,0.006,0.,0.,0.
87,0.012,0.,0.012,0.005,0.,0.005,0.006,0.,0.006,0.006,0.,0.006,0.,0.,0.
88,0.013,0.,0.013,0.005,0.,0.005,0.007,0.,0.007,0.007,0.,0.007,0.,0.,0.
89,0.013,0.,0.013,0.005,0.,0.005,0.007,0.,0.007,0.007,0.,0.007,0.,0.,0.
90,0.041,0.,0.041,0.005,0.,0.005,0.035,0.,0.035,0.035,0.,0.035,0.,0.,0.
91,0.013,0.,0.013,0.005,0.,0.005,0.007,0.,0.007,0.007,0.,0.007,0.,0.,0.
92,0.014,0.,0.014,0.006,0.,0.006,0.007,0.,0.007,0.007,0.,0.007,0.,0.,0.
93,0.015,0.,0.015,0.006,0.,0.006,0.008,0.,0.008,0.008,0.,0.008,0.,0.,0.
94,0.014,0.,0.014,0.006,0.,0.006,0.007,0.,0.007,0.007,0.,0.007,0.,0.,0.
95,0.014,0.,0.014,0.006,0.,0.006,0.007,0.,0.007,0.007,0.,0.007,0.,0.,0.
96,0.029,0.,0.029,0.021,0.,0.021,0.007,0.,0.007,0.007,0.,0.007,0.,0.,0.
97,0.015,0.,0.015,0.006,0.,0.006,0.007,0.,0.007,0.007,0.,0.007,0.,0.,0.
98,0.015,0.,0.015,0.007,0.,0.007,0.008,0.,0.008,0.008,0.,0.008,0.,0.,0.
99,0.016,0.,0.016,0.007,0.,0.007,0.008,0.,0.008,0.008,0.,0.008,0.,0.,0.
100,0.018,0.007,0.011,0.008,0.,0.008,0.01,0.007,0.003,0.01,0.007,0.003,0.,0.,0.
110,0.019,0.,0.019,0.009,0.,0.009,0.009,0.,0.009,0.009,0.,0.009,0.,0.,0.
120,0.022,0.,0.022,0.011,0.,0.011,0.01,0.,0.01,0.01,0.,0.01,0.,0.,0.
130,0.026,0.,0.026,0.013,0.,0.013,0.011,0.,0.011,0.011,0.,0.011,0.,0.,0.
140,0.03,0.,0.03,0.016,0.,0.016,0.013,0.,0.013,0.013,0.,0.013,0.,0.,0.
150,0.07,0.008,0.062,0.052,0.,0.052,0.018,0.008,0.01,0.018,0.008,0.01,0.001,0.,0.001
160,0.04,0.,0.04,0.023,0.,0.023,0.016,0.,0.016,0.016,0.,0.016,0.001,0.,0.001
170,0.05,0.,0.05,0.032,0.,0.032,0.017,0.,0.017,0.017,0.,0.017,0.001,0.,0.001
180,0.051,0.,0.051,0.032,0.,0.032,0.019,0.,0.019,0.019,0.,0.019,0.001,0.,0.001
190,0.061,0.,0.061,0.036,0.,0.036,0.023,0.,0.023,0.023,0.,0.023,0.001,0.,0.001
200,0.065,0.,0.065,0.042,0.,0.042,0.022,0.,0.022,0.022,0.,0.022,0.001,0.,0.001
210,0.083,0.,0.083,0.048,0.,0.048,0.034,0.,0.034,0.034,0.,0.034,0.001,0.,0.001
220,0.081,0.,0.081,0.054,0.,0.054,0.026,0.,0.026,0.026,0.,0.026,0.001,0.,0.001
230,0.092,0.,0.092,0.063,0.,0.063,0.028,0.,0.028,0.028,0.,0.028,0.001,0.,0.001
240,0.161,0.,0.161,0.13,0.,0.13,0.03,0.,0.03,0.03,0.,0.03,0.001,0.,0.001
250,0.124,0.,0.124,0.077,0.,0.077,0.046,0.,0.046,0.046,0.,0.046,0.001,0.,0.001
260,0.125,0.,0.125,0.085,0.,0.085,0.038,0.,0.038,0.038,0.,0.038,0.006,0.,0.006
270,0.162,0.,0.162,0.095,0.,0.095,0.066,0.,0.066,0.066,0.,0.066,0.002,0.,0.002
280,0.146,0.,0.146,0.104,0.,0.104,0.041,0.,0.041,0.041,0.,0.041,0.002,0.,0.002
290,0.162,0.,0.161,0.121,0.,0.119,0.041,0.,0.041,0.041,0.,0.041,0.002,0.,0.002
300,0.17,0.,0.17,0.127,0.,0.127,0.042,0.,0.042,0.042,0.,0.042,0.002,0.,0.002
310,0.185,0.,0.185,0.139,0.,0.139,0.045,0.,0.045,0.045,0.,0.045,0.002,0.,0.002
320,0.204,0.,0.204,0.155,0.,0.155,0.048,0.,0.048,0.048,0.,0.048,0.002,0.,0.002
330,0.222,0.,0.222,0.165,0.,0.165,0.056,0.,0.056,0.056,0.,0.056,0.002,0.,0.002
340,0.238,0.,0.238,0.179,0.,0.179,0.057,0.,0.057,0.057,0.,0.057,0.008,0.,0.008
350,0.259,0.,0.259,0.2,0.,0.2,0.059,0.,0.059,0.059,0.,0.059,0.002,0.,0.002
360,0.275,0.,0.275,0.215,0.,0.215,0.059,0.,0.059,0.059,0.,0.059,0.002,0.,0.002
370,0.296,0.,0.296,0.233,0.,0.233,0.062,0.,0.062,0.062,0.,0.062,0.002,0.,0.002
380,0.317,0.,0.317,0.251,0.,0.251,0.065,0.,0.065,0.065,0.,0.065,0.002,0.,0.002
390,0.341,0.003,0.337,0.265,0.,0.265,0.074,0.003,0.07,0.074,0.003,0.07,0.003,0.,0.003
400,0.372,0.,0.372,0.297,0.,0.297,0.074,0.,0.074,0.074,0.,0.074,0.002,0.,0.002
500,0.669,0.,0.669,0.547,0.,0.547,0.121,0.,0.121,0.121,0.,0.121,0.003,0.,0.003
600,1.118,0.,1.118,0.939,0.,0.939,0.178,0.,0.178,0.178,0.,0.178,0.004,0.,0.004
700,1.676,0.007,1.668,1.428,0.003,1.424,0.246,0.004,0.242,0.246,0.004,0.242,0.005,0.,0.005
800,2.388,0.008,2.38,2.131,0.004,2.127,0.255,0.004,0.251,0.255,0.004,0.251,0.006,0.,0.006
900,3.383,0.,3.383,3.045,0.,3.045,0.337,0.,0.337,0.337,0.,0.337,0.006,0.,0.006
1000,4.486,0.008,4.477,4.097,0.008,4.089,0.387,0.,0.387,0.387,0.,0.387,0.007,0.,0.007