param-n,abstract-regression-linear-real,abstract-regression-linear-sys,abstract-regression-linear-user,reify-regression-cubic-real,reify-regression-cubic-sys,reify-regression-cubic-user
1,0.,0.,0.,0.001,0.,0.
2,0.,0.,0.,0.002,0.,0.002
3,0.,0.,0.,0.002,0.,0.002
4,0.,0.,0.,0.003,0.,0.003
5,0.,0.,0.,0.004,0.,0.004
6,0.,0.,0.,0.005,0.,0.005
7,0.,0.,0.,0.006,0.,0.006
8,0.,0.,0.,0.007,0.,0.007
9,0.,0.,0.,0.008,0.008,0.
10,0.,0.,0.,0.009,0.009,0.
11,0.,0.,0.,0.042,0.014,0.027
12,0.,0.,0.,0.01,0.,0.01
13,0.,0.,0.,0.011,0.,0.011
14,0.,0.,0.,0.012,0.,0.012
15,0.,0.,0.,0.027,0.,0.027
16,0.001,0.,0.001,0.014,0.,0.014
17,0.001,0.,0.001,0.016,0.,0.016
18,0.001,0.,0.001,0.02,0.,0.02
19,0.001,0.,0.001,0.019,0.,0.019
20,0.001,0.,0.001,0.021,0.,0.021
21,0.001,0.,0.001,0.022,0.,0.022
22,0.001,0.,0.001,0.024,0.,0.024
23,0.001,0.,0.001,0.028,0.,0.028
24,0.001,0.,0.001,0.027,0.,0.027
25,0.001,0.,0.001,0.033,0.,0.033
26,0.001,0.,0.001,0.032,0.,0.032
27,0.001,0.,0.001,0.034,0.,0.034
28,0.001,0.,0.001,0.043,0.,0.043
29,0.001,0.,0.001,0.038,0.,0.038
30,0.001,0.,0.001,0.04,0.,0.04
31,0.001,0.,0.001,0.043,0.,0.043
32,0.001,0.,0.001,0.099,0.,0.099
33,0.001,0.,0.001,0.051,0.,0.051
34,0.001,0.,0.001,0.079,0.,0.079
35,0.001,0.,0.001,0.057,0.,0.057
36,0.001,0.,0.001,0.07,0.,0.07
37,0.001,0.,0.001,0.063,0.003,0.059
38,0.001,0.,0.001,0.062,0.,0.062
39,0.001,0.,0.001,0.067,0.,0.067
40,0.004,0.,0.004,0.073,0.,0.073
41,0.001,0.,0.001,0.082,0.,0.082
42,0.001,0.,0.001,0.076,0.,0.076
43,0.001,0.,0.001,0.142,0.,0.142
44,0.001,0.,0.001,0.087,0.,0.087
45,0.001,0.,0.001,0.123,0.,0.123
46,0.002,0.,0.002,0.096,0.,0.096
47,0.002,0.,0.002,0.096,0.,0.096
48,0.002,0.,0.002,0.104,0.,0.104
49,0.002,0.,0.002,0.105,0.,0.105
50,0.002,0.,0.002,0.111,0.003,0.107
51,0.002,0.,0.002,0.117,0.,0.117
52,0.002,0.,0.002,0.122,0.,0.122
53,0.003,0.,0.003,0.126,0.003,0.122
54,0.002,0.,0.002,0.131,0.,0.131
55,0.002,0.,0.002,0.138,0.,0.137
56,0.002,0.,0.002,0.144,0.,0.144
57,0.002,0.,0.002,0.167,0.004,0.163
58,0.002,0.,0.002,0.154,0.,0.154
59,0.002,0.,0.002,0.162,0.003,0.158
60,0.011,0.,0.011,0.175,0.003,0.171
61,0.002,0.,0.002,0.175,0.,0.175
62,0.002,0.,0.002,0.181,0.,0.181
63,0.002,0.,0.002,0.201,0.,0.201
64,0.002,0.,0.002,0.193,0.,0.193
65,0.002,0.,0.002,0.221,0.,0.221
66,0.01,0.,0.01,0.206,0.,0.206
67,0.002,0.,0.002,0.216,0.,0.216
68,0.002,0.,0.002,0.218,0.,0.218
69,0.002,0.,0.002,0.227,0.,0.227
70,0.004,0.,0.004,0.234,0.,0.234
71,0.002,0.,0.002,0.242,0.003,0.238
72,0.003,0.,0.003,0.262,0.,0.262
73,0.002,0.,0.002,0.261,0.,0.261
74,0.002,0.,0.002,0.272,0.,0.272
75,0.003,0.,0.003,0.279,0.,0.279
76,0.003,0.,0.003,0.293,0.003,0.289
77,0.003,0.,0.003,0.305,0.,0.305
78,0.003,0.,0.003,0.319,0.,0.319
79,0.003,0.,0.003,0.318,0.003,0.314
80,0.003,0.,0.003,0.325,0.,0.325
81,0.003,0.,0.003,0.332,0.,0.332
82,0.003,0.,0.003,0.331,0.,0.331
83,0.003,0.,0.003,0.34,0.,0.34
84,0.003,0.,0.003,0.366,0.,0.366
85,0.003,0.,0.003,0.364,0.,0.364
86,0.003,0.,0.003,0.376,0.,0.376
87,0.003,0.,0.003,0.414,0.,0.414
88,0.003,0.,0.003,0.415,0.,0.415
89,0.003,0.,0.003,0.433,0.,0.433
90,0.003,0.,0.003,0.435,0.,0.435
91,0.003,0.,0.003,0.439,0.,0.438
92,0.003,0.,0.003,0.437,0.003,0.433
93,0.003,0.,0.003,0.453,0.,0.453
94,0.003,0.,0.003,0.462,0.,0.462
95,0.003,0.,0.003,0.485,0.,0.485
96,0.003,0.,0.003,0.511,0.,0.511
97,0.003,0.,0.003,0.522,0.,0.522
98,0.003,0.,0.003,0.526,0.004,0.522
99,0.003,0.,0.003,0.524,0.004,0.52
100,0.003,0.,0.003,0.549,0.,0.549
110,0.004,0.,0.004,0.95,0.004,0.946
120,0.004,0.,0.004,0.822,0.,0.822
130,0.005,0.,0.005,1.04,0.008,1.032
140,0.005,0.,0.005,1.253,0.003,1.249
150,0.005,0.,0.005,1.437,0.003,1.431
160,0.006,0.,0.006,1.721,0.,1.72
170,0.006,0.,0.006,2.02,0.,2.02
180,0.006,0.,0.006,2.296,0.,2.296
190,0.007,0.,0.007,2.685,0.,2.685
200,0.007,0.,0.007,3.004,0.,3.003
210,0.008,0.,0.008,3.447,0.003,3.443
220,0.008,0.,0.008,3.949,0.008,3.941
230,0.008,0.,0.008,4.425,0.,4.425
240,0.009,0.,0.009,4.956,0.,4.956
250,0.009,0.,0.009,5.519,0.,5.519
260,0.009,0.,0.009,6.146,0.,6.145
270,0.009,0.,0.009,6.755,0.,6.755
280,0.01,0.,0.01,7.409,0.003,7.405
290,0.01,0.,0.01,8.251,0.003,8.246
300,0.013,0.,0.013,8.99,0.,8.989
350,0.013,0.,0.013,13.624,0.,13.623
400,0.014,0.,0.014,19.905,0.035,19.867
450,0.017,0.,0.017,27.809,0.031,27.774
500,0.018,0.,0.018,37.124,0.011,37.106