param-n,autorewrite-noop-regression-quadratic-real,autorewrite-noop-regression-quadratic-sys,autorewrite-noop-regression-quadratic-user,try-rewrite!-evar-noop-regression-quadratic-real,try-rewrite!-evar-noop-regression-quadratic-sys,try-rewrite!-evar-noop-regression-quadratic-user,try-rewrite!-noop-regression-quadratic-real,try-rewrite!-noop-regression-quadratic-sys,try-rewrite!-noop-regression-quadratic-user,try-rewrite-evar-noop-regression-quadratic-real,try-rewrite-evar-noop-regression-quadratic-sys,try-rewrite-evar-noop-regression-quadratic-user,try-rewrite-noop-regression-quadratic-real,try-rewrite-noop-regression-quadratic-sys,try-rewrite-noop-regression-quadratic-user,try-rewrite?-evar-noop-regression-quadratic-real,try-rewrite?-evar-noop-regression-quadratic-sys,try-rewrite?-evar-noop-regression-quadratic-user,try-rewrite?-noop-regression-quadratic-real,try-rewrite?-noop-regression-quadratic-sys,try-rewrite?-noop-regression-quadratic-user,try-ssr-rewrite!-evar-noop-regression-linear-real,try-ssr-rewrite!-evar-noop-regression-linear-sys,try-ssr-rewrite!-evar-noop-regression-linear-user,try-ssr-rewrite!-noop-regression-linear-real,try-ssr-rewrite!-noop-regression-linear-sys,try-ssr-rewrite!-noop-regression-linear-user,try-ssr-rewrite-evar-noop-regression-linear-real,try-ssr-rewrite-evar-noop-regression-linear-sys,try-ssr-rewrite-evar-noop-regression-linear-user,try-ssr-rewrite-noop-regression-linear-real,try-ssr-rewrite-noop-regression-linear-sys,try-ssr-rewrite-noop-regression-linear-user,try-ssr-rewrite?-evar-noop-regression-linear-real,try-ssr-rewrite?-evar-noop-regression-linear-sys,try-ssr-rewrite?-evar-noop-regression-linear-user,try-ssr-rewrite?-noop-regression-linear-real,try-ssr-rewrite?-noop-regression-linear-sys,try-ssr-rewrite?-noop-regression-linear-user
1,0.,0.,0.,0.,0.,0.,0.,0.,0.,0.,0.,0.,0.,0.,0.,0.,0.,0.,0.,0.,0.,0.,0.,0.,0.,0.,0.,0.,0.,0.,0.,0.,0.,0.,0.,0.,0.,0.,0.
2,0.,0.,0.,0.,0.,0.,0.,0.,0.,0.,0.,0.,0.,0.,0.,0.,0.,0.,0.,0.,0.,0.,0.,0.,0.,0.,0.,0.,0.,0.,0.,0.,0.,0.,0.,0.,0.,0.,0.
3,0.,0.,0.,0.,0.,0.,0.,0.,0.,0.,0.,0.,0.,0.,0.,0.,0.,0.,0.,0.,0.,0.,0.,0.,0.,0.,0.,0.,0.,0.,0.,0.,0.,0.,0.,0.,0.,0.,0.
4,0.,0.,0.,0.,0.,0.,0.,0.,0.,0.,0.,0.,0.,0.,0.,0.,0.,0.,0.,0.,0.,0.,0.,0.,0.,0.,0.,0.,0.,0.,0.,0.,0.,0.,0.,0.,0.,0.,0.
8,0.,0.,0.,0.,0.,0.,0.,0.,0.,0.,0.,0.,0.,0.,0.,0.,0.,0.,0.,0.,0.,0.,0.,0.,0.,0.,0.,0.,0.,0.,0.,0.,0.,0.,0.,0.,0.,0.,0.
12,0.,0.,0.,0.,0.,0.,0.,0.,0.,0.,0.,0.,0.,0.,0.,0.,0.,0.,0.,0.,0.,0.,0.,0.,0.,0.,0.,0.,0.,0.,0.,0.,0.,0.,0.,0.,0.,0.,0.
16,0.,0.,0.,0.043,0.,0.043,0.,0.,0.,0.,0.,0.,0.,0.,0.,0.,0.,0.,0.,0.,0.,0.,0.,0.,0.,0.,0.,0.,0.,0.,0.,0.,0.,0.,0.,0.,0.,0.,0.
20,0.,0.,0.,0.,0.,0.,0.,0.,0.,0.,0.,0.,0.,0.,0.,0.,0.,0.,0.,0.,0.,0.,0.,0.,0.,0.,0.,0.,0.,0.,0.,0.,0.,0.,0.,0.,0.,0.,0.
24,0.,0.,0.,0.,0.,0.,0.,0.,0.,0.,0.,0.,0.,0.,0.,0.,0.,0.,0.,0.,0.,0.,0.,0.,0.,0.,0.,0.,0.,0.,0.,0.,0.,0.,0.,0.,0.,0.,0.
28,0.,0.,0.,0.,0.,0.,0.,0.,0.,0.,0.,0.,0.,0.,0.,0.,0.,0.,0.,0.,0.,0.,0.,0.,0.,0.,0.,0.,0.,0.,0.,0.,0.,0.,0.,0.,0.,0.,0.
32,0.,0.,0.,0.,0.,0.,0.,0.,0.,0.,0.,0.,0.,0.,0.,0.,0.,0.,0.,0.,0.,0.,0.,0.,0.,0.,0.,0.,0.,0.,0.,0.,0.,0.,0.,0.,0.,0.,0.
36,0.,0.,0.,0.,0.,0.,0.,0.,0.,0.,0.,0.,0.,0.,0.,0.,0.,0.,0.,0.,0.,0.,0.,0.,0.,0.,0.,0.,0.,0.,0.,0.,0.,0.,0.,0.,0.,0.,0.
40,0.,0.,0.,0.,0.,0.,0.,0.,0.,0.,0.,0.,0.,0.,0.,0.,0.,0.,0.,0.,0.,0.,0.,0.,0.,0.,0.,0.,0.,0.,0.,0.,0.,0.,0.,0.,0.,0.,0.
44,0.,0.,0.,0.,0.,0.,0.,0.,0.,0.,0.,0.,0.,0.,0.,0.,0.,0.,0.,0.,0.,0.,0.,0.,0.,0.,0.,0.,0.,0.,0.,0.,0.,0.,0.,0.,0.,0.,0.
48,0.,0.,0.,0.,0.,0.,0.,0.,0.,0.,0.,0.,0.,0.,0.,0.,0.,0.,0.,0.,0.,0.,0.,0.,0.,0.,0.,0.,0.,0.,0.,0.,0.,0.,0.,0.,0.,0.,0.
50,0.,0.,0.,0.,0.,0.,0.,0.,0.,0.,0.,0.,0.,0.,0.,0.,0.,0.,0.,0.,0.,0.,0.,0.,0.,0.,0.,0.,0.,0.,0.,0.,0.,0.,0.,0.,0.,0.,0.
52,0.,0.,0.,0.,0.,0.,0.,0.,0.,0.,0.,0.,0.,0.,0.,0.,0.,0.,0.,0.,0.,0.,0.,0.,0.,0.,0.,0.,0.,0.,0.,0.,0.,0.,0.,0.,0.,0.,0.
56,0.,0.,0.,0.,0.,0.,0.,0.,0.,0.,0.,0.,0.,0.,0.,0.,0.,0.,0.,0.,0.,0.,0.,0.,0.,0.,0.,0.,0.,0.,0.,0.,0.,0.,0.,0.,0.,0.,0.
60,0.,0.,0.,0.,0.,0.,0.,0.,0.,0.,0.,0.,0.,0.,0.,0.,0.,0.,0.,0.,0.,0.,0.,0.,0.,0.,0.,0.,0.,0.,0.,0.,0.,0.,0.,0.,0.,0.,0.
64,0.,0.,0.,0.,0.,0.,0.,0.,0.,0.,0.,0.,0.,0.,0.,0.,0.,0.,0.,0.,0.,0.,0.,0.,0.,0.,0.,0.,0.,0.,0.,0.,0.,0.,0.,0.,0.,0.,0.
68,0.,0.,0.,0.034,0.,0.034,0.,0.,0.,0.,0.,0.,0.,0.,0.,0.,0.,0.,0.,0.,0.,0.,0.,0.,0.,0.,0.,0.,0.,0.,0.,0.,0.,0.,0.,0.,0.,0.,0.
72,0.,0.,0.,0.,0.,0.,0.,0.,0.,0.,0.,0.,0.,0.,0.,0.,0.,0.,0.,0.,0.,0.,0.,0.,0.,0.,0.,0.,0.,0.,0.,0.,0.,0.,0.,0.,0.,0.,0.
76,0.,0.,0.,0.,0.,0.,0.,0.,0.,0.,0.,0.,0.,0.,0.,0.,0.,0.,0.,0.,0.,0.,0.,0.,0.,0.,0.,0.,0.,0.,0.,0.,0.,0.,0.,0.,0.,0.,0.
80,0.,0.,0.,0.001,0.,0.001,0.,0.,0.,0.001,0.,0.001,0.,0.,0.,0.001,0.,0.001,0.,0.,0.,0.,0.,0.,0.,0.,0.,0.,0.,0.,0.,0.,0.,0.,0.,0.,0.,0.,0.
84,0.,0.,0.,0.001,0.,0.001,0.,0.,0.,0.001,0.,0.001,0.,0.,0.,0.001,0.,0.001,0.,0.,0.,0.,0.,0.,0.,0.,0.,0.,0.,0.,0.,0.,0.,0.,0.,0.,0.,0.,0.
88,0.,0.,0.,0.001,0.,0.001,0.,0.,0.,0.001,0.,0.001,0.,0.,0.,0.001,0.,0.001,0.,0.,0.,0.,0.,0.,0.,0.,0.,0.,0.,0.,0.,0.,0.,0.,0.,0.,0.,0.,0.
92,0.,0.,0.,0.001,0.,0.001,0.,0.,0.,0.001,0.,0.001,0.,0.,0.,0.001,0.,0.001,0.,0.,0.,0.,0.,0.,0.,0.,0.,0.,0.,0.,0.,0.,0.,0.,0.,0.,0.,0.,0.
96,0.,0.,0.,0.001,0.,0.001,0.,0.,0.,0.001,0.,0.001,0.,0.,0.,0.002,0.,0.002,0.,0.,0.,0.,0.,0.,0.,0.,0.,0.,0.,0.,0.,0.,0.,0.,0.,0.,0.,0.,0.
100,0.,0.,0.,0.001,0.,0.001,0.,0.,0.,0.001,0.001,0.,0.,0.,0.,0.001,0.001,0.,0.,0.,0.,0.,0.,0.,0.,0.,0.,0.,0.,0.,0.,0.,0.,0.,0.,0.,0.,0.,0.
104,0.,0.,0.,0.001,0.,0.001,0.,0.,0.,0.001,0.,0.001,0.,0.,0.,0.001,0.,0.001,0.,0.,0.,0.,0.,0.,0.,0.,0.,0.,0.,0.,0.,0.,0.,0.,0.,0.,0.,0.,0.
108,0.,0.,0.,0.001,0.,0.001,0.001,0.,0.001,0.001,0.,0.001,0.,0.,0.,0.001,0.,0.001,0.,0.,0.,0.,0.,0.,0.,0.,0.,0.,0.,0.,0.,0.,0.,0.,0.,0.,0.,0.,0.
112,0.,0.,0.,0.001,0.,0.001,0.,0.,0.,0.001,0.,0.001,0.,0.,0.,0.001,0.,0.001,0.,0.,0.,0.,0.,0.,0.,0.,0.,0.,0.,0.,0.,0.,0.,0.,0.,0.,0.,0.,0.
116,0.,0.,0.,0.001,0.,0.001,0.,0.,0.,0.001,0.,0.001,0.001,0.,0.001,0.001,0.,0.001,0.001,0.,0.001,0.,0.,0.,0.,0.,0.,0.,0.,0.,0.,0.,0.,0.,0.,0.,0.,0.,0.
120,0.001,0.,0.001,0.001,0.,0.001,0.001,0.,0.001,0.001,0.,0.001,0.001,0.,0.001,0.001,0.,0.001,0.001,0.,0.001,0.,0.,0.,0.,0.,0.,0.,0.,0.,0.,0.,0.,0.,0.,0.,0.,0.,0.
124,0.001,0.,0.001,0.001,0.,0.001,0.001,0.,0.001,0.001,0.,0.001,0.001,0.,0.001,0.001,0.,0.001,0.001,0.,0.001,0.,0.,0.,0.,0.,0.,0.,0.,0.,0.,0.,0.,0.,0.,0.,0.001,0.,0.001
128,0.001,0.,0.001,0.001,0.,0.001,0.001,0.,0.001,0.001,0.,0.001,0.001,0.,0.001,0.001,0.,0.001,0.001,0.,0.001,0.,0.,0.,0.,0.,0.,0.,0.,0.,0.,0.,0.,0.,0.,0.,0.,0.,0.
132,0.001,0.,0.001,0.001,0.,0.001,0.001,0.,0.001,0.001,0.,0.001,0.001,0.,0.001,0.001,0.,0.001,0.001,0.,0.001,0.,0.,0.,0.,0.,0.,0.,0.,0.,0.,0.,0.,0.,0.,0.,0.,0.,0.
136,0.001,0.,0.001,0.001,0.,0.001,0.001,0.,0.001,0.001,0.001,0.,0.001,0.,0.001,0.001,0.001,0.,0.001,0.,0.001,0.,0.,0.,0.,0.,0.,0.,0.,0.,0.,0.,0.,0.,0.,0.,0.,0.,0.
140,0.001,0.,0.001,0.002,0.,0.002,0.001,0.,0.001,0.002,0.,0.002,0.001,0.,0.001,0.002,0.,0.002,0.001,0.,0.001,0.,0.,0.,0.,0.,0.,0.,0.,0.,0.,0.,0.,0.,0.,0.,0.,0.,0.
144,0.001,0.,0.001,0.002,0.,0.002,0.001,0.,0.001,0.002,0.,0.002,0.001,0.,0.001,0.002,0.,0.002,0.001,0.,0.001,0.,0.,0.,0.,0.,0.,0.,0.,0.,0.,0.,0.,0.,0.,0.,0.,0.,0.
148,0.001,0.,0.001,0.002,0.,0.002,0.001,0.,0.001,0.002,0.,0.002,0.001,0.,0.001,0.002,0.,0.002,0.001,0.,0.001,0.,0.,0.,0.,0.,0.,0.,0.,0.,0.,0.,0.,0.,0.,0.,0.,0.,0.
150,0.001,0.,0.001,0.002,0.,0.002,0.001,0.,0.001,0.002,0.002,0.,0.001,0.001,0.,0.002,0.001,0.001,0.001,0.001,0.,0.,0.,0.,0.,0.,0.,0.,0.,0.,0.,0.,0.,0.,0.,0.,0.,0.,0.
152,0.001,0.,0.001,0.002,0.,0.002,0.001,0.,0.001,0.002,0.,0.002,0.001,0.,0.001,0.002,0.,0.002,0.001,0.,0.001,0.,0.,0.,0.,0.,0.,0.,0.,0.,0.,0.,0.,0.,0.,0.,0.,0.,0.
156,0.001,0.,0.001,0.002,0.,0.002,0.001,0.,0.001,0.002,0.,0.002,0.001,0.,0.001,0.002,0.,0.002,0.001,0.,0.001,0.,0.,0.,0.,0.,0.,0.,0.,0.,0.,0.,0.,0.,0.,0.,0.,0.,0.
160,0.001,0.,0.001,0.003,0.,0.003,0.001,0.,0.001,0.002,0.,0.002,0.001,0.,0.001,0.002,0.,0.002,0.001,0.,0.001,0.,0.,0.,0.,0.,0.,0.,0.,0.,0.,0.,0.,0.,0.,0.,0.,0.,0.
164,0.001,0.,0.001,0.002,0.,0.002,0.001,0.,0.001,0.002,0.,0.002,0.001,0.,0.001,0.002,0.,0.002,0.001,0.,0.001,0.,0.,0.,0.,0.,0.,0.,0.,0.,0.,0.,0.,0.,0.,0.,0.,0.,0.
168,0.001,0.,0.001,0.002,0.002,0.,0.001,0.,0.001,0.002,0.,0.001,0.001,0.,0.001,0.002,0.,0.002,0.001,0.,0.001,0.,0.,0.,0.,0.,0.,0.,0.,0.,0.,0.,0.,0.,0.,0.,0.,0.,0.
172,0.001,0.,0.001,0.002,0.,0.002,0.001,0.,0.001,0.002,0.,0.002,0.001,0.,0.001,0.002,0.,0.002,0.001,0.,0.001,0.,0.,0.,0.,0.,0.,0.,0.,0.,0.,0.,0.,0.,0.,0.,0.,0.,0.
176,0.001,0.,0.001,0.002,0.,0.002,0.001,0.,0.001,0.002,0.,0.002,0.001,0.,0.001,0.002,0.,0.002,0.002,0.,0.002,0.,0.,0.,0.,0.,0.,0.,0.,0.,0.,0.,0.,0.,0.,0.,0.,0.,0.
180,0.001,0.,0.001,0.002,0.,0.002,0.001,0.,0.001,0.002,0.,0.002,0.001,0.,0.001,0.002,0.,0.002,0.001,0.,0.001,0.,0.,0.,0.,0.,0.,0.,0.,0.,0.,0.,0.,0.,0.,0.,0.,0.,0.
184,0.001,0.,0.001,0.002,0.,0.002,0.001,0.,0.001,0.002,0.,0.002,0.001,0.,0.001,0.002,0.,0.002,0.001,0.,0.001,0.,0.,0.,0.,0.,0.,0.,0.,0.,0.,0.,0.,0.,0.,0.,0.,0.,0.
188,0.001,0.,0.001,0.003,0.,0.003,0.001,0.,0.001,0.003,0.,0.003,0.001,0.,0.001,0.003,0.,0.003,0.001,0.,0.001,0.,0.,0.,0.,0.,0.,0.,0.,0.,0.,0.,0.,0.,0.,0.,0.,0.,0.
192,0.001,0.,0.001,0.003,0.,0.003,0.001,0.,0.001,0.003,0.,0.003,0.001,0.,0.001,0.003,0.,0.003,0.001,0.,0.001,0.,0.,0.,0.,0.,0.,0.,0.,0.,0.,0.,0.,0.,0.,0.,0.,0.,0.
196,0.001,0.,0.001,0.003,0.,0.003,0.001,0.,0.001,0.003,0.,0.003,0.001,0.,0.001,0.003,0.,0.003,0.001,0.,0.001,0.,0.,0.,0.,0.,0.,0.,0.,0.,0.,0.,0.,0.,0.,0.,0.,0.,0.
200,0.002,0.,0.002,0.003,0.,0.003,0.002,0.,0.002,0.004,0.,0.004,0.002,0.,0.002,0.003,0.,0.003,0.002,0.002,0.,0.,0.,0.,0.,0.,0.,0.,0.,0.,0.,0.,0.,0.,0.,0.,0.,0.,0.
204,0.002,0.,0.002,0.003,0.,0.003,0.002,0.,0.002,0.003,0.,0.003,0.002,0.,0.002,0.003,0.,0.003,0.002,0.,0.002,0.,0.,0.,0.,0.,0.,0.,0.,0.,0.,0.,0.,0.,0.,0.,0.,0.,0.
208,0.002,0.,0.002,0.003,0.,0.003,0.002,0.,0.002,0.003,0.,0.003,0.002,0.,0.002,0.003,0.,0.003,0.002,0.,0.002,0.,0.,0.,0.,0.,0.,0.,0.,0.,0.,0.,0.,0.,0.,0.,0.,0.,0.
212,0.002,0.,0.002,0.003,0.,0.003,0.002,0.,0.002,0.003,0.,0.003,0.002,0.,0.002,0.003,0.,0.003,0.002,0.,0.002,0.,0.,0.,0.,0.,0.,0.,0.,0.,0.,0.,0.,0.,0.,0.,0.,0.,0.
216,0.002,0.,0.002,0.003,0.,0.003,0.002,0.,0.002,0.003,0.,0.003,0.002,0.,0.002,0.003,0.,0.003,0.002,0.,0.002,0.,0.,0.,0.,0.,0.,0.,0.,0.,0.,0.,0.,0.,0.,0.,0.,0.,0.
220,0.002,0.,0.002,0.003,0.,0.003,0.002,0.,0.002,0.003,0.,0.003,0.002,0.,0.002,0.003,0.,0.003,0.002,0.,0.002,0.,0.,0.,0.,0.,0.,0.,0.,0.,0.,0.,0.,0.,0.,0.,0.,0.,0.
224,0.002,0.,0.002,0.004,0.,0.004,0.002,0.,0.002,0.004,0.,0.004,0.002,0.,0.002,0.003,0.,0.003,0.002,0.,0.002,0.,0.,0.,0.,0.,0.,0.,0.,0.,0.,0.,0.,0.,0.,0.,0.,0.,0.
228,0.002,0.,0.002,0.004,0.,0.004,0.002,0.,0.002,0.004,0.,0.004,0.002,0.,0.002,0.003,0.,0.003,0.002,0.,0.002,0.,0.,0.,0.,0.,0.,0.,0.,0.,0.,0.,0.,0.,0.,0.,0.,0.,0.
232,0.002,0.,0.002,0.004,0.,0.004,0.002,0.,0.002,0.004,0.,0.004,0.002,0.,0.002,0.004,0.,0.004,0.002,0.,0.002,0.,0.,0.,0.,0.,0.,0.,0.,0.,0.,0.,0.,0.,0.,0.,0.,0.,0.
236,0.002,0.,0.002,0.004,0.,0.004,0.002,0.,0.002,0.004,0.,0.004,0.002,0.,0.002,0.004,0.,0.004,0.002,0.,0.002,0.,0.,0.,0.,0.,0.,0.,0.,0.,0.,0.,0.,0.,0.,0.,0.,0.,0.
240,0.002,0.,0.002,0.004,0.,0.004,0.002,0.,0.002,0.004,0.,0.004,0.002,0.,0.002,0.004,0.,0.004,0.002,0.,0.002,0.,0.,0.,0.,0.,0.,0.,0.,0.,0.,0.,0.,0.,0.,0.,0.,0.,0.
244,0.003,0.,0.003,0.004,0.,0.004,0.002,0.,0.002,0.004,0.,0.004,0.002,0.,0.002,0.004,0.,0.004,0.002,0.,0.002,0.,0.,0.,0.,0.,0.,0.,0.,0.,0.,0.,0.,0.,0.,0.,0.,0.,0.
248,0.002,0.,0.002,0.004,0.,0.004,0.002,0.,0.002,0.004,0.,0.004,0.002,0.,0.002,0.004,0.,0.004,0.002,0.,0.002,0.,0.,0.,0.,0.,0.,0.,0.,0.,0.,0.,0.,0.,0.,0.,0.,0.,0.
250,0.003,0.,0.003,0.004,0.,0.004,0.037,0.,0.037,0.004,0.,0.004,0.002,0.,0.002,0.004,0.,0.004,0.002,0.,0.002,0.,0.,0.,0.,0.,0.,0.,0.,0.,0.,0.,0.,0.,0.,0.,0.,0.,0.
252,0.002,0.,0.002,0.004,0.,0.004,0.002,0.,0.002,0.005,0.,0.005,0.002,0.,0.002,0.004,0.,0.004,0.002,0.,0.002,0.,0.,0.,0.,0.,0.,0.,0.,0.,0.,0.,0.,0.,0.,0.,0.,0.,0.
256,0.002,0.,0.002,0.004,0.,0.004,0.002,0.,0.002,0.004,0.,0.004,0.002,0.,0.002,0.004,0.,0.004,0.002,0.,0.002,0.,0.,0.,0.,0.,0.,0.,0.,0.,0.,0.,0.,0.,0.,0.,0.,0.,0.
260,0.003,0.,0.003,0.005,0.,0.005,0.002,0.,0.002,0.005,0.,0.005,0.002,0.,0.002,0.004,0.,0.004,0.002,0.,0.002,0.,0.,0.,0.,0.,0.,0.,0.,0.,0.,0.,0.,0.,0.,0.,0.,0.,0.
264,0.003,0.,0.003,0.005,0.,0.005,0.003,0.,0.003,0.005,0.,0.005,0.003,0.,0.003,0.005,0.,0.005,0.002,0.,0.002,0.,0.,0.,0.,0.,0.,0.,0.,0.,0.,0.,0.,0.,0.,0.,0.,0.,0.
268,0.002,0.,0.002,0.005,0.,0.005,0.003,0.,0.003,0.005,0.,0.005,0.002,0.,0.002,0.005,0.,0.005,0.002,0.,0.002,0.,0.,0.,0.,0.,0.,0.,0.,0.,0.,0.,0.,0.,0.,0.,0.,0.,0.
272,0.003,0.,0.003,0.005,0.,0.005,0.003,0.,0.003,0.005,0.,0.005,0.003,0.,0.003,0.005,0.,0.005,0.003,0.,0.003,0.,0.,0.,0.,0.,0.,0.,0.,0.,0.,0.,0.,0.,0.,0.,0.,0.,0.
276,0.003,0.,0.003,0.005,0.,0.005,0.003,0.,0.003,0.005,0.,0.005,0.003,0.,0.003,0.005,0.,0.005,0.003,0.,0.003,0.,0.,0.,0.,0.,0.,0.,0.,0.,0.,0.,0.,0.,0.,0.,0.,0.,0.
280,0.003,0.,0.003,0.005,0.,0.005,0.003,0.,0.003,0.005,0.,0.005,0.003,0.,0.003,0.005,0.,0.005,0.003,0.,0.003,0.,0.,0.,0.,0.,0.,0.,0.,0.,0.,0.,0.,0.,0.,0.,0.,0.,0.
284,0.003,0.,0.003,0.005,0.,0.005,0.003,0.,0.003,0.005,0.,0.005,0.003,0.,0.003,0.005,0.,0.005,0.003,0.,0.003,0.,0.,0.,0.,0.,0.,0.,0.,0.,0.,0.,0.,0.,0.,0.,0.,0.,0.
288,0.003,0.002,0.,0.005,0.,0.005,0.003,0.,0.003,0.005,0.,0.005,0.003,0.,0.003,0.005,0.,0.005,0.003,0.,0.003,0.,0.,0.,0.,0.,0.,0.,0.,0.,0.,0.,0.,0.,0.,0.,0.,0.,0.
292,0.003,0.,0.003,0.006,0.,0.006,0.003,0.,0.003,0.005,0.,0.005,0.003,0.,0.003,0.005,0.,0.005,0.003,0.,0.003,0.,0.,0.,0.,0.,0.,0.,0.,0.,0.,0.,0.,0.,0.,0.,0.,0.,0.
296,0.003,0.,0.003,0.005,0.,0.005,0.003,0.,0.003,0.005,0.,0.005,0.003,0.,0.003,0.005,0.,0.005,0.003,0.,0.003,0.,0.,0.,0.,0.,0.,0.,0.,0.,0.,0.,0.,0.,0.,0.,0.,0.,0.
300,0.003,0.,0.003,0.006,0.,0.006,0.003,0.,0.003,0.006,0.,0.006,0.003,0.,0.003,0.006,0.,0.006,0.003,0.,0.003,0.,0.,0.,0.,0.,0.,0.,0.,0.,0.,0.,0.,0.,0.,0.,0.,0.,0.
304,0.003,0.,0.003,0.006,0.,0.006,0.003,0.,0.003,0.006,0.,0.006,0.003,0.,0.003,0.006,0.,0.006,0.003,0.,0.003,0.,0.,0.,0.,0.,0.,0.,0.,0.,0.,0.,0.,0.,0.,0.,0.,0.,0.
308,0.003,0.,0.003,0.006,0.,0.006,0.003,0.,0.003,0.006,0.,0.006,0.003,0.,0.003,0.006,0.,0.006,0.003,0.,0.003,0.,0.,0.,0.,0.,0.,0.,0.,0.,0.,0.,0.,0.,0.,0.,0.,0.,0.
312,0.003,0.,0.003,0.006,0.,0.006,0.003,0.,0.003,0.006,0.,0.006,0.003,0.,0.003,0.006,0.,0.006,0.003,0.,0.003,0.,0.,0.,0.,0.,0.,0.,0.,0.,0.,0.,0.,0.,0.,0.,0.,0.,0.
316,0.003,0.,0.003,0.006,0.,0.006,0.003,0.,0.003,0.006,0.,0.006,0.003,0.,0.003,0.006,0.,0.006,0.003,0.,0.003,0.,0.,0.,0.,0.,0.,0.,0.,0.,0.,0.,0.,0.,0.,0.,0.,0.,0.
320,0.004,0.,0.004,0.006,0.,0.006,0.003,0.,0.003,0.006,0.,0.006,0.003,0.,0.003,0.006,0.,0.006,0.003,0.,0.003,0.,0.,0.,0.,0.,0.,0.,0.,0.,0.,0.,0.,0.,0.,0.,0.,0.,0.
324,0.004,0.,0.004,0.006,0.,0.006,0.004,0.,0.004,0.006,0.,0.006,0.004,0.,0.004,0.006,0.,0.006,0.003,0.,0.003,0.,0.,0.,0.,0.,0.,0.,0.,0.,0.,0.,0.,0.,0.,0.,0.,0.,0.
328,0.004,0.,0.004,0.007,0.,0.007,0.003,0.,0.003,0.007,0.,0.007,0.003,0.,0.003,0.007,0.,0.007,0.004,0.,0.004,0.,0.,0.,0.,0.,0.,0.,0.,0.,0.,0.,0.,0.,0.,0.,0.,0.,0.
332,0.004,0.,0.004,0.007,0.,0.007,0.004,0.,0.004,0.007,0.,0.007,0.004,0.,0.004,0.007,0.,0.007,0.004,0.,0.004,0.,0.,0.,0.,0.,0.,0.,0.,0.,0.,0.,0.,0.,0.,0.,0.,0.,0.
336,0.004,0.,0.004,0.007,0.,0.007,0.004,0.,0.004,0.007,0.,0.007,0.004,0.,0.004,0.007,0.,0.007,0.004,0.,0.004,0.,0.,0.,0.,0.,0.,0.,0.,0.,0.,0.,0.,0.,0.,0.,0.,0.,0.
340,0.004,0.,0.004,0.006,0.,0.006,0.003,0.,0.003,0.007,0.,0.007,0.003,0.,0.003,0.006,0.,0.006,0.003,0.,0.003,0.,0.,0.,0.,0.,0.,0.,0.,0.,0.,0.,0.,0.,0.,0.,0.,0.,0.
344,0.004,0.,0.004,0.007,0.,0.007,0.004,0.,0.004,0.007,0.,0.007,0.004,0.,0.004,0.007,0.,0.007,0.004,0.,0.004,0.,0.,0.,0.,0.,0.,0.,0.,0.,0.,0.,0.,0.,0.,0.,0.,0.,0.
348,0.004,0.,0.004,0.007,0.,0.007,0.004,0.,0.004,0.007,0.,0.007,0.004,0.,0.004,0.007,0.,0.007,0.004,0.,0.004,0.,0.,0.,0.,0.,0.,0.,0.,0.,0.,0.,0.,0.,0.,0.,0.,0.,0.
350,0.004,0.,0.004,0.008,0.003,0.005,0.004,0.,0.004,0.008,0.,0.007,0.004,0.,0.004,0.008,0.,0.008,0.004,0.,0.004,0.,0.,0.,0.,0.,0.,0.,0.,0.,0.,0.,0.,0.,0.,0.,0.,0.,0.
352,0.004,0.,0.004,0.007,0.,0.007,0.004,0.,0.004,0.007,0.,0.007,0.004,0.,0.004,0.007,0.,0.007,0.004,0.,0.004,0.,0.,0.,0.,0.,0.,0.,0.,0.,0.,0.,0.,0.,0.,0.,0.,0.,0.
356,0.004,0.,0.004,0.007,0.,0.007,0.004,0.,0.004,0.007,0.,0.007,0.004,0.,0.004,0.007,0.,0.007,0.004,0.,0.004,0.,0.,0.,0.,0.,0.,0.,0.,0.,0.,0.,0.,0.,0.,0.,0.,0.,0.
360,0.004,0.,0.004,0.007,0.,0.007,0.004,0.,0.004,0.007,0.,0.007,0.004,0.,0.004,0.008,0.,0.008,0.004,0.,0.004,0.,0.,0.,0.,0.,0.,0.,0.,0.,0.,0.,0.,0.,0.,0.,0.,0.,0.
364,0.004,0.,0.004,0.008,0.,0.008,0.004,0.,0.004,0.008,0.,0.008,0.004,0.,0.004,0.008,0.,0.008,0.004,0.,0.004,0.,0.,0.,0.,0.,0.,0.,0.,0.,0.,0.,0.,0.,0.,0.,0.,0.,0.
368,0.004,0.,0.004,0.007,0.,0.007,0.004,0.,0.004,0.008,0.,0.008,0.004,0.,0.004,0.008,0.,0.008,0.004,0.,0.004,0.,0.,0.,0.,0.,0.,0.,0.,0.,0.,0.,0.,0.,0.,0.,0.,0.,0.
372,0.004,0.,0.004,0.008,0.,0.008,0.004,0.,0.004,0.008,0.,0.008,0.004,0.,0.004,0.008,0.,0.008,0.004,0.,0.004,0.,0.,0.,0.,0.,0.,0.,0.,0.,0.,0.,0.,0.,0.,0.,0.,0.,0.
376,0.004,0.,0.004,0.008,0.,0.008,0.004,0.,0.004,0.008,0.,0.008,0.004,0.,0.004,0.008,0.,0.008,0.004,0.,0.004,0.,0.,0.,0.,0.,0.,0.,0.,0.,0.,0.,0.,0.,0.,0.,0.,0.,0.
380,0.004,0.,0.004,0.008,0.,0.008,0.004,0.,0.004,0.008,0.,0.008,0.004,0.,0.004,0.008,0.,0.008,0.004,0.,0.004,0.,0.,0.,0.,0.,0.,0.,0.,0.,0.,0.,0.,0.,0.,0.,0.,0.,0.
384,0.004,0.,0.004,0.008,0.,0.008,0.004,0.,0.004,0.008,0.,0.008,0.005,0.,0.005,0.008,0.,0.008,0.004,0.,0.004,0.,0.,0.,0.,0.,0.,0.,0.,0.,0.,0.,0.,0.,0.,0.,0.,0.,0.
388,0.004,0.,0.004,0.008,0.,0.008,0.004,0.,0.004,0.008,0.,0.008,0.004,0.,0.004,0.008,0.,0.008,0.004,0.,0.004,0.,0.,0.,0.,0.,0.,0.,0.,0.,0.,0.,0.,0.,0.,0.,0.,0.,0.
392,0.004,0.,0.004,0.008,0.,0.008,0.004,0.,0.004,0.008,0.,0.008,0.004,0.,0.004,0.008,0.,0.008,0.004,0.,0.004,0.,0.,0.,0.,0.,0.,0.,0.,0.,0.,0.,0.,0.,0.,0.,0.,0.,0.
396,0.004,0.,0.004,0.008,0.,0.008,0.004,0.,0.004,0.009,0.,0.009,0.004,0.,0.004,0.008,0.,0.008,0.004,0.,0.004,0.,0.,0.,0.,0.,0.,0.,0.,0.,0.,0.,0.,0.,0.,0.,0.,0.,0.
400,0.005,0.,0.004,0.009,0.,0.009,0.005,0.,0.005,0.009,0.,0.009,0.005,0.,0.005,0.01,0.,0.01,0.005,0.,0.005,0.,0.,0.,0.,0.,0.,0.,0.,0.,0.,0.,0.,0.,0.,0.,0.,0.,0.
404,0.005,0.,0.005,0.009,0.,0.009,0.005,0.,0.005,0.009,0.,0.009,0.005,0.,0.005,0.009,0.,0.009,0.005,0.,0.005,0.,0.,0.,0.,0.,0.,0.,0.,0.,0.,0.,0.,0.,0.,0.,0.,0.,0.
408,0.005,0.,0.005,0.01,0.,0.01,0.005,0.,0.005,0.009,0.,0.009,0.005,0.,0.005,0.009,0.,0.009,0.005,0.,0.005,0.,0.,0.,0.,0.,0.,0.,0.,0.,0.,0.,0.,0.,0.,0.,0.,0.,0.
412,0.005,0.,0.005,0.009,0.,0.009,0.005,0.,0.005,0.009,0.,0.009,0.005,0.,0.005,0.009,0.,0.009,0.005,0.,0.005,0.,0.,0.,0.,0.,0.,0.,0.,0.,0.,0.,0.,0.,0.,0.,0.,0.,0.
416,0.006,0.,0.006,0.009,0.,0.009,0.005,0.,0.005,0.009,0.,0.009,0.005,0.,0.005,0.009,0.,0.009,0.005,0.,0.005,0.,0.,0.,0.,0.,0.,0.,0.,0.,0.,0.,0.,0.,0.,0.,0.,0.,0.
420,0.005,0.,0.005,0.009,0.,0.009,0.005,0.,0.005,0.01,0.,0.01,0.005,0.,0.005,0.009,0.,0.009,0.005,0.,0.005,0.,0.,0.,0.,0.,0.,0.,0.,0.,0.,0.,0.,0.,0.,0.,0.,0.,0.
424,0.005,0.,0.005,0.009,0.,0.009,0.005,0.,0.005,0.01,0.,0.01,0.005,0.,0.005,0.009,0.,0.009,0.005,0.,0.005,0.,0.,0.,0.,0.,0.,0.,0.,0.,0.,0.,0.,0.,0.,0.,0.,0.,0.
428,0.005,0.,0.005,0.01,0.,0.01,0.005,0.,0.005,0.01,0.,0.01,0.005,0.,0.005,0.01,0.,0.01,0.005,0.,0.005,0.,0.,0.,0.,0.,0.,0.,0.,0.,0.,0.,0.,0.,0.,0.,0.,0.,0.
432,0.005,0.,0.005,0.01,0.,0.01,0.005,0.,0.005,0.01,0.,0.01,0.005,0.,0.005,0.01,0.,0.01,0.005,0.,0.005,0.,0.,0.,0.,0.,0.,0.,0.,0.,0.,0.,0.,0.,0.,0.,0.,0.,0.
436,0.005,0.,0.005,0.01,0.,0.01,0.005,0.,0.005,0.01,0.,0.01,0.005,0.,0.005,0.01,0.,0.01,0.005,0.,0.005,0.,0.,0.,0.,0.,0.,0.,0.,0.,0.,0.,0.,0.,0.,0.,0.,0.,0.
440,0.005,0.,0.005,0.011,0.,0.011,0.005,0.,0.005,0.011,0.,0.011,0.005,0.,0.005,0.01,0.,0.01,0.006,0.,0.006,0.,0.,0.,0.,0.,0.,0.,0.,0.,0.,0.,0.,0.,0.,0.,0.,0.,0.
444,0.005,0.,0.005,0.011,0.,0.011,0.006,0.,0.006,0.011,0.,0.011,0.006,0.,0.006,0.012,0.,0.012,0.006,0.,0.006,0.,0.,0.,0.,0.,0.,0.,0.,0.,0.,0.,0.,0.,0.,0.,0.,0.,0.
448,0.006,0.,0.006,0.01,0.,0.01,0.006,0.,0.006,0.011,0.,0.011,0.006,0.,0.006,0.011,0.,0.011,0.006,0.,0.006,0.,0.,0.,0.,0.,0.,0.,0.,0.,0.,0.,0.,0.,0.,0.,0.,0.,0.
452,0.006,0.,0.006,0.011,0.,0.011,0.006,0.,0.006,0.01,0.,0.01,0.006,0.,0.006,0.01,0.,0.01,0.006,0.,0.006,0.,0.,0.,0.,0.,0.,0.,0.,0.,0.,0.,0.,0.,0.,0.,0.,0.,0.
456,0.006,0.,0.006,0.011,0.,0.011,0.006,0.,0.006,0.01,0.,0.01,0.006,0.,0.006,0.011,0.,0.011,0.006,0.,0.006,0.,0.,0.,0.,0.,0.,0.,0.,0.,0.,0.,0.,0.,0.,0.,0.,0.,0.
460,0.006,0.,0.006,0.011,0.,0.011,0.006,0.,0.006,0.011,0.,0.011,0.006,0.,0.006,0.011,0.,0.011,0.006,0.,0.006,0.,0.,0.,0.,0.,0.,0.,0.,0.,0.,0.,0.,0.,0.,0.,0.,0.,0.
464,0.006,0.,0.006,0.011,0.,0.011,0.006,0.,0.006,0.011,0.,0.011,0.006,0.,0.006,0.011,0.,0.011,0.007,0.,0.007,0.,0.,0.,0.,0.,0.,0.,0.,0.,0.,0.,0.,0.,0.,0.,0.,0.,0.
468,0.006,0.,0.006,0.012,0.,0.012,0.006,0.,0.006,0.012,0.,0.012,0.006,0.,0.006,0.012,0.,0.012,0.006,0.,0.006,0.,0.,0.,0.,0.,0.,0.,0.,0.,0.,0.,0.,0.,0.,0.,0.,0.,0.
472,0.006,0.,0.006,0.011,0.,0.011,0.006,0.,0.006,0.011,0.,0.011,0.006,0.,0.006,0.011,0.,0.011,0.006,0.,0.006,0.,0.,0.,0.,0.,0.,0.,0.,0.,0.,0.,0.,0.,0.,0.,0.,0.,0.
476,0.006,0.,0.006,0.011,0.,0.011,0.006,0.,0.006,0.011,0.,0.011,0.007,0.,0.007,0.011,0.,0.011,0.006,0.,0.006,0.,0.,0.,0.,0.,0.,0.,0.,0.,0.,0.,0.,0.,0.,0.,0.,0.,0.
480,0.006,0.,0.006,0.012,0.,0.012,0.006,0.,0.006,0.012,0.,0.012,0.006,0.,0.006,0.011,0.,0.011,0.006,0.,0.006,0.,0.,0.,0.,0.,0.,0.,0.,0.,0.,0.,0.,0.,0.,0.,0.,0.,0.
484,0.006,0.,0.006,0.012,0.,0.012,0.006,0.,0.006,0.012,0.,0.012,0.006,0.,0.006,0.012,0.,0.012,0.006,0.,0.006,0.,0.,0.,0.,0.,0.,0.,0.,0.,0.,0.,0.,0.,0.,0.,0.,0.,0.
488,0.007,0.,0.007,0.013,0.,0.013,0.006,0.,0.006,0.013,0.,0.013,0.006,0.,0.006,0.013,0.,0.013,0.006,0.,0.006,0.,0.,0.,0.,0.,0.,0.,0.,0.,0.,0.,0.,0.,0.,0.,0.,0.,0.
492,0.006,0.,0.006,0.013,0.,0.013,0.006,0.,0.006,0.013,0.,0.013,0.006,0.,0.006,0.013,0.,0.013,0.006,0.,0.006,0.,0.,0.,0.,0.,0.,0.,0.,0.,0.,0.,0.,0.,0.,0.,0.,0.,0.
496,0.007,0.,0.007,0.013,0.,0.013,0.007,0.,0.007,0.013,0.,0.013,0.007,0.,0.007,0.014,0.,0.014,0.007,0.,0.007,0.,0.,0.,0.,0.,0.,0.,0.,0.,0.,0.,0.,0.,0.,0.,0.,0.,0.
500,0.007,0.,0.007,0.013,0.,0.013,0.007,0.,0.007,0.014,0.,0.014,0.007,0.,0.007,0.013,0.,0.013,0.007,0.,0.007,0.,0.,0.,0.,0.,0.,0.,0.,0.,0.,0.,0.,0.,0.,0.,0.,0.,0.
504,0.007,0.,0.007,0.014,0.,0.014,0.007,0.,0.007,0.014,0.,0.014,0.007,0.,0.007,0.013,0.,0.013,0.007,0.,0.007,0.,0.,0.,0.,0.,0.,0.,0.,0.,0.,0.,0.,0.,0.,0.,0.,0.,0.
508,0.007,0.,0.007,0.013,0.,0.013,0.007,0.,0.007,0.014,0.,0.014,0.007,0.,0.007,0.012,0.,0.012,0.007,0.,0.007,0.,0.,0.,0.,0.,0.,0.,0.,0.,0.,0.,0.,0.,0.,0.,0.,0.,0.
512,0.007,0.,0.007,0.013,0.,0.013,0.007,0.,0.007,0.013,0.,0.013,0.007,0.,0.007,0.013,0.,0.013,0.007,0.,0.007,0.,0.,0.,0.,0.,0.,0.,0.,0.,0.,0.,0.,0.,0.,0.,0.,0.,0.
516,0.007,0.,0.007,0.013,0.,0.013,0.007,0.,0.007,0.013,0.003,0.009,0.007,0.,0.007,0.013,0.,0.013,0.007,0.,0.007,0.,0.,0.,0.,0.,0.,0.,0.,0.,0.,0.,0.,0.,0.,0.,0.,0.,0.
520,0.007,0.,0.007,0.014,0.,0.014,0.008,0.,0.008,0.013,0.,0.013,0.007,0.,0.007,0.013,0.,0.013,0.007,0.,0.007,0.,0.,0.,0.,0.,0.,0.,0.,0.,0.,0.,0.,0.,0.,0.,0.,0.,0.
524,0.007,0.,0.007,0.014,0.,0.014,0.007,0.,0.007,0.014,0.,0.014,0.007,0.,0.007,0.013,0.,0.013,0.007,0.,0.007,0.,0.,0.,0.,0.,0.,0.,0.,0.,0.,0.,0.,0.,0.,0.,0.,0.,0.
528,0.007,0.,0.007,0.014,0.,0.014,0.007,0.,0.007,0.014,0.,0.014,0.007,0.,0.007,0.014,0.,0.014,0.007,0.,0.007,0.,0.,0.,0.,0.,0.,0.,0.,0.,0.,0.,0.,0.,0.,0.,0.,0.,0.
532,0.007,0.,0.007,0.014,0.,0.014,0.007,0.,0.007,0.014,0.,0.014,0.007,0.,0.007,0.014,0.,0.014,0.007,0.,0.007,0.,0.,0.,0.,0.,0.,0.,0.,0.,0.,0.,0.,0.,0.,0.,0.,0.,0.
536,0.008,0.,0.008,0.015,0.,0.015,0.007,0.,0.007,0.015,0.,0.015,0.007,0.,0.007,0.015,0.,0.015,0.007,0.,0.007,0.,0.,0.,0.,0.,0.,0.,0.,0.,0.,0.,0.,0.,0.,0.,0.,0.,0.
540,0.008,0.,0.008,0.014,0.,0.014,0.008,0.,0.008,0.014,0.,0.014,0.008,0.,0.008,0.014,0.,0.014,0.008,0.,0.008,0.,0.,0.,0.,0.,0.,0.,0.,0.,0.,0.,0.,0.,0.,0.,0.,0.,0.
544,0.008,0.,0.008,0.015,0.,0.015,0.008,0.,0.008,0.015,0.,0.015,0.008,0.,0.008,0.014,0.,0.014,0.008,0.,0.008,0.,0.,0.,0.,0.,0.,0.,0.,0.,0.,0.,0.,0.,0.,0.,0.,0.,0.
548,0.008,0.,0.008,0.015,0.,0.015,0.008,0.,0.008,0.015,0.,0.015,0.008,0.,0.008,0.015,0.,0.015,0.008,0.,0.008,0.,0.,0.,0.,0.,0.,0.,0.,0.,0.,0.,0.,0.,0.,0.,0.,0.,0.
552,0.008,0.,0.008,0.016,0.,0.016,0.008,0.,0.008,0.016,0.,0.016,0.008,0.,0.008,0.015,0.,0.015,0.008,0.,0.008,0.,0.,0.,0.,0.,0.,0.,0.,0.,0.,0.,0.,0.,0.,0.,0.,0.,0.
556,0.008,0.,0.008,0.016,0.,0.016,0.008,0.,0.008,0.015,0.,0.015,0.008,0.,0.008,0.015,0.,0.015,0.008,0.,0.008,0.,0.,0.,0.,0.,0.,0.,0.,0.,0.,0.,0.,0.,0.,0.,0.,0.,0.
560,0.008,0.,0.008,0.015,0.,0.015,0.008,0.,0.008,0.016,0.,0.016,0.008,0.,0.008,0.015,0.,0.015,0.008,0.,0.008,0.,0.,0.,0.,0.,0.,0.,0.,0.,0.,0.,0.,0.,0.,0.,0.,0.,0.
564,0.008,0.,0.008,0.016,0.,0.016,0.008,0.,0.008,0.016,0.,0.016,0.008,0.,0.008,0.015,0.,0.015,0.008,0.,0.008,0.,0.,0.,0.,0.,0.,0.,0.,0.,0.,0.,0.,0.,0.,0.,0.,0.,0.
568,0.008,0.,0.008,0.016,0.,0.016,0.008,0.,0.008,0.016,0.,0.016,0.008,0.,0.008,0.015,0.,0.015,0.008,0.,0.008,0.,0.,0.,0.,0.,0.,0.,0.,0.,0.,0.,0.,0.,0.,0.,0.,0.,0.
572,0.008,0.,0.008,0.015,0.,0.015,0.008,0.,0.008,0.015,0.,0.015,0.008,0.,0.008,0.015,0.,0.015,0.008,0.,0.008,0.,0.,0.,0.,0.,0.,0.,0.,0.,0.,0.,0.,0.,0.,0.,0.,0.,0.
576,0.009,0.,0.009,0.016,0.,0.016,0.009,0.,0.009,0.016,0.,0.016,0.008,0.,0.008,0.016,0.,0.016,0.008,0.,0.008,0.,0.,0.,0.,0.,0.,0.,0.,0.,0.,0.,0.,0.,0.,0.,0.,0.,0.
580,0.009,0.,0.009,0.017,0.,0.017,0.009,0.,0.009,0.017,0.,0.017,0.009,0.,0.009,0.017,0.,0.017,0.009,0.,0.009,0.,0.,0.,0.,0.,0.,0.,0.,0.,0.,0.,0.,0.,0.,0.,0.,0.,0.
584,0.009,0.,0.009,0.016,0.,0.016,0.009,0.,0.009,0.016,0.,0.016,0.009,0.,0.009,0.018,0.,0.018,0.009,0.,0.009,0.,0.,0.,0.,0.,0.,0.,0.,0.,0.,0.,0.,0.,0.,0.,0.,0.,0.
588,0.009,0.,0.009,0.017,0.,0.017,0.009,0.,0.009,0.018,0.,0.018,0.009,0.,0.009,0.017,0.,0.017,0.009,0.,0.009,0.,0.,0.,0.,0.,0.,0.,0.,0.,0.,0.,0.,0.,0.,0.,0.,0.,0.
592,0.009,0.,0.009,0.018,0.,0.018,0.009,0.,0.009,0.018,0.,0.018,0.009,0.,0.009,0.018,0.,0.018,0.009,0.,0.009,0.,0.,0.,0.,0.,0.,0.,0.,0.,0.,0.,0.,0.,0.,0.,0.,0.,0.
596,0.009,0.,0.009,0.017,0.,0.017,0.009,0.,0.009,0.018,0.,0.018,0.009,0.,0.009,0.017,0.,0.017,0.009,0.,0.009,0.,0.,0.,0.,0.,0.,0.,0.,0.,0.,0.,0.,0.,0.,0.,0.,0.,0.
600,0.009,0.,0.009,0.017,0.,0.017,0.009,0.,0.009,0.017,0.,0.017,0.009,0.,0.009,0.017,0.,0.017,0.009,0.,0.009,0.,0.,0.,0.,0.,0.,0.,0.,0.,0.,0.,0.,0.,0.,0.,0.,0.,0.
604,0.009,0.,0.009,0.019,0.,0.019,0.009,0.,0.009,0.017,0.,0.017,0.009,0.,0.009,0.018,0.,0.018,0.01,0.,0.01,0.,0.,0.,0.,0.,0.,0.,0.,0.,0.,0.,0.,0.,0.,0.,0.,0.,0.
608,0.009,0.,0.009,0.017,0.,0.017,0.009,0.,0.009,0.017,0.,0.017,0.009,0.,0.009,0.017,0.,0.017,0.009,0.,0.009,0.,0.,0.,0.,0.,0.,0.,0.,0.,0.,0.,0.,0.,0.,0.,0.,0.,0.
612,0.01,0.,0.01,0.018,0.,0.018,0.009,0.,0.009,0.019,0.,0.019,0.009,0.,0.009,0.018,0.,0.018,0.009,0.,0.009,0.,0.,0.,0.,0.,0.,0.,0.,0.,0.,0.,0.,0.,0.,0.,0.,0.,0.
616,0.009,0.,0.009,0.02,0.,0.02,0.01,0.,0.01,0.017,0.,0.017,0.009,0.,0.009,0.017,0.,0.017,0.009,0.,0.009,0.,0.,0.,0.,0.,0.,0.,0.,0.,0.,0.,0.,0.,0.,0.,0.,0.,0.
620,0.01,0.,0.01,0.018,0.,0.018,0.01,0.,0.01,0.018,0.,0.018,0.01,0.,0.01,0.018,0.,0.018,0.01,0.,0.01,0.,0.,0.,0.,0.,0.,0.,0.,0.,0.,0.,0.,0.,0.,0.,0.,0.,0.
624,0.01,0.,0.01,0.019,0.,0.019,0.01,0.,0.01,0.019,0.,0.019,0.01,0.,0.01,0.018,0.,0.018,0.01,0.,0.01,0.,0.,0.,0.,0.,0.,0.,0.,0.,0.,0.,0.,0.,0.,0.,0.,0.,0.
628,0.01,0.,0.01,0.02,0.,0.02,0.01,0.,0.01,0.021,0.,0.021,0.01,0.,0.01,0.02,0.,0.02,0.01,0.,0.01,0.,0.,0.,0.,0.,0.,0.,0.,0.,0.,0.,0.,0.,0.,0.,0.,0.,0.
632,0.011,0.,0.011,0.022,0.,0.022,0.011,0.,0.011,0.02,0.,0.02,0.012,0.,0.012,0.02,0.,0.02,0.011,0.,0.011,0.,0.,0.,0.,0.,0.,0.,0.,0.,0.,0.,0.,0.,0.,0.,0.,0.,0.
636,0.012,0.,0.012,0.02,0.,0.02,0.012,0.,0.012,0.021,0.,0.021,0.011,0.,0.011,0.021,0.,0.021,0.011,0.,0.011,0.,0.,0.,0.,0.,0.,0.,0.,0.,0.,0.,0.,0.,0.,0.,0.,0.,0.
640,0.011,0.,0.011,0.021,0.,0.021,0.012,0.,0.012,0.021,0.,0.021,0.012,0.,0.012,0.021,0.,0.021,0.012,0.,0.012,0.,0.,0.,0.,0.,0.,0.,0.,0.,0.,0.,0.,0.,0.,0.,0.,0.,0.
644,0.011,0.,0.011,0.02,0.,0.02,0.013,0.,0.013,0.021,0.,0.021,0.011,0.,0.011,0.019,0.,0.019,0.011,0.,0.011,0.,0.,0.,0.,0.,0.,0.,0.,0.,0.,0.,0.,0.,0.,0.,0.,0.,0.
648,0.011,0.,0.011,0.02,0.,0.02,0.011,0.,0.011,0.021,0.,0.021,0.011,0.,0.011,0.021,0.,0.021,0.011,0.,0.011,0.,0.,0.,0.,0.,0.,0.,0.,0.,0.,0.,0.,0.,0.,0.,0.,0.,0.
652,0.011,0.,0.011,0.021,0.,0.021,0.012,0.,0.012,0.021,0.,0.021,0.012,0.,0.012,0.021,0.,0.021,0.013,0.,0.013,0.,0.,0.,0.,0.,0.,0.,0.,0.,0.,0.,0.,0.,0.,0.,0.,0.,0.
656,0.011,0.,0.011,0.022,0.,0.022,0.011,0.,0.011,0.021,0.,0.021,0.011,0.,0.011,0.022,0.,0.022,0.011,0.,0.011,0.,0.,0.,0.,0.,0.,0.,0.,0.,0.,0.,0.,0.,0.,0.,0.,0.,0.
660,0.012,0.,0.012,0.021,0.,0.021,0.012,0.,0.012,0.021,0.,0.021,0.012,0.,0.012,0.021,0.,0.021,0.012,0.,0.012,0.,0.,0.,0.,0.,0.,0.,0.,0.,0.,0.,0.,0.,0.,0.,0.,0.,0.
664,0.012,0.,0.012,0.023,0.,0.023,0.012,0.,0.012,0.022,0.,0.022,0.012,0.,0.012,0.022,0.,0.022,0.012,0.,0.012,0.,0.,0.,0.,0.,0.,0.,0.,0.,0.,0.,0.,0.,0.,0.,0.,0.,0.
668,0.012,0.,0.012,0.021,0.,0.021,0.012,0.,0.012,0.022,0.,0.022,0.012,0.,0.012,0.022,0.,0.022,0.012,0.,0.012,0.,0.,0.,0.,0.,0.,0.,0.,0.,0.,0.,0.,0.,0.,0.,0.,0.,0.
672,0.013,0.,0.013,0.023,0.,0.023,0.012,0.,0.012,0.021,0.,0.021,0.012,0.,0.012,0.021,0.,0.021,0.012,0.,0.012,0.,0.,0.,0.,0.,0.,0.,0.,0.,0.,0.,0.,0.,0.,0.,0.,0.,0.
676,0.012,0.,0.012,0.022,0.,0.022,0.012,0.,0.012,0.022,0.,0.022,0.012,0.,0.012,0.022,0.,0.022,0.012,0.,0.012,0.,0.,0.,0.,0.,0.,0.,0.,0.,0.,0.,0.,0.,0.,0.,0.,0.,0.
680,0.012,0.,0.012,0.024,0.,0.024,0.013,0.,0.013,0.023,0.,0.023,0.013,0.,0.013,0.024,0.,0.024,0.013,0.,0.013,0.,0.,0.,0.,0.,0.,0.,0.,0.,0.,0.,0.,0.,0.,0.,0.,0.,0.
684,0.013,0.,0.013,0.025,0.,0.025,0.013,0.,0.013,0.025,0.,0.025,0.013,0.,0.013,0.022,0.,0.022,0.013,0.,0.013,0.,0.,0.,0.,0.,0.,0.,0.,0.,0.,0.,0.,0.,0.,0.,0.,0.,0.
688,0.013,0.,0.013,0.023,0.,0.023,0.013,0.,0.013,0.023,0.,0.023,0.013,0.,0.013,0.024,0.,0.024,0.013,0.,0.013,0.,0.,0.,0.,0.,0.,0.,0.,0.,0.,0.,0.,0.,0.,0.,0.,0.,0.
692,0.014,0.,0.014,0.024,0.,0.024,0.014,0.,0.014,0.024,0.,0.024,0.013,0.,0.013,0.023,0.,0.023,0.013,0.,0.013,0.,0.,0.,0.,0.,0.,0.,0.,0.,0.,0.,0.,0.,0.,0.,0.,0.,0.
696,0.014,0.,0.014,0.025,0.,0.025,0.013,0.,0.013,0.024,0.,0.024,0.013,0.,0.013,0.024,0.,0.024,0.013,0.,0.013,0.,0.,0.,0.,0.,0.,0.,0.,0.,0.,0.,0.,0.,0.,0.,0.,0.,0.
700,0.014,0.,0.014,0.024,0.,0.024,0.014,0.,0.014,0.024,0.,0.024,0.014,0.,0.014,0.024,0.,0.024,0.014,0.,0.014,0.,0.,0.,0.,0.,0.,0.,0.,0.,0.,0.,0.,0.,0.,0.,0.,0.,0.
704,0.014,0.,0.014,0.024,0.,0.024,0.013,0.,0.013,0.025,0.,0.025,0.013,0.,0.013,0.025,0.,0.025,0.013,0.,0.013,0.,0.,0.,0.,0.,0.,0.,0.,0.,0.,0.,0.,0.,0.,0.,0.,0.,0.
708,0.013,0.,0.013,0.024,0.,0.024,0.014,0.,0.014,0.025,0.,0.025,0.014,0.,0.014,0.025,0.,0.025,0.014,0.,0.014,0.,0.,0.,0.,0.,0.,0.,0.,0.,0.,0.,0.,0.,0.,0.,0.,0.,0.
712,0.014,0.,0.014,0.024,0.,0.024,0.013,0.,0.013,0.024,0.,0.024,0.013,0.,0.013,0.024,0.,0.024,0.013,0.,0.013,0.,0.,0.,0.,0.,0.,0.,0.,0.,0.,0.,0.,0.,0.,0.,0.,0.,0.
716,0.013,0.,0.013,0.025,0.,0.025,0.013,0.,0.013,0.024,0.,0.024,0.014,0.,0.014,0.024,0.,0.024,0.013,0.,0.013,0.,0.,0.,0.,0.,0.,0.,0.,0.,0.,0.,0.,0.,0.,0.,0.,0.,0.
720,0.013,0.,0.013,0.025,0.,0.025,0.013,0.,0.013,0.027,0.,0.027,0.013,0.,0.013,0.026,0.,0.026,0.013,0.,0.013,0.,0.,0.,0.,0.,0.,0.,0.,0.,0.,0.,0.,0.,0.,0.,0.,0.,0.
724,0.014,0.,0.014,0.027,0.,0.027,0.014,0.,0.014,0.026,0.,0.026,0.014,0.,0.014,0.025,0.,0.025,0.014,0.,0.014,0.,0.,0.,0.,0.,0.,0.,0.,0.,0.,0.,0.,0.,0.,0.,0.,0.,0.
728,0.015,0.,0.015,0.027,0.,0.027,0.015,0.,0.015,0.027,0.,0.027,0.014,0.,0.014,0.027,0.,0.027,0.014,0.,0.014,0.,0.,0.,0.,0.,0.,0.,0.,0.,0.,0.,0.,0.,0.,0.,0.,0.,0.
732,0.015,0.,0.015,0.027,0.,0.027,0.015,0.,0.015,0.026,0.,0.026,0.014,0.,0.014,0.025,0.,0.025,0.014,0.,0.014,0.,0.,0.,0.,0.,0.,0.,0.,0.,0.,0.,0.,0.,0.,0.,0.,0.,0.
736,0.014,0.,0.014,0.026,0.,0.026,0.016,0.,0.016,0.024,0.,0.024,0.014,0.,0.014,0.024,0.,0.024,0.014,0.,0.014,0.,0.,0.,0.,0.,0.,0.,0.,0.,0.,0.,0.,0.,0.,0.,0.,0.,0.
740,0.014,0.,0.014,0.025,0.,0.025,0.014,0.,0.014,0.025,0.,0.025,0.014,0.,0.014,0.025,0.,0.025,0.014,0.,0.014,0.,0.,0.,0.,0.,0.,0.,0.,0.,0.,0.,0.,0.,0.,0.,0.,0.,0.
744,0.014,0.,0.014,0.026,0.,0.026,0.014,0.,0.014,0.027,0.,0.027,0.014,0.,0.014,0.026,0.,0.026,0.014,0.,0.014,0.,0.,0.,0.,0.,0.,0.,0.,0.,0.,0.,0.,0.,0.,0.,0.,0.,0.
748,0.014,0.,0.014,0.027,0.,0.027,0.014,0.,0.014,0.027,0.,0.027,0.015,0.,0.015,0.027,0.,0.027,0.016,0.,0.016,0.,0.,0.,0.,0.,0.,0.,0.,0.,0.,0.,0.,0.,0.,0.,0.,0.,0.
752,0.015,0.,0.015,0.026,0.,0.026,0.013,0.,0.013,0.027,0.,0.027,0.013,0.,0.013,0.027,0.,0.027,0.013,0.,0.013,0.,0.,0.,0.,0.,0.,0.,0.,0.,0.,0.,0.,0.,0.,0.,0.,0.,0.
756,0.014,0.,0.014,0.026,0.,0.026,0.014,0.,0.014,0.026,0.,0.026,0.013,0.,0.013,0.026,0.,0.026,0.013,0.,0.013,0.,0.,0.,0.,0.,0.,0.,0.,0.,0.,0.,0.,0.,0.,0.,0.,0.,0.
760,0.014,0.,0.014,0.027,0.,0.027,0.014,0.,0.014,0.027,0.,0.027,0.014,0.,0.014,0.027,0.,0.027,0.014,0.,0.014,0.,0.,0.,0.,0.,0.,0.,0.,0.,0.,0.,0.,0.,0.,0.,0.,0.,0.
764,0.014,0.,0.014,0.028,0.,0.028,0.014,0.,0.014,0.028,0.,0.028,0.014,0.,0.014,0.028,0.,0.028,0.014,0.,0.014,0.,0.,0.,0.,0.,0.,0.,0.,0.,0.,0.,0.,0.,0.,0.,0.,0.,0.
768,0.014,0.,0.014,0.027,0.,0.027,0.014,0.,0.014,0.027,0.,0.027,0.014,0.,0.014,0.028,0.,0.028,0.014,0.,0.014,0.,0.,0.,0.,0.,0.,0.,0.,0.,0.,0.,0.,0.,0.,0.,0.,0.,0.
772,0.014,0.,0.014,0.028,0.,0.028,0.014,0.,0.014,0.026,0.,0.026,0.014,0.,0.014,0.026,0.,0.026,0.014,0.,0.014,0.,0.,0.,0.,0.,0.,0.,0.,0.,0.,0.,0.,0.,0.,0.,0.,0.,0.
776,0.015,0.,0.015,0.027,0.,0.027,0.014,0.,0.014,0.029,0.,0.029,0.014,0.,0.014,0.028,0.,0.028,0.014,0.,0.014,0.,0.,0.,0.,0.,0.,0.,0.,0.,0.,0.,0.,0.,0.,0.,0.,0.,0.
780,0.014,0.,0.014,0.028,0.,0.028,0.014,0.,0.014,0.026,0.,0.026,0.014,0.,0.014,0.026,0.,0.026,0.014,0.,0.014,0.,0.,0.,0.,0.,0.,0.,0.,0.,0.,0.,0.,0.,0.,0.,0.,0.,0.
784,0.014,0.,0.014,0.029,0.,0.029,0.015,0.,0.015,0.026,0.,0.026,0.014,0.,0.014,0.027,0.,0.027,0.014,0.,0.014,0.,0.,0.,0.,0.,0.,0.,0.,0.,0.,0.,0.,0.,0.,0.,0.,0.,0.
788,0.014,0.,0.014,0.028,0.,0.028,0.014,0.,0.014,0.029,0.,0.029,0.014,0.,0.014,0.031,0.,0.031,0.014,0.,0.014,0.,0.,0.,0.,0.,0.,0.,0.,0.,0.,0.,0.,0.,0.,0.,0.,0.,0.
792,0.016,0.,0.016,0.031,0.,0.031,0.016,0.,0.016,0.028,0.,0.028,0.016,0.,0.016,0.029,0.,0.029,0.016,0.,0.016,0.,0.,0.,0.,0.,0.,0.,0.,0.,0.,0.,0.,0.,0.,0.,0.,0.,0.
796,0.016,0.,0.016,0.031,0.,0.031,0.016,0.,0.016,0.032,0.,0.032,0.016,0.,0.016,0.029,0.,0.029,0.016,0.,0.016,0.,0.,0.,0.,0.,0.,0.,0.,0.,0.,0.,0.,0.,0.,0.,0.,0.,0.
800,0.016,0.,0.016,0.03,0.,0.03,0.016,0.,0.016,0.03,0.,0.03,0.016,0.,0.016,0.03,0.,0.03,0.016,0.,0.016,0.,0.,0.,0.,0.,0.,0.,0.,0.,0.,0.,0.,0.,0.,0.,0.,0.,0.
804,0.016,0.,0.016,0.031,0.,0.031,0.016,0.,0.016,0.03,0.,0.03,0.016,0.,0.016,0.029,0.,0.029,0.017,0.,0.017,0.,0.,0.,0.,0.,0.,0.,0.,0.,0.,0.,0.,0.,0.,0.,0.,0.,0.
808,0.016,0.,0.016,0.033,0.,0.033,0.017,0.,0.017,0.032,0.,0.032,0.017,0.,0.017,0.03,0.,0.03,0.017,0.,0.017,0.,0.,0.,0.,0.,0.,0.,0.,0.,0.,0.,0.,0.,0.,0.,0.,0.,0.
812,0.017,0.,0.017,0.035,0.,0.035,0.016,0.,0.016,0.029,0.,0.029,0.016,0.,0.016,0.031,0.,0.031,0.017,0.,0.017,0.,0.,0.,0.,0.,0.,0.,0.,0.,0.,0.,0.,0.,0.,0.,0.,0.,0.
816,0.017,0.,0.017,0.031,0.,0.031,0.017,0.,0.017,0.031,0.,0.031,0.017,0.,0.017,0.032,0.,0.032,0.017,0.,0.017,0.,0.,0.,0.,0.,0.,0.,0.,0.,0.,0.,0.,0.,0.,0.,0.,0.,0.
820,0.017,0.,0.017,0.031,0.,0.031,0.017,0.,0.017,0.031,0.,0.031,0.017,0.,0.017,0.031,0.,0.031,0.017,0.,0.017,0.,0.,0.,0.,0.,0.,0.,0.,0.,0.,0.,0.,0.,0.,0.,0.,0.,0.
824,0.017,0.,0.017,0.032,0.,0.032,0.017,0.,0.017,0.033,0.,0.033,0.017,0.,0.017,0.031,0.,0.031,0.017,0.,0.017,0.,0.,0.,0.,0.,0.,0.,0.,0.,0.,0.,0.,0.,0.,0.,0.,0.,0.
828,0.017,0.,0.017,0.034,0.,0.034,0.017,0.,0.017,0.033,0.,0.033,0.017,0.,0.017,0.034,0.,0.033,0.017,0.,0.017,0.,0.,0.,0.,0.,0.,0.,0.,0.,0.,0.,0.,0.,0.,0.,0.,0.,0.
832,0.018,0.,0.018,0.035,0.,0.035,0.017,0.,0.017,0.035,0.,0.035,0.017,0.,0.017,0.035,0.,0.035,0.017,0.,0.017,0.,0.,0.,0.,0.,0.,0.,0.,0.,0.,0.,0.,0.,0.,0.,0.,0.,0.
836,0.018,0.,0.018,0.033,0.,0.033,0.017,0.,0.017,0.034,0.,0.034,0.018,0.,0.018,0.034,0.,0.034,0.018,0.,0.018,0.,0.,0.,0.,0.,0.,0.,0.,0.,0.,0.,0.,0.,0.,0.,0.,0.,0.
840,0.017,0.,0.017,0.035,0.,0.035,0.017,0.,0.017,0.035,0.,0.035,0.017,0.,0.017,0.034,0.,0.034,0.017,0.,0.017,0.,0.,0.,0.,0.,0.,0.,0.,0.,0.,0.,0.,0.,0.,0.,0.,0.,0.
844,0.017,0.,0.017,0.033,0.,0.033,0.018,0.,0.018,0.034,0.,0.034,0.018,0.,0.018,0.033,0.,0.033,0.018,0.,0.018,0.,0.,0.,0.,0.,0.,0.,0.,0.,0.,0.,0.,0.,0.,0.,0.,0.,0.
848,0.019,0.,0.019,0.033,0.,0.033,0.018,0.,0.018,0.035,0.,0.035,0.018,0.,0.018,0.035,0.,0.035,0.018,0.,0.018,0.,0.,0.,0.,0.,0.,0.,0.,0.,0.,0.,0.,0.,0.,0.,0.,0.,0.
852,0.018,0.,0.018,0.035,0.,0.035,0.018,0.,0.018,0.035,0.,0.035,0.018,0.,0.018,0.035,0.,0.035,0.018,0.,0.018,0.,0.,0.,0.,0.,0.,0.,0.,0.,0.,0.,0.,0.,0.,0.,0.,0.,0.
856,0.018,0.,0.018,0.036,0.,0.036,0.018,0.,0.018,0.035,0.,0.035,0.018,0.,0.018,0.035,0.,0.035,0.018,0.,0.018,0.,0.,0.,0.,0.,0.,0.,0.,0.,0.,0.,0.,0.,0.,0.,0.,0.,0.
860,0.018,0.,0.018,0.035,0.,0.035,0.018,0.,0.018,0.036,0.,0.036,0.018,0.,0.018,0.036,0.,0.036,0.018,0.,0.018,0.,0.,0.,0.,0.,0.,0.,0.,0.,0.,0.,0.,0.,0.,0.,0.,0.,0.
864,0.019,0.,0.019,0.035,0.,0.035,0.019,0.,0.019,0.037,0.,0.037,0.019,0.,0.019,0.036,0.,0.036,0.019,0.,0.019,0.,0.,0.,0.,0.,0.,0.,0.,0.,0.,0.,0.,0.,0.,0.,0.,0.,0.
868,0.019,0.,0.019,0.037,0.,0.037,0.019,0.,0.019,0.037,0.,0.037,0.019,0.,0.019,0.033,0.,0.033,0.019,0.,0.019,0.,0.,0.,0.,0.,0.,0.,0.,0.,0.,0.,0.,0.,0.,0.,0.,0.,0.
872,0.019,0.,0.019,0.036,0.003,0.032,0.019,0.,0.019,0.034,0.,0.034,0.019,0.,0.019,0.034,0.,0.034,0.019,0.,0.019,0.,0.,0.,0.,0.,0.,0.,0.,0.,0.,0.,0.,0.,0.,0.,0.,0.,0.
876,0.019,0.,0.019,0.038,0.,0.038,0.019,0.,0.019,0.035,0.,0.035,0.019,0.,0.019,0.037,0.,0.037,0.019,0.,0.019,0.,0.,0.,0.,0.,0.,0.,0.,0.,0.,0.,0.,0.,0.,0.,0.,0.,0.
880,0.02,0.,0.02,0.039,0.,0.039,0.019,0.,0.019,0.038,0.,0.038,0.019,0.,0.019,0.038,0.,0.038,0.019,0.,0.019,0.,0.,0.,0.,0.,0.,0.,0.,0.,0.,0.,0.,0.,0.,0.,0.,0.,0.
884,0.019,0.,0.019,0.04,0.,0.04,0.019,0.,0.019,0.038,0.,0.038,0.019,0.,0.019,0.039,0.,0.039,0.019,0.,0.019,0.,0.,0.,0.,0.,0.,0.,0.,0.,0.,0.,0.,0.,0.,0.,0.,0.,0.
888,0.019,0.,0.019,0.036,0.,0.036,0.019,0.,0.019,0.036,0.,0.036,0.019,0.,0.019,0.037,0.,0.037,0.02,0.,0.02,0.,0.,0.,0.,0.,0.,0.,0.,0.,0.,0.,0.,0.,0.,0.,0.,0.,0.
892,0.02,0.,0.02,0.038,0.,0.038,0.02,0.,0.02,0.042,0.,0.042,0.02,0.,0.02,0.037,0.,0.037,0.02,0.,0.02,0.,0.,0.,0.,0.,0.,0.,0.,0.,0.,0.,0.,0.,0.,0.,0.,0.,0.
896,0.02,0.,0.02,0.039,0.,0.039,0.02,0.,0.02,0.039,0.,0.039,0.02,0.,0.02,0.037,0.,0.037,0.02,0.,0.02,0.,0.,0.,0.,0.,0.,0.,0.,0.,0.,0.,0.,0.,0.,0.,0.,0.,0.
900,0.02,0.,0.02,0.039,0.,0.039,0.022,0.,0.022,0.039,0.,0.039,0.022,0.,0.022,0.038,0.,0.038,0.02,0.,0.02,0.,0.,0.,0.,0.,0.,0.,0.,0.,0.,0.,0.,0.,0.,0.,0.,0.,0.
904,0.02,0.,0.02,0.039,0.,0.039,0.02,0.,0.02,0.04,0.,0.04,0.024,0.,0.024,0.04,0.,0.04,0.024,0.,0.024,0.,0.,0.,0.,0.,0.,0.,0.,0.,0.,0.,0.,0.,0.,0.,0.,0.,0.
908,0.02,0.,0.02,0.039,0.,0.039,0.021,0.,0.021,0.042,0.,0.042,0.022,0.,0.022,0.037,0.,0.037,0.022,0.,0.022,0.,0.,0.,0.,0.,0.,0.,0.,0.,0.,0.,0.,0.,0.,0.,0.,0.,0.
912,0.02,0.,0.02,0.037,0.,0.037,0.02,0.,0.02,0.038,0.,0.038,0.02,0.,0.02,0.038,0.,0.038,0.023,0.,0.023,0.,0.,0.,0.,0.,0.,0.,0.,0.,0.,0.,0.,0.,0.,0.,0.,0.,0.
916,0.022,0.,0.022,0.041,0.,0.041,0.022,0.,0.022,0.04,0.,0.04,0.021,0.,0.021,0.042,0.,0.042,0.022,0.,0.022,0.,0.,0.,0.,0.,0.,0.,0.,0.,0.,0.,0.,0.,0.,0.,0.,0.,0.
920,0.021,0.,0.021,0.038,0.,0.038,0.022,0.,0.022,0.038,0.,0.038,0.023,0.,0.023,0.038,0.,0.038,0.023,0.,0.023,0.,0.,0.,0.,0.,0.,0.,0.,0.,0.,0.,0.,0.,0.,0.,0.,0.,0.
924,0.021,0.,0.021,0.039,0.,0.039,0.022,0.,0.022,0.04,0.,0.04,0.024,0.,0.024,0.04,0.,0.04,0.022,0.,0.022,0.,0.,0.,0.,0.,0.,0.,0.,0.,0.,0.,0.,0.,0.,0.,0.,0.,0.
928,0.021,0.,0.021,0.041,0.,0.041,0.023,0.,0.023,0.04,0.,0.04,0.023,0.,0.023,0.041,0.,0.041,0.023,0.,0.023,0.,0.,0.,0.,0.,0.,0.,0.,0.,0.,0.,0.,0.,0.,0.,0.,0.,0.
932,0.021,0.,0.021,0.042,0.,0.042,0.021,0.,0.021,0.043,0.,0.043,0.022,0.,0.022,0.043,0.,0.043,0.021,0.,0.021,0.,0.,0.,0.,0.,0.,0.,0.,0.,0.,0.,0.,0.,0.,0.,0.,0.,0.
936,0.021,0.,0.021,0.043,0.,0.043,0.022,0.,0.022,0.04,0.,0.04,0.022,0.,0.022,0.039,0.,0.039,0.023,0.,0.023,0.,0.,0.,0.,0.,0.,0.,0.,0.,0.,0.,0.,0.,0.,0.,0.,0.,0.
940,0.024,0.,0.024,0.043,0.,0.043,0.024,0.,0.024,0.043,0.,0.043,0.024,0.,0.024,0.042,0.,0.042,0.024,0.,0.024,0.,0.,0.,0.,0.,0.,0.,0.,0.,0.,0.,0.,0.,0.,0.,0.,0.,0.
944,0.022,0.,0.022,0.042,0.,0.042,0.022,0.,0.022,0.042,0.,0.042,0.022,0.,0.022,0.042,0.,0.042,0.022,0.,0.022,0.,0.,0.,0.,0.,0.,0.,0.,0.,0.,0.,0.,0.,0.,0.,0.,0.,0.
948,0.022,0.,0.022,0.04,0.,0.04,0.023,0.,0.023,0.042,0.,0.042,0.023,0.,0.023,0.042,0.,0.042,0.023,0.,0.023,0.,0.,0.,0.,0.,0.,0.,0.,0.,0.,0.,0.,0.,0.,0.,0.,0.,0.
952,0.022,0.,0.022,0.044,0.,0.044,0.022,0.,0.022,0.044,0.,0.044,0.022,0.,0.022,0.042,0.,0.042,0.022,0.,0.022,0.,0.,0.,0.,0.,0.,0.,0.,0.,0.,0.,0.,0.,0.,0.,0.,0.,0.
956,0.023,0.,0.023,0.043,0.,0.043,0.022,0.,0.022,0.043,0.,0.043,0.022,0.,0.022,0.043,0.,0.043,0.022,0.,0.022,0.,0.,0.,0.,0.,0.,0.,0.,0.,0.,0.,0.,0.,0.,0.,0.,0.,0.
960,0.022,0.,0.022,0.042,0.,0.042,0.023,0.,0.023,0.042,0.,0.042,0.023,0.,0.023,0.042,0.,0.042,0.023,0.,0.023,0.,0.,0.,0.,0.,0.,0.,0.,0.,0.,0.,0.,0.,0.,0.,0.,0.,0.
964,0.023,0.,0.023,0.043,0.,0.043,0.023,0.,0.023,0.041,0.,0.041,0.023,0.,0.023,0.043,0.,0.043,0.023,0.,0.023,0.,0.,0.,0.,0.,0.,0.,0.,0.,0.,0.,0.,0.,0.,0.,0.,0.,0.
968,0.023,0.,0.023,0.043,0.,0.043,0.023,0.,0.023,0.043,0.,0.043,0.026,0.,0.026,0.046,0.,0.046,0.025,0.,0.025,0.,0.,0.,0.,0.,0.,0.,0.,0.,0.,0.,0.,0.,0.,0.,0.,0.,0.
972,0.023,0.,0.023,0.044,0.,0.044,0.023,0.,0.023,0.045,0.,0.045,0.023,0.,0.023,0.045,0.,0.045,0.023,0.,0.023,0.,0.,0.,0.,0.,0.,0.,0.,0.,0.,0.,0.,0.,0.,0.,0.,0.,0.
976,0.023,0.,0.023,0.047,0.,0.047,0.023,0.,0.023,0.042,0.,0.042,0.023,0.,0.023,0.043,0.,0.043,0.023,0.,0.023,0.,0.,0.,0.,0.,0.,0.,0.,0.,0.,0.,0.,0.,0.,0.,0.,0.,0.
980,0.024,0.,0.024,0.045,0.,0.045,0.025,0.,0.025,0.047,0.,0.047,0.024,0.,0.024,0.047,0.,0.047,0.026,0.,0.026,0.,0.,0.,0.,0.,0.,0.,0.,0.,0.,0.,0.,0.,0.,0.,0.,0.,0.
984,0.023,0.,0.023,0.045,0.,0.044,0.023,0.,0.023,0.046,0.,0.046,0.023,0.,0.023,0.046,0.,0.046,0.023,0.,0.023,0.,0.,0.,0.,0.,0.,0.,0.,0.,0.,0.,0.,0.,0.,0.,0.,0.,0.
988,0.026,0.,0.026,0.045,0.,0.045,0.025,0.,0.025,0.046,0.,0.046,0.025,0.,0.025,0.044,0.,0.044,0.024,0.,0.024,0.,0.,0.,0.,0.,0.,0.,0.,0.,0.,0.,0.,0.,0.,0.,0.,0.,0.
992,0.024,0.,0.024,0.047,0.,0.047,0.024,0.,0.024,0.044,0.,0.044,0.024,0.,0.024,0.046,0.,0.046,0.024,0.,0.024,0.,0.,0.,0.,0.,0.,0.,0.,0.,0.,0.,0.,0.,0.,0.,0.,0.,0.
996,0.024,0.,0.024,0.044,0.,0.044,0.024,0.,0.024,0.046,0.,0.046,0.024,0.,0.024,0.047,0.,0.047,0.024,0.,0.024,0.,0.,0.,0.,0.,0.,0.,0.,0.,0.,0.,0.,0.,0.,0.,0.,0.,0.
1000,0.025,0.,0.025,0.046,0.,0.046,0.024,0.,0.024,0.044,0.,0.044,0.024,0.,0.024,0.042,0.,0.042,0.024,0.,0.024,0.,0.,0.,0.,0.,0.,0.,0.,0.,0.,0.,0.,0.,0.,0.,0.,0.,0.
1100,0.028,0.,0.028,0.052,0.,0.052,0.029,0.,0.029,0.052,0.,0.052,0.029,0.,0.029,0.054,0.,0.054,0.03,0.,0.03,0.,0.,0.,0.,0.,0.,0.,0.,0.,0.,0.,0.,0.,0.,0.,0.,0.,0.
1200,0.033,0.,0.033,0.068,0.,0.068,0.033,0.,0.033,0.063,0.,0.063,0.033,0.,0.033,0.062,0.,0.062,0.038,0.,0.038,0.,0.,0.,0.,0.,0.,0.,0.,0.,0.,0.,0.,0.,0.,0.,0.,0.,0.
1300,0.041,0.,0.041,0.077,0.,0.077,0.039,0.,0.039,0.072,0.,0.072,0.039,0.,0.039,0.069,0.,0.069,0.039,0.,0.039,0.,0.,0.,0.,0.,0.,0.,0.,0.,0.,0.,0.,0.,0.,0.,0.,0.,0.
1400,0.044,0.,0.044,0.084,0.,0.084,0.046,0.,0.046,0.082,0.,0.082,0.046,0.,0.046,0.082,0.,0.082,0.044,0.,0.044,0.,0.,0.,0.,0.,0.,0.,0.,0.,0.,0.,0.,0.,0.,0.,0.,0.,0.
1500,0.05,0.,0.05,0.095,0.,0.095,0.05,0.,0.05,0.093,0.,0.093,0.05,0.,0.05,0.093,0.,0.093,0.05,0.,0.05,0.,0.,0.,0.,0.,0.,0.,0.,0.,0.,0.,0.,0.,0.,0.,0.,0.,0.
1600,0.06,0.,0.06,0.108,0.,0.108,0.057,0.,0.057,0.102,0.,0.102,0.057,0.,0.057,0.11,0.,0.11,0.057,0.,0.057,0.,0.,0.,0.,0.,0.,0.,0.,0.,0.,0.,0.,0.,0.,0.,0.,0.,0.
1700,0.063,0.,0.063,0.122,0.,0.122,0.064,0.,0.064,0.124,0.,0.124,0.064,0.,0.064,0.126,0.,0.126,0.063,0.,0.063,0.,0.,0.,0.,0.,0.,0.,0.,0.,0.,0.,0.,0.,0.,0.,0.,0.,0.
1800,0.074,0.,0.074,0.145,0.,0.145,0.072,0.,0.072,0.145,0.,0.145,0.079,0.003,0.076,0.142,0.,0.142,0.076,0.003,0.072,0.,0.,0.,0.,0.,0.,0.,0.,0.,0.,0.,0.,0.,0.,0.,0.,0.,0.
1900,0.078,0.,0.078,0.154,0.,0.154,0.078,0.,0.078,0.16,0.,0.16,0.078,0.,0.078,0.166,0.,0.166,0.079,0.,0.079,0.,0.,0.,0.001,0.,0.001,0.,0.,0.,0.,0.,0.,0.,0.,0.,0.,0.,0.
2000,0.085,0.,0.085,0.169,0.,0.169,0.085,0.,0.085,0.172,0.,0.172,0.086,0.,0.086,0.161,0.,0.161,0.085,0.,0.085,0.001,0.,0.001,0.001,0.,0.001,0.,0.,0.,0.,0.,0.,0.,0.,0.,0.,0.,0.
2100,0.094,0.,0.094,0.186,0.,0.186,0.094,0.,0.094,0.182,0.,0.182,0.094,0.,0.094,0.176,0.,0.176,0.094,0.,0.094,0.001,0.,0.001,0.001,0.,0.001,0.,0.,0.,0.,0.,0.,0.,0.,0.,0.,0.,0.
2200,0.103,0.,0.103,0.201,0.,0.201,0.104,0.,0.104,0.196,0.,0.196,0.104,0.,0.104,0.195,0.,0.195,0.102,0.,0.102,0.001,0.,0.001,0.001,0.,0.001,0.,0.,0.,0.,0.,0.,0.,0.,0.,0.,0.,0.
2300,0.113,0.,0.113,0.219,0.,0.219,0.112,0.,0.112,0.219,0.,0.219,0.112,0.,0.112,0.238,0.,0.238,0.112,0.,0.112,0.001,0.,0.001,0.001,0.,0.001,0.,0.,0.,0.,0.,0.,0.,0.,0.,0.,0.,0.
2400,0.109,0.,0.109,0.227,0.,0.227,0.109,0.,0.109,0.234,0.,0.234,0.109,0.,0.109,0.251,0.,0.251,0.109,0.,0.109,0.001,0.,0.001,0.001,0.,0.001,0.,0.,0.,0.,0.,0.,0.,0.,0.,0.,0.,0.
2500,0.119,0.,0.119,0.258,0.,0.258,0.118,0.,0.118,0.264,0.,0.264,0.118,0.,0.118,0.255,0.,0.255,0.117,0.,0.117,0.001,0.,0.001,0.001,0.,0.001,0.,0.,0.,0.,0.,0.,0.,0.,0.,0.,0.,0.
2600,0.129,0.,0.129,0.262,0.,0.262,0.128,0.,0.128,0.274,0.,0.274,0.131,0.,0.131,0.263,0.,0.263,0.128,0.,0.128,0.001,0.,0.001,0.001,0.,0.001,0.,0.,0.,0.,0.,0.,0.,0.,0.,0.,0.,0.
2700,0.137,0.,0.137,0.289,0.,0.289,0.137,0.,0.137,0.296,0.,0.296,0.136,0.,0.136,0.301,0.,0.301,0.137,0.003,0.133,0.001,0.,0.001,0.001,0.,0.001,0.001,0.,0.001,0.,0.,0.,0.,0.,0.,0.,0.,0.
2800,0.175,0.,0.175,0.315,0.,0.315,0.164,0.,0.164,0.323,0.,0.323,0.166,0.,0.166,0.34,0.,0.34,0.166,0.,0.166,0.001,0.,0.001,0.001,0.,0.001,0.,0.,0.,0.001,0.,0.001,0.,0.,0.,0.,0.,0.
2900,0.173,0.,0.173,0.364,0.,0.364,0.198,0.,0.198,0.347,0.,0.347,0.173,0.,0.173,0.345,0.,0.345,0.182,0.,0.182,0.001,0.,0.001,0.001,0.,0.001,0.,0.,0.,0.,0.,0.,0.,0.,0.,0.,0.,0.
3000,0.2,0.,0.2,0.37,0.001,0.368,0.188,0.,0.188,0.369,0.,0.369,0.188,0.,0.188,0.364,0.,0.364,0.199,0.,0.199,0.001,0.,0.001,0.001,0.,0.001,0.001,0.,0.001,0.001,0.001,0.,0.001,0.,0.001,0.,0.,0.
3100,0.196,0.,0.196,0.414,0.,0.414,0.197,0.,0.197,0.409,0.,0.409,0.197,0.,0.197,0.394,0.,0.394,0.197,0.,0.197,0.001,0.,0.001,0.001,0.,0.001,0.001,0.,0.001,0.001,0.,0.001,0.001,0.,0.001,0.,0.,0.
3200,0.209,0.,0.209,0.421,0.,0.421,0.211,0.,0.211,0.43,0.,0.43,0.208,0.,0.208,0.441,0.,0.441,0.209,0.,0.209,0.001,0.,0.001,0.001,0.,0.001,0.001,0.,0.001,0.001,0.,0.001,0.001,0.,0.001,0.001,0.,0.001
3300,0.232,0.,0.232,0.435,0.,0.435,0.245,0.,0.245,0.457,0.,0.457,0.239,0.,0.239,0.435,0.,0.435,0.239,0.,0.239,0.001,0.,0.001,0.001,0.,0.001,0.001,0.,0.001,0.001,0.,0.001,0.001,0.,0.001,0.001,0.,0.001
3400,0.235,0.,0.235,0.483,0.,0.483,0.24,0.,0.24,0.479,0.,0.479,0.236,0.,0.236,0.479,0.,0.479,0.235,0.,0.235,0.001,0.,0.001,0.001,0.,0.001,0.001,0.,0.001,0.001,0.,0.001,0.001,0.,0.001,0.001,0.,0.001
3500,0.244,0.003,0.24,0.496,0.,0.496,0.224,0.,0.224,0.483,0.,0.483,0.224,0.,0.224,0.514,0.,0.514,0.224,0.,0.224,0.001,0.,0.001,0.001,0.,0.001,0.001,0.,0.001,0.001,0.,0.001,0.001,0.,0.001,0.001,0.,0.001
3600,0.261,0.,0.261,0.524,0.,0.524,0.263,0.,0.263,0.533,0.,0.533,0.263,0.,0.263,0.537,0.,0.537,0.262,0.,0.262,0.001,0.,0.001,0.001,0.,0.001,0.001,0.,0.001,0.001,0.,0.001,0.001,0.,0.001,0.001,0.,0.001
3700,0.286,0.,0.286,0.541,0.,0.541,0.306,0.,0.306,0.561,0.,0.56,0.295,0.,0.295,0.567,0.,0.567,0.278,0.,0.278,0.001,0.,0.001,0.001,0.,0.001,0.001,0.,0.001,0.001,0.,0.001,0.001,0.,0.001,0.001,0.,0.001
3800,0.29,0.,0.29,0.596,0.,0.596,0.291,0.,0.291,0.592,0.,0.592,0.293,0.,0.293,0.603,0.,0.603,0.289,0.,0.289,0.001,0.,0.001,0.001,0.,0.001,0.001,0.,0.001,0.001,0.,0.001,0.001,0.,0.001,0.001,0.,0.001
3900,0.309,0.,0.309,0.612,0.,0.612,0.31,0.,0.31,0.605,0.,0.605,0.308,0.,0.308,0.603,0.,0.603,0.309,0.,0.309,0.001,0.,0.001,0.001,0.,0.001,0.001,0.,0.001,0.001,0.,0.001,0.001,0.,0.001,0.001,0.,0.001
4000,0.34,0.,0.34,0.661,0.,0.661,0.339,0.,0.338,0.637,0.,0.637,0.332,0.,0.332,0.651,0.,0.651,0.326,0.,0.326,0.001,0.,0.001,0.001,0.,0.001,0.001,0.,0.001,0.001,0.,0.001,0.001,0.,0.001,0.001,0.,0.001
4100,0.378,0.,0.378,0.692,0.,0.692,0.354,0.,0.354,0.688,0.,0.688,0.352,0.,0.352,0.729,0.,0.729,0.339,0.,0.339,0.001,0.,0.001,0.001,0.,0.001,0.001,0.,0.001,0.001,0.,0.001,0.001,0.,0.001,0.001,0.,0.001
4200,0.416,0.,0.416,0.71,0.,0.71,0.383,0.,0.383,0.71,0.,0.71,0.38,0.,0.38,0.732,0.,0.732,0.351,0.,0.351,0.001,0.,0.001,0.001,0.,0.001,0.001,0.,0.001,0.001,0.,0.001,0.001,0.,0.001,0.001,0.,0.001
4300,0.392,0.,0.392,0.771,0.,0.771,0.384,0.,0.384,0.786,0.,0.786,0.388,0.,0.388,0.774,0.,0.774,0.368,0.003,0.364,0.001,0.,0.001,0.001,0.,0.001,0.001,0.,0.001,0.001,0.,0.001,0.001,0.,0.001,0.001,0.,0.001
4400,0.387,0.,0.387,0.792,0.,0.792,0.39,0.,0.39,0.784,0.,0.784,0.402,0.,0.402,0.776,0.,0.776,0.401,0.,0.401,0.001,0.,0.001,0.001,0.,0.001,0.001,0.,0.001,0.001,0.,0.001,0.001,0.,0.001,0.001,0.,0.001
4500,0.411,0.,0.411,0.863,0.,0.863,0.411,0.,0.411,0.902,0.003,0.898,0.405,0.,0.405,0.868,0.,0.867,0.406,0.,0.406,0.001,0.,0.001,0.001,0.,0.001,0.001,0.,0.001,0.001,0.,0.001,0.001,0.,0.001,0.001,0.,0.001
4600,0.444,0.,0.444,0.891,0.,0.891,0.448,0.,0.448,0.873,0.,0.873,0.442,0.,0.442,0.894,0.,0.894,0.459,0.,0.459,0.001,0.,0.001,0.001,0.,0.001,0.001,0.,0.001,0.001,0.,0.001,0.001,0.,0.001,0.001,0.,0.001
4700,0.476,0.,0.476,0.884,0.,0.884,0.47,0.,0.47,0.903,0.,0.903,0.458,0.,0.458,0.907,0.,0.907,0.477,0.,0.477,0.001,0.,0.001,0.001,0.,0.001,0.001,0.,0.001,0.001,0.,0.001,0.001,0.,0.001,0.001,0.,0.001
4800,0.477,0.,0.477,0.915,0.,0.914,0.428,0.,0.428,0.935,0.,0.935,0.423,0.,0.423,0.934,0.,0.934,0.418,0.,0.418,0.002,0.,0.002,0.001,0.,0.001,0.001,0.,0.001,0.001,0.,0.001,0.001,0.,0.001,0.001,0.,0.001
4900,0.481,0.,0.481,0.997,0.,0.997,0.481,0.,0.481,0.968,0.,0.968,0.475,0.,0.475,0.971,0.,0.971,0.477,0.,0.477,0.001,0.,0.001,0.001,0.,0.001,0.001,0.,0.001,0.001,0.,0.001,0.001,0.,0.001,0.001,0.,0.001
5000,0.523,0.,0.523,1.017,0.,1.017,0.527,0.,0.527,1.034,0.,1.034,0.515,0.,0.515,1.018,0.,1.018,0.531,0.,0.531,0.001,0.,0.001,0.002,0.,0.002,0.001,0.,0.001,0.001,0.,0.001,0.001,0.,0.001,0.001,0.,0.001
5500,0.601,0.,0.601,1.18,0.,1.18,0.602,0.,0.602,1.208,0.,1.208,0.598,0.,0.598,1.203,0.,1.203,0.599,0.,0.599,0.002,0.,0.002,0.002,0.,0.002,0.001,0.,0.001,0.001,0.,0.001,0.001,0.,0.001,0.001,0.,0.001
6000,0.795,0.,0.795,1.519,0.,1.519,0.768,0.,0.768,1.443,0.,1.443,0.807,0.,0.807,1.526,0.,1.526,0.749,0.,0.749,0.002,0.,0.002,0.002,0.,0.002,0.001,0.,0.001,0.001,0.,0.001,0.001,0.,0.001,0.001,0.,0.001
6500,0.833,0.,0.833,1.703,0.,1.703,0.845,0.,0.845,1.771,0.,1.771,0.835,0.,0.835,1.752,0.,1.752,0.824,0.,0.824,0.002,0.,0.002,0.002,0.,0.002,0.002,0.,0.002,0.001,0.,0.001,0.001,0.,0.001,0.001,0.,0.001
7000,0.995,0.,0.995,2.041,0.,2.041,0.971,0.,0.971,2.04,0.,2.04,1.082,0.,1.082,2.022,0.,2.022,0.896,0.003,0.892,0.002,0.,0.002,0.002,0.,0.002,0.002,0.,0.002,0.002,0.,0.002,0.002,0.,0.002,0.002,0.,0.002
7500,1.025,0.,1.025,2.291,0.,2.291,1.095,0.,1.095,2.314,0.,2.314,1.1,0.,1.1,2.317,0.,2.317,1.146,0.,1.146,0.002,0.,0.002,0.002,0.,0.002,0.002,0.,0.002,0.002,0.,0.002,0.002,0.,0.002,0.002,0.,0.002
8000,1.23,0.,1.23,2.713,0.,2.713,1.135,0.,1.135,2.681,0.,2.681,1.24,0.,1.24,2.71,0.,2.71,1.273,0.,1.273,0.002,0.,0.002,0.002,0.,0.002,0.002,0.,0.002,0.002,0.,0.002,0.002,0.,0.002,0.002,0.,0.002
8500,1.511,0.,1.511,2.93,0.,2.929,1.575,0.,1.575,2.918,0.,2.918,1.548,0.003,1.543,2.844,0.,2.843,1.5,0.,1.5,0.003,0.,0.003,0.002,0.,0.002,0.002,0.,0.002,0.002,0.,0.002,0.002,0.,0.002,0.002,0.,0.002
9000,1.427,0.,1.427,3.129,0.,3.129,1.418,0.,1.418,3.227,0.,3.227,1.425,0.,1.425,3.157,0.,3.157,1.421,0.,1.421,0.002,0.,0.002,0.002,0.,0.002,0.002,0.,0.002,0.002,0.,0.002,0.003,0.,0.003,0.002,0.,0.002
9500,1.946,0.,1.946,3.589,0.,3.589,1.811,0.,1.811,3.579,0.,3.579,1.743,0.,1.743,3.674,0.,3.673,1.747,0.,1.747,0.003,0.,0.003,0.003,0.,0.003,0.003,0.,0.003,0.002,0.,0.002,0.002,0.,0.002,0.002,0.,0.002
10000,1.976,0.,1.976,4.297,0.,4.297,2.002,0.,2.002,4.212,0.,4.212,1.946,0.,1.946,4.147,0.,4.147,1.947,0.,1.947,0.003,0.,0.003,0.003,0.,0.003,0.003,0.,0.003,0.002,0.,0.002,0.003,0.,0.003,0.002,0.,0.002