param-0-n,param-1-lgn,try-ssr-rewrite!-cold-noop-regression-linear-real,try-ssr-rewrite!-cold-noop-regression-linear-sys,try-ssr-rewrite!-cold-noop-regression-linear-user,try-ssr-rewrite!-evar-noop-regression-linear-real,try-ssr-rewrite!-evar-noop-regression-linear-sys,try-ssr-rewrite!-evar-noop-regression-linear-user,try-ssr-rewrite!-noop-regression-linear-real,try-ssr-rewrite!-noop-regression-linear-sys,try-ssr-rewrite!-noop-regression-linear-user,try-ssr-rewrite-evar-noop-regression-linear-real,try-ssr-rewrite-evar-noop-regression-linear-sys,try-ssr-rewrite-evar-noop-regression-linear-user,try-ssr-rewrite-noop-regression-linear-real,try-ssr-rewrite-noop-regression-linear-sys,try-ssr-rewrite-noop-regression-linear-user,try-ssr-rewrite?-evar-noop-regression-linear-real,try-ssr-rewrite?-evar-noop-regression-linear-sys,try-ssr-rewrite?-evar-noop-regression-linear-user,try-ssr-rewrite?-noop-regression-linear-real,try-ssr-rewrite?-noop-regression-linear-sys,try-ssr-rewrite?-noop-regression-linear-user
3,1,0.,0.,0.,0.,0.,0.,0.,0.,0.,0.,0.,0.,0.,0.,0.,0.,0.,0.,0.,0.,0.
7,2,0.,0.,0.,0.,0.,0.,0.,0.,0.,0.,0.,0.,0.,0.,0.,0.,0.,0.,0.,0.,0.
15,3,0.,0.,0.,0.,0.,0.,0.,0.,0.,0.,0.,0.,0.,0.,0.,0.,0.,0.,0.,0.,0.
31,4,0.,0.,0.,0.,0.,0.,0.,0.,0.,0.,0.,0.,0.,0.,0.,0.,0.,0.,0.,0.,0.
63,5,0.,0.,0.,0.,0.,0.,0.,0.,0.,0.,0.,0.,0.,0.,0.,0.,0.,0.,0.,0.,0.
127,6,0.,0.,0.,0.,0.,0.,0.,0.,0.,0.,0.,0.,0.,0.,0.,0.,0.,0.,0.,0.,0.
255,7,0.,0.,0.,0.,0.,0.,0.,0.,0.,0.,0.,0.,0.,0.,0.,0.,0.,0.,0.,0.,0.
511,8,0.,0.,0.,0.,0.,0.,0.,0.,0.,0.,0.,0.,0.,0.,0.,0.,0.,0.,0.,0.,0.
1023,9,0.,0.,0.,0.,0.,0.,0.,0.,0.,0.,0.,0.,0.,0.,0.,0.,0.,0.,0.,0.,0.
2047,10,0.,0.,0.,0.,0.,0.,0.,0.,0.,0.,0.,0.,0.,0.,0.,0.,0.,0.,0.,0.,0.
4095,11,0.001,0.,0.,0.001,0.001,0.,0.001,0.001,0.,0.,0.,0.,0.001,0.001,0.,0.,0.,0.,0.001,0.001,0.
8191,12,0.001,0.,0.001,0.001,0.,0.001,0.001,0.,0.001,0.001,0.,0.001,0.001,0.,0.001,0.001,0.,0.001,0.001,0.,0.001
16383,13,0.003,0.,0.003,0.003,0.,0.003,0.003,0.,0.003,0.003,0.,0.003,0.003,0.,0.003,0.003,0.,0.003,0.003,0.,0.003
32767,14,0.01,0.,0.01,0.006,0.,0.006,0.006,0.,0.006,0.006,0.,0.006,0.006,0.,0.006,0.006,0.,0.006,0.006,0.,0.006
65535,15,0.012,0.,0.012,0.011,0.,0.011,0.028,0.,0.028,0.012,0.,0.012,0.011,0.,0.011,0.046,0.,0.046,0.011,0.,0.011
131071,16,0.024,0.,0.024,0.023,0.,0.023,0.044,0.,0.044,0.069,0.,0.069,0.023,0.,0.023,0.025,0.,0.025,0.036,0.,0.036
262143,17,0.087,0.,0.087,0.052,0.,0.052,0.089,0.,0.089,0.05,0.,0.05,0.062,0.,0.062,0.05,0.,0.05,0.052,0.,0.052
524287,18,0.17,0.,0.17,0.109,0.,0.109,0.119,0.,0.119,0.11,0.,0.11,0.111,0.,0.111,0.112,0.,0.112,0.106,0.,0.105
1048575,19,0.45,0.008,0.441,0.22,0.,0.22,0.225,0.,0.225,0.218,0.,0.218,0.223,0.,0.223,0.229,0.,0.229,0.226,0.,0.226
2097151,20,0.784,0.,0.784,0.465,0.,0.465,0.47,0.,0.47,0.454,0.,0.454,0.467,0.,0.466,0.469,0.,0.469,0.472,0.,0.472
4194303,21,1.377,0.,1.377,0.917,0.,0.915,0.905,0.,0.904,0.925,0.,0.925,0.92,0.,0.919,0.905,0.,0.905,0.897,0.,0.896
8388607,22,1.92,0.004,1.916,1.838,0.,1.838,1.845,0.,1.845,1.859,0.,1.859,1.866,0.,1.866,1.831,0.,1.831,1.83,0.,1.83