param-n,cbn-regression-cubic-real,cbn-regression-cubic-sys,cbn-regression-cubic-user,cbv-regression-quadratic-real,cbv-regression-quadratic-sys,cbv-regression-quadratic-user,lazy-regression-quadratic-real,lazy-regression-quadratic-sys,lazy-regression-quadratic-user,native-compute(1)-regression-quadratic-real,native-compute(1)-regression-quadratic-sys,native-compute(1)-regression-quadratic-user,native-compute(2)-regression-quadratic-real,native-compute(2)-regression-quadratic-sys,native-compute(2)-regression-quadratic-user,simpl-regression-cubic-real,simpl-regression-cubic-sys,simpl-regression-cubic-user,vm-compute-regression-quadratic-real,vm-compute-regression-quadratic-sys,vm-compute-regression-quadratic-user
2,0.001,0.,0.001,0.,0.,0.,0.,0.,0.,0.,0.,0.,0.,0.,0.,0.001,0.,0.,0.,0.,0.
3,0.001,0.,0.001,0.,0.,0.,0.,0.,0.,0.,0.,0.,0.,0.,0.,0.001,0.,0.001,0.,0.,0.
4,0.003,0.,0.003,0.,0.,0.,0.,0.,0.,0.,0.,0.,0.,0.,0.,0.003,0.,0.003,0.,0.,0.
5,0.005,0.,0.005,0.,0.,0.,0.,0.,0.,0.,0.,0.,0.,0.,0.,0.004,0.,0.004,0.,0.,0.
6,0.009,0.,0.009,0.,0.,0.,0.,0.,0.,0.,0.,0.,0.,0.,0.,0.008,0.,0.008,0.,0.,0.
7,0.013,0.,0.013,0.,0.,0.,0.,0.,0.,0.,0.,0.,0.,0.,0.,0.011,0.,0.011,0.,0.,0.
8,0.018,0.,0.018,0.,0.,0.,0.,0.,0.,0.,0.,0.,0.,0.,0.,0.017,0.,0.017,0.,0.,0.
9,0.025,0.,0.025,0.,0.,0.,0.,0.,0.,0.,0.,0.,0.,0.,0.,0.021,0.,0.021,0.,0.,0.
10,0.032,0.,0.032,0.,0.,0.,0.,0.,0.,0.,0.,0.,0.,0.,0.,0.029,0.,0.029,0.,0.,0.
11,0.04,0.,0.04,0.,0.,0.,,,,,,,,,,0.033,0.,0.033,,,
12,0.045,0.,0.045,,,,0.,0.,0.,,,,,,,0.042,0.003,0.039,,,
13,0.059,0.,0.059,,,,,,,,,,,,,0.052,0.,0.051,,,
14,0.076,0.,0.076,,,,,,,,,,,,,0.063,0.,0.063,,,
15,0.086,0.,0.086,,,,,,,,,,,,,0.076,0.,0.076,,,
16,0.098,0.,0.098,,,,,,,,,,,,,0.089,0.,0.089,,,
17,,,,,,,,,,,,,,,,0.101,0.,0.101,,,
18,0.126,0.,0.126,,,,0.,0.,0.,,,,,,,0.123,0.,0.123,,,
19,0.156,0.,0.156,0.,0.,0.,,,,,,,,,,,,,,,
20,,,,,,,,,,,,,,,,0.156,0.,0.156,,,
22,0.233,0.,0.233,,,,,,,,,,,,,0.206,0.,0.206,,,
23,,,,,,,0.,0.,0.,,,,,,,,,,,,
24,,,,,,,,,,,,,,,,0.252,0.,0.252,,,
25,0.305,0.,0.305,,,,,,,,,,,,,,,,,,
26,,,,,,,,,,,,,,,,0.309,0.,0.309,,,
28,0.411,0.,0.411,0.,0.,0.,0.,0.,0.,,,,,,,0.372,0.,0.372,,,
30,0.502,0.,0.502,,,,,,,,,,,,,0.447,0.,0.447,,,
32,,,,,,,,,,,,,,,,0.526,0.,0.526,,,
33,0.608,0.,0.608,,,,0.,0.,0.,,,,,,,,,,,,
34,,,,,,,,,,,,,,,,0.626,0.,0.626,,,
36,0.792,0.,0.791,0.001,0.,0.001,,,,,,,,,,,,,,,
39,,,,,,,0.001,0.,0.001,,,,,,,,,,,,
41,,,,,,,,,,,,,,,,1.01,0.,1.01,0.,0.,0.
43,1.268,0.,1.267,,,,,,,,,,,,,,,,,,
44,,,,,,,0.001,0.,0.001,,,,,,,,,,,,
45,,,,0.001,0.,0.001,,,,,,,,,,,,,,,
47,,,,,,,,,,,,,,,,1.496,0.003,1.492,,,
49,,,,,,,0.001,0.,0.001,,,,,,,,,,,,
50,1.857,0.,1.857,,,,,,,,,,,,,,,,,,
53,,,,0.001,0.,0.001,,,,,,,,,,,,,,,
54,,,,,,,0.001,0.,0.001,,,,,,,2.171,0.,2.171,,,
56,2.541,0.,2.541,,,,,,,,,,,,,,,,,,
59,,,,,,,0.002,0.,0.002,,,,,,,,,,,,
60,,,,,,,,,,,,,,,,2.819,0.,2.819,,,
62,,,,0.002,0.,0.002,,,,,,,,,,,,,,,
63,3.669,0.,3.668,,,,,,,,,,,,,,,,,,
65,,,,,,,0.002,0.,0.002,,,,,,,,,,,,
67,,,,,,,,,,,,,,,,3.964,0.008,3.956,,,
70,4.819,0.003,4.815,,,,0.002,0.,0.002,,,,,,,,,,,,
71,,,,0.002,0.,0.002,,,,,,,,,,,,,,,
75,,,,,,,0.003,0.,0.003,,,,,,,,,,,,
79,,,,0.002,0.,0.002,,,,,,,,,,,,,,,
80,,,,,,,0.004,0.,0.004,,,,,,,,,,0.,0.,0.
86,,,,,,,0.003,0.,0.003,,,,,,,,,,,,
88,,,,0.003,0.,0.003,,,,,,,,,,,,,,,
91,,,,,,,0.004,0.,0.004,,,,,,,,,,,,
96,,,,0.003,0.,0.003,0.004,0.,0.004,,,,,,,,,,,,
101,,,,,,,0.004,0.,0.004,,,,,,,,,,,,
105,,,,0.005,0.,0.005,,,,,,,,,,,,,,,
106,,,,,,,0.008,0.,0.008,,,,,,,,,,,,
112,,,,,,,0.005,0.,0.005,,,,,,,,,,,,
113,,,,0.005,0.,0.005,,,,,,,,,,,,,,,
116,,,,,,,,,,0.,0.,0.,0.,0.,0.,,,,,,
117,,,,,,,0.005,0.,0.005,,,,,,,,,,,,
120,,,,,,,,,,,,,,,,,,,0.,0.,0.
122,,,,0.005,0.,0.005,0.007,0.,0.007,,,,,,,,,,,,
127,,,,,,,0.006,0.,0.006,,,,,,,,,,,,
130,,,,0.006,0.,0.006,,,,,,,,,,,,,,,
133,,,,,,,0.007,0.,0.007,,,,,,,,,,,,
138,,,,,,,0.008,0.,0.008,,,,,,,,,,,,
139,,,,0.009,0.,0.009,,,,,,,,,,,,,,,
143,,,,,,,0.008,0.,0.008,,,,,,,,,,,,
148,,,,0.007,0.,0.007,0.008,0.,0.008,,,,,,,,,,,,
153,,,,,,,0.01,0.,0.01,,,,,,,,,,,,
156,,,,0.008,0.,0.008,,,,,,,,,,,,,,,
159,,,,,,,0.009,0.,0.009,,,,,,,,,,0.001,0.,0.001
164,,,,,,,0.013,0.,0.013,,,,,,,,,,,,
165,,,,0.009,0.,0.009,,,,,,,,,,,,,,,
169,,,,,,,0.011,0.,0.011,,,,,,,,,,,,
173,,,,0.009,0.,0.009,,,,,,,,,,,,,,,
174,,,,,,,0.014,0.003,0.011,,,,,,,,,,,,
180,,,,,,,0.012,0.,0.012,,,,,,,,,,,,
182,,,,0.011,0.,0.011,,,,,,,,,,,,,,,
185,,,,,,,0.019,0.,0.019,,,,,,,,,,,,
190,,,,0.011,0.,0.011,0.017,0.,0.016,,,,,,,,,,,,
195,,,,,,,0.014,0.,0.014,,,,,,,,,,,,
198,,,,,,,,,,,,,,,,,,,0.001,0.,0.001
199,,,,0.013,0.,0.013,,,,,,,,,,,,,,,
200,,,,,,,0.019,0.,0.019,,,,,,,,,,,,
206,,,,,,,0.017,0.,0.017,,,,,,,,,,,,
208,,,,0.013,0.,0.013,,,,,,,,,,,,,,,
211,,,,,,,0.017,0.,0.017,,,,,,,,,,,,
216,,,,0.014,0.,0.014,0.02,0.,0.02,,,,,,,,,,,,
221,,,,,,,0.02,0.,0.02,,,,,,,,,,,,
225,,,,0.014,0.,0.014,,,,,,,,,,,,,,,
227,,,,,,,0.027,0.,0.027,,,,,,,,,,,,
229,,,,,,,,,,0.001,0.,0.001,0.001,0.,0.001,,,,,,
232,,,,,,,0.022,0.,0.022,,,,,,,,,,,,
233,,,,0.016,0.,0.016,,,,,,,,,,,,,,,
237,,,,,,,0.027,0.,0.027,,,,,,,,,,0.001,0.,0.001
242,,,,0.017,0.,0.017,0.023,0.,0.023,,,,,,,,,,,,
247,,,,,,,0.024,0.,0.024,,,,,,,,,,,,
250,,,,0.018,0.,0.018,,,,,,,,,,,,,,,
253,,,,,,,0.023,0.,0.023,,,,,,,,,,,,
258,,,,,,,0.026,0.,0.026,,,,,,,,,,,,
259,,,,0.018,0.,0.018,,,,,,,,,,,,,,,
263,,,,,,,0.026,0.,0.026,,,,,,,,,,,,
268,,,,0.02,0.,0.02,0.027,0.,0.027,,,,,,,,,,,,
273,,,,,,,0.03,0.,0.03,,,,,,,,,,,,
276,,,,0.02,0.,0.02,,,,,,,,,,,,,0.002,0.,0.002
279,,,,,,,0.035,0.,0.035,,,,,,,,,,,,
284,,,,,,,0.04,0.,0.04,,,,,,,,,,,,
285,,,,0.022,0.,0.022,,,,,,,,,,,,,,,
289,,,,,,,0.033,0.,0.033,,,,,,,,,,,,
292,,,,,,,0.033,0.,0.033,,,,,,,,,,,,
293,,,,0.022,0.,0.022,,,,,,,,,,,,,,,
294,,,,,,,0.037,0.,0.037,,,,,,,,,,,,
300,,,,,,,0.043,0.,0.043,,,,,,,,,,,,
302,,,,0.024,0.,0.024,,,,,,,,,,,,,,,
305,,,,,,,0.038,0.,0.038,,,,,,,,,,,,
310,,,,0.025,0.,0.025,0.045,0.,0.045,,,,,,,,,,,,
315,,,,,,,0.043,0.,0.043,,,,,,,,,,,,
316,,,,,,,,,,,,,,,,,,,0.002,0.,0.002
319,,,,0.026,0.,0.026,,,,,,,,,,,,,,,
320,,,,,,,0.055,0.,0.055,,,,,,,,,,,,
326,,,,,,,0.045,0.,0.045,,,,,,,,,,,,
328,,,,0.027,0.,0.027,,,,,,,,,,,,,,,
331,,,,,,,0.059,0.,0.059,,,,,,,,,,,,
336,,,,0.027,0.,0.027,0.046,0.,0.046,,,,,,,,,,,,
341,,,,,,,0.044,0.,0.044,,,,,,,,,,,,
343,,,,,,,,,,0.003,0.,0.003,0.003,0.,0.003,,,,,,
345,,,,0.029,0.,0.029,,,,,,,,,,,,,,,
347,,,,,,,0.053,0.,0.053,,,,,,,,,,,,
352,,,,,,,0.051,0.,0.051,,,,,,,,,,,,
353,,,,0.031,0.003,0.027,,,,,,,,,,,,,,,
355,,,,,,,,,,,,,,,,,,,0.003,0.,0.003
357,,,,,,,0.06,0.,0.06,,,,,,,,,,,,
362,,,,0.033,0.,0.033,0.06,0.003,0.056,,,,,,,,,,,,
367,,,,,,,0.058,0.003,0.054,,,,,,,,,,,,
370,,,,0.033,0.,0.033,,,,,,,,,,,,,,,
373,,,,,,,0.06,0.,0.06,,,,,,,,,,,,
378,,,,,,,0.064,0.,0.064,,,,,,,,,,,,
379,,,,0.035,0.,0.035,,,,,,,,,,,,,,,
383,,,,,,,0.068,0.004,0.064,,,,,,,,,,,,
387,,,,0.037,0.,0.037,,,,,,,,,,,,,,,
388,,,,,,,0.078,0.,0.078,,,,,,,,,,,,
394,,,,,,,0.069,0.004,0.065,,,,,,,,,,0.003,0.,0.003
396,,,,0.037,0.,0.037,,,,,,,,,,,,,,,
399,,,,,,,0.068,0.,0.068,,,,,,,,,,,,
404,,,,,,,0.096,0.003,0.092,,,,,,,,,,,,
405,,,,0.039,0.003,0.035,,,,,,,,,,,,,,,
409,,,,,,,0.096,0.004,0.092,,,,,,,,,,,,
413,,,,0.04,0.,0.04,,,,,,,,,,,,,,,
414,,,,,,,0.088,0.,0.088,,,,,,,,,,,,
420,,,,,,,0.076,0.,0.076,,,,,,,,,,,,
422,,,,0.041,0.,0.041,,,,,,,,,,,,,,,
425,,,,,,,0.094,0.,0.094,,,,,,,,,,,,
430,,,,0.043,0.,0.043,0.091,0.,0.091,,,,,,,,,,,,
433,,,,,,,,,,,,,,,,,,,0.004,0.,0.004
435,,,,,,,0.083,0.,0.083,,,,,,,,,,,,
439,,,,0.046,0.,0.045,,,,,,,,,,,,,,,
441,,,,,,,0.072,0.,0.072,,,,,,,,,,,,
446,,,,,,,0.083,0.,0.083,,,,,,,,,,,,
447,,,,0.046,0.,0.046,,,,,,,,,,,,,,,
451,,,,,,,0.09,0.003,0.086,,,,,,,,,,,,
456,,,,0.047,0.,0.047,,,,0.005,0.,0.005,0.005,0.,0.005,,,,,,
458,,,,0.053,0.,0.053,,,,,,,,,,,,,,,
465,,,,0.049,0.,0.049,,,,,,,,,,,,,,,
469,,,,,,,0.096,0.,0.096,,,,,,,,,,,,
472,,,,,,,,,,,,,,,,,,,0.005,0.,0.005
473,,,,0.051,0.,0.051,,,,,,,,,,,,,,,
482,,,,0.054,0.,0.054,,,,,,,,,,,,,,,
487,,,,,,,0.107,0.,0.107,,,,,,,,,,,,
490,,,,0.055,0.,0.055,,,,,,,,,,,,,,,
499,,,,0.055,0.,0.055,,,,,,,,,,,,,,,
505,,,,,,,0.113,0.,0.113,,,,,,,,,,,,
507,,,,0.056,0.,0.056,,,,,,,,,,,,,,,
511,,,,,,,,,,,,,,,,,,,0.005,0.,0.005
516,,,,0.06,0.,0.06,,,,,,,,,,,,,,,
523,,,,,,,0.126,0.,0.126,,,,,,,,,,,,
525,,,,0.06,0.,0.06,,,,,,,,,,,,,,,
533,,,,0.062,0.,0.062,,,,,,,,,,,,,,,
541,,,,,,,0.142,0.,0.142,,,,,,,,,,,,
542,,,,0.067,0.,0.067,,,,,,,,,,,,,,,
550,,,,0.065,0.,0.065,,,,,,,,,,,,,,,
551,,,,,,,,,,,,,,,,,,,0.006,0.,0.006
559,,,,0.068,0.,0.068,0.172,0.,0.172,,,,,,,,,,,,
567,,,,0.07,0.,0.07,,,,,,,,,,,,,,,
570,,,,,,,,,,0.007,0.,0.007,0.01,0.,0.01,,,,,,
576,,,,0.072,0.,0.072,,,,,,,,,,,,,,,
577,,,,,,,0.185,0.,0.185,,,,,,,,,,,,
583,,,,,,,0.189,0.003,0.185,,,,,,,,,,,,
585,,,,0.075,0.,0.075,,,,,,,,,,,,,,,
590,,,,,,,,,,,,,,,,,,,0.007,0.,0.007
593,,,,0.073,0.,0.073,,,,,,,,,,,,,,,
595,,,,,,,0.177,0.,0.177,,,,,,,,,,,,
602,,,,0.077,0.,0.077,,,,,,,,,,,,,,,
610,,,,0.079,0.,0.079,,,,,,,,,,,,,,,
613,,,,,,,0.164,0.,0.164,,,,,,,,,,,,
619,,,,0.084,0.,0.084,,,,,,,,,,,,,,,
627,,,,0.084,0.,0.084,,,,,,,,,,,,,,,
629,,,,,,,,,,,,,,,,,,,0.008,0.,0.008
631,,,,,,,0.189,0.007,0.181,,,,,,,,,,,,
636,,,,0.086,0.,0.086,,,,,,,,,,,,,,,
644,,,,0.092,0.,0.092,,,,,,,,,,,,,,,
649,,,,,,,0.187,0.,0.187,,,,,,,,,,,,
653,,,,0.091,0.,0.091,,,,,,,,,,,,,,,
662,,,,0.095,0.,0.095,,,,,,,,,,,,,,,
667,,,,,,,0.257,0.,0.257,,,,,,,,,,,,
668,,,,,,,,,,,,,,,,,,,0.009,0.,0.009
670,,,,0.095,0.,0.095,,,,,,,,,,,,,,,
679,,,,0.097,0.,0.097,,,,,,,,,,,,,,,
684,,,,,,,,,,0.009,0.,0.009,0.009,0.,0.009,,,,,,
685,,,,,,,0.258,0.,0.258,,,,,,,,,,,,
687,,,,0.098,0.,0.098,,,,,,,,,,,,,,,
696,,,,0.1,0.003,0.097,,,,,,,,,,,,,,,
703,,,,,,,0.231,0.,0.231,,,,,,,,,,,,
704,,,,0.101,0.,0.101,,,,,,,,,,,,,,,
707,,,,,,,,,,,,,,,,,,,0.014,0.,0.014
713,,,,0.104,0.,0.104,,,,,,,,,,,,,,,
721,,,,,,,0.248,0.,0.248,,,,,,,,,,,,
739,,,,,,,0.288,0.,0.288,,,,,,,,,,,,
744,,,,0.117,0.,0.117,,,,,,,,,,,,,,,
747,,,,,,,,,,,,,,,,,,,0.011,0.,0.011
757,,,,,,,0.317,0.,0.317,,,,,,,,,,,,
775,,,,0.119,0.,0.119,0.282,0.,0.282,,,,,,,,,,,,
786,,,,,,,,,,,,,,,,,,,0.012,0.,0.012
793,,,,,,,0.283,0.,0.283,,,,,,,,,,,,
797,,,,,,,,,,0.012,0.,0.012,0.013,0.,0.013,,,,,,
806,,,,0.125,0.,0.125,,,,,,,,,,,,,,,
811,,,,,,,0.396,0.,0.396,,,,,,,,,,,,
825,,,,,,,,,,,,,,,,,,,0.013,0.,0.013
829,,,,,,,0.327,0.,0.327,,,,,,,,,,,,
837,,,,0.139,0.,0.139,,,,,,,,,,,,,,,
847,,,,,,,0.339,0.,0.339,,,,,,,,,,,,
864,,,,,,,,,,,,,,,,,,,0.014,0.,0.014
865,,,,,,,0.373,0.,0.373,,,,,,,,,,,,
868,,,,0.144,0.,0.144,,,,,,,,,,,,,,,
873,,,,,,,0.427,0.003,0.423,,,,,,,,,,,,
883,,,,,,,0.418,0.,0.418,,,,,,,,,,,,
898,,,,0.17,0.,0.17,,,,,,,,,,,,,,,
901,,,,,,,0.381,0.,0.381,,,,,,,,,,,,
903,,,,,,,,,,,,,,,,,,,0.015,0.,0.015
911,,,,,,,,,,0.015,0.,0.015,0.015,0.,0.015,,,,,,
914,,,,0.181,0.,0.181,,,,,,,,,,,,,,,
929,,,,0.17,0.,0.17,,,,,,,,,,,,,,,
943,,,,,,,,,,,,,,,,,,,0.016,0.,0.016
960,,,,0.174,0.,0.174,,,,,,,,,,,,,,,
982,,,,,,,,,,,,,,,,,,,0.019,0.,0.019
991,,,,0.182,0.003,0.178,0.536,0.,0.536,,,,,,,,,,,,
1021,,,,,,,,,,,,,,,,,,,0.019,0.,0.019
1022,,,,0.199,0.,0.199,,,,,,,,,,,,,,,
1025,,,,,,,,,,0.019,0.,0.019,0.019,0.,0.019,,,,,,
1053,,,,0.208,0.,0.208,,,,,,,,,,,,,,,
1060,,,,,,,,,,,,,,,,,,,0.021,0.,0.021
1081,,,,,,,0.587,0.,0.587,,,,,,,,,,,,
1084,,,,0.214,0.,0.214,,,,,,,,,,,,,,,
1099,,,,,,,,,,,,,,,,,,,0.022,0.,0.022
1115,,,,0.229,0.,0.229,,,,,,,,,,,,,,,
1138,,,,,,,,,,0.025,0.,0.025,0.023,0.,0.023,,,,0.023,0.,0.023
1146,,,,0.243,0.,0.243,,,,,,,,,,,,,,,
1164,,,,,,,0.772,0.02,0.752,,,,,,,,,,,,
1171,,,,,,,0.949,0.,0.949,,,,,,,,,,,,
1177,,,,0.252,0.,0.252,,,,,,,,,,,,,,,
1178,,,,,,,,,,,,,,,,,,,0.027,0.,0.027
1208,,,,0.264,0.,0.264,,,,,,,,,,,,,,,
1217,,,,,,,,,,,,,,,,,,,0.027,0.,0.027
1239,,,,0.279,0.,0.278,,,,,,,,,,,,,,,
1252,,,,,,,,,,0.029,0.,0.029,0.028,0.,0.028,,,,,,
1256,,,,,,,,,,,,,,,,,,,0.028,0.,0.028
1261,,,,,,,0.751,0.,0.751,,,,,,,,,,,,
1269,,,,0.313,0.,0.313,,,,,,,,,,,,,,,
1295,,,,,,,,,,,,,,,,,,,0.03,0.,0.03
1300,,,,0.304,0.003,0.3,,,,,,,,,,,,,,,
1331,,,,0.316,0.,0.316,,,,,,,,,,,,,,,
1334,,,,,,,,,,,,,,,,,,,0.032,0.,0.032
1351,,,,,,,0.961,0.,0.961,,,,,,,,,,,,
1362,,,,0.333,0.,0.333,,,,,,,,,,,,,,,
1365,,,,,,,,,,0.037,0.,0.037,0.032,0.,0.032,,,,,,
1370,,,,0.381,0.,0.381,,,,,,,,,,,,,,,
1374,,,,,,,,,,,,,,,,,,,0.034,0.,0.034
1393,,,,0.351,0.,0.351,,,,,,,,,,,,,,,
1413,,,,,,,,,,,,,,,,,,,0.035,0.,0.035
1424,,,,0.391,0.,0.391,,,,,,,,,,,,,,,
1441,,,,,,,1.113,0.,1.113,,,,,,,,,,,,
1452,,,,,,,,,,,,,,,,,,,0.038,0.,0.038
1454,,,,,,,1.139,0.011,1.127,,,,,,,,,,,,
1479,,,,,,,,,,0.037,0.,0.037,0.04,0.,0.04,,,,,,
1491,,,,,,,,,,,,,,,,,,,0.039,0.,0.039
1530,,,,,,,,,,,,,,,,,,,0.042,0.,0.042
1531,,,,,,,1.243,0.,1.243,,,,,,,,,,,,
1566,,,,0.444,0.003,0.44,,,,,,,,,,,,,,,
1570,,,,,,,,,,,,,,,,,,,0.043,0.,0.043
1593,,,,,,,,,,0.042,0.,0.042,0.044,0.,0.044,,,,,,
1609,,,,,,,,,,,,,,,,,,,0.046,0.,0.046
1621,,,,,,,1.342,0.,1.342,,,,,,,,,,,,
1648,,,,,,,,,,,,,,,,,,,0.049,0.,0.049
1687,,,,,,,,,,,,,,,,,,,0.049,0.,0.049
1706,,,,,,,,,,0.047,0.,0.047,0.051,0.,0.051,,,,,,
1709,,,,0.499,0.,0.498,,,,,,,,,,,,,,,
1711,,,,,,,1.495,0.003,1.49,,,,,,,,,,,,
1726,,,,,,,,,,,,,,,,,,,0.051,0.,0.051
1765,,,,,,,,,,,,,,,,,,,0.053,0.,0.053
1801,,,,,,,1.627,0.003,1.623,,,,,,,,,,,,
1805,,,,,,,,,,,,,,,,,,,0.057,0.,0.057
1820,,,,,,,,,,0.053,0.,0.053,0.056,0.,0.056,,,,,,
1826,,,,0.648,0.003,0.644,,,,,,,,,,,,,,,
1844,,,,,,,,,,,,,,,,,,,0.059,0.,0.059
1851,,,,0.583,0.003,0.579,,,,,,,,,,,,,,,
1883,,,,,,,,,,,,,,,,,,,0.06,0.,0.06
1922,,,,,,,,,,,,,,,,,,,0.065,0.,0.065
1933,,,,,,,,,,0.06,0.,0.06,0.063,0.,0.063,,,,,,
1961,,,,,,,,,,,,,,,,,,,0.065,0.,0.065
1993,,,,0.681,0.,0.681,,,,,,,,,,,,,,,
2001,,,,,,,,,,,,,,,,,,,0.067,0.,0.067
2013,,,,,,,,,,,,,,,,,,,0.068,0.,0.068
2040,,,,,,,,,,,,,,,,,,,0.07,0.,0.07
2047,,,,,,,,,,0.066,0.,0.066,0.066,0.,0.066,,,,,,
2079,,,,,,,,,,,,,,,,,,,0.072,0.,0.072
2118,,,,,,,,,,,,,,,,,,,0.077,0.,0.077
2136,,,,0.777,0.,0.777,,,,,,,,,,,,,,,
2157,,,,,,,,,,,,,,,,,,,0.077,0.,0.077
2161,,,,,,,2.655,0.,2.654,0.078,0.,0.078,0.08,0.,0.08,,,,,,
2197,,,,,,,,,,,,,,,,,,,0.078,0.003,0.075
2236,,,,,,,,,,,,,,,,,,,0.085,0.,0.085
2274,,,,,,,,,,0.083,0.,0.083,0.085,0.,0.085,,,,,,
2275,,,,,,,,,,,,,,,,,,,0.084,0.,0.084
2278,,,,0.912,0.,0.912,,,,,,,,,,,,,,,
2282,,,,1.004,0.004,1.,,,,,,,,,,,,,,,
2314,,,,,,,,,,,,,,,,,,,0.088,0.,0.087
2353,,,,,,,,,,,,,,,,,,,0.093,0.,0.093
2388,,,,,,,,,,0.089,0.,0.089,0.092,0.,0.092,,,,,,
2392,,,,,,,,,,,,,,,,,,,0.096,0.,0.096
2420,,,,1.082,0.,1.082,,,,,,,,,,,,,,,
2432,,,,,,,,,,,,,,,,,,,0.095,0.,0.095
2471,,,,,,,,,,,,,,,,,,,0.1,0.,0.1
2502,,,,,,,,,,0.098,0.,0.098,0.1,0.,0.1,,,,,,
2510,,,,,,,,,,,,,,,,,,,0.103,0.,0.103
2521,,,,,,,3.336,0.,3.335,,,,,,,,,,,,
2549,,,,,,,,,,,,,,,,,,,0.103,0.,0.103
2562,,,,1.244,0.,1.243,,,,,,,,,,,,,,,
2588,,,,,,,,,,,,,,,,,,,0.106,0.,0.106
2615,,,,,,,,,,0.108,0.,0.108,0.11,0.,0.11,,,,,,
2628,,,,,,,,,,,,,,,,,,,0.112,0.,0.112
2667,,,,,,,,,,,,,,,,,,,0.117,0.,0.117
2705,,,,1.352,0.,1.352,,,,,,,,,,,,,,,
2706,,,,,,,,,,,,,,,,,,,0.117,0.,0.117
2729,,,,,,,,,,0.117,0.,0.117,0.119,0.,0.119,,,,,,
2745,,,,,,,,,,,,,,,,,,,0.121,0.,0.121
2784,,,,,,,,,,,,,,,,,,,0.124,0.,0.124
2824,,,,,,,,,,,,,,,,,,,0.128,0.,0.128
2842,,,,,,,,,,0.125,0.,0.125,0.13,0.,0.13,,,,,,
2847,,,,1.473,0.,1.473,,,,,,,,,,,,,,,
2863,,,,,,,,,,,,,,,,,,,0.129,0.,0.129
2881,,,,,,,4.801,0.015,4.785,,,,,,,,,,,,
2902,,,,,,,,,,,,,,,,,,,0.134,0.,0.134
2941,,,,,,,,,,,,,,,,,,,0.141,0.,0.141
2956,,,,,,,,,,0.137,0.,0.137,0.135,0.,0.135,,,,,,
2980,,,,,,,,,,,,,,,,,,,0.143,0.,0.143
3019,,,,,,,,,,,,,,,,,,,0.145,0.,0.145
3059,,,,,,,,,,,,,,,,,,,0.148,0.003,0.144
3070,,,,,,,,,,0.146,0.,0.146,0.148,0.,0.148,,,,,,
3098,,,,,,,,,,,,,,,,,,,0.155,0.,0.155
3137,,,,,,,,,,,,,,,,,,,0.158,0.,0.158
3183,,,,,,,,,,0.152,0.,0.152,0.161,0.,0.161,,,,,,
3241,,,,,,,5.313,0.016,5.296,,,,,,,,,,,,
3268,,,,,,,,,,,,,,,,,,,0.173,0.,0.173
3297,,,,,,,,,,0.166,0.,0.166,0.173,0.,0.173,,,,,,
3398,,,,,,,,,,,,,,,,,,,0.18,0.,0.18
3410,,,,,,,,,,0.183,0.,0.183,0.182,0.,0.182,,,,,,
3416,,,,2.112,0.,2.112,,,,,,,,,,,,,,,
3524,,,,,,,,,,0.19,0.,0.19,0.19,0.,0.19,,,,,,
3529,,,,,,,,,,,,,,,,,,,0.193,0.,0.193
3601,,,,,,,7.439,0.051,7.387,,,,,,,,,,,,
3638,,,,,,,,,,0.204,0.,0.204,0.209,0.,0.209,,,,,,
3660,,,,,,,,,,,,,,,,,,,0.207,0.,0.207
3674,,,,,,,,,,0.201,0.,0.2,0.207,0.,0.207,,,,,,
3751,,,,,,,,,,0.21,0.,0.21,0.226,0.,0.226,,,,,,
3790,,,,,,,,,,,,,,,,,,,0.223,0.,0.223
3865,,,,,,,,,,0.236,0.,0.236,0.231,0.003,0.228,,,,,,
3921,,,,,,,,,,,,,,,,,,,0.234,0.003,0.23
3979,,,,,,,,,,0.238,0.,0.238,0.245,0.,0.245,,,,,,
3985,,,,2.838,0.,2.838,,,,,,,,,,,,,,,
4024,,,,,,,,,,,,,,,,,,,0.244,0.,0.244
4052,,,,,,,,,,,,,,,,,,,0.262,0.,0.262
4092,,,,,,,,,,0.244,0.,0.244,0.265,0.,0.265,,,,,,
4182,,,,,,,,,,,,,,,,,,,0.271,0.,0.271
4206,,,,,,,,,,0.264,0.,0.264,0.272,0.,0.272,,,,,,
4313,,,,,,,,,,,,,,,,,,,0.286,0.,0.286
4319,,,,,,,,,,0.277,0.003,0.273,0.278,0.,0.278,,,,,,
4433,,,,,,,,,,0.283,0.,0.283,0.295,0.,0.295,,,,,,
4444,,,,,,,,,,,,,,,,,,,0.298,0.,0.297
4547,,,,,,,,,,0.297,0.,0.297,0.305,0.,0.305,,,,,,
4555,,,,3.845,0.,3.845,,,,,,,,,,,,,,,
4574,,,,,,,,,,,,,,,,,,,0.322,0.,0.321
4660,,,,,,,,,,0.31,0.,0.31,0.321,0.,0.321,,,,,,
4705,,,,,,,,,,,,,,,,,,,0.334,0.,0.334
4774,,,,,,,,,,0.332,0.003,0.328,0.34,0.,0.34,,,,,,
4836,,,,,,,,,,,,,,,,,,,0.352,0.,0.352
4887,,,,,,,,,,0.342,0.,0.342,0.341,0.,0.341,,,,,,
4966,,,,,,,,,,,,,,,,,,,0.368,0.,0.368
5001,,,,,,,,,,0.369,0.,0.369,0.387,0.,0.387,,,,,,
5097,,,,,,,,,,,,,,,,,,,0.404,0.,0.404
5115,,,,,,,,,,0.385,0.,0.385,0.386,0.,0.386,,,,,,
5124,,,,4.802,0.,4.802,,,,,,,,,,,,,,,
5228,,,,,,,,,,0.393,0.003,0.389,0.407,0.,0.407,,,,0.424,0.,0.424
5342,,,,,,,,,,0.419,0.,0.419,0.43,0.,0.43,,,,,,
5358,,,,,,,,,,,,,,,,,,,0.432,0.,0.432
5456,,,,,,,,,,0.423,0.,0.423,0.433,0.003,0.429,,,,,,
5489,,,,,,,,,,,,,,,,,,,0.449,0.003,0.445
5569,,,,,,,,,,0.444,0.,0.444,0.458,0.,0.458,,,,,,
5620,,,,,,,,,,,,,,,,,,,0.484,0.,0.484
5683,,,,,,,,,,0.462,0.,0.462,0.488,0.,0.488,,,,,,
5693,,,,5.882,0.,5.882,,,,,,,,,,,,,,,
5750,,,,,,,,,,,,,,,,,,,0.506,0.,0.506
5796,,,,,,,,,,0.486,0.,0.486,0.497,0.,0.497,,,,,,
5881,,,,,,,,,,,,,,,,,,,0.514,0.,0.514
5910,,,,,,,,,,0.498,0.,0.498,0.527,0.,0.527,,,,,,
6012,,,,,,,,,,,,,,,,,,,0.532,0.,0.532
6034,,,,,,,,,,,,,,,,,,,0.54,0.,0.54
6142,,,,,,,,,,,,,,,,,,,0.552,0.,0.552
6221,,,,,,,,,,0.568,0.,0.568,0.574,0.,0.574,,,,,,
6273,,,,,,,,,,,,,,,,,,,0.57,0.,0.57
6532,,,,,,,,,,0.624,0.,0.624,0.617,0.003,0.613,,,,,,
6843,,,,,,,,,,0.669,0.,0.669,0.708,0.,0.707,,,,,,
6900,,,,,,,,,,,,,,,,,,,0.7,0.,0.7
7154,,,,,,,,,,0.706,0.,0.705,0.757,0.,0.757,,,,,,
7346,,,,,,,,,,0.77,0.,0.77,0.785,0.,0.785,,,,,,
7465,,,,,,,,,,0.809,0.003,0.805,0.809,0.,0.809,,,,,,
7527,,,,,,,,,,,,,,,,,,,0.817,0.,0.817
7776,,,,,,,,,,0.864,0.,0.864,0.83,0.,0.83,,,,,,
8045,,,,,,,,,,,,,,,,,,,0.949,0.,0.949
8087,,,,,,,,,,0.95,0.,0.95,0.974,0.,0.974,,,,,,
8154,,,,,,,,,,,,,,,,,,,0.958,0.003,0.954
8398,,,,,,,,,,1.025,0.,1.024,1.014,0.,1.014,,,,,,
8709,,,,,,,,,,1.106,0.,1.106,1.131,0.,1.131,,,,,,
8781,,,,,,,,,,,,,,,,,,,1.098,0.,1.098
9019,,,,,,,,,,1.157,0.,1.157,1.146,0.,1.146,,,,,,
9330,,,,,,,,,,1.162,0.,1.162,1.167,0.,1.167,,,,,,
9409,,,,,,,,,,,,,,,,,,,1.269,0.,1.269
9641,,,,,,,,,,1.309,0.007,1.3,1.312,0.,1.312,,,,,,
9952,,,,,,,,,,1.387,0.,1.387,1.418,0.,1.418,,,,,,
10036,,,,,,,,,,,,,,,,,,,1.492,0.,1.492
10056,,,,,,,,,,,,,,,,,,,1.52,0.,1.518
10263,,,,,,,,,,1.483,0.,1.482,1.502,0.,1.502,,,,,,
10574,,,,,,,,,,1.55,0.,1.549,1.579,0.,1.579,,,,,,
10663,,,,,,,,,,,,,,,,,,,1.621,0.,1.621
10885,,,,,,,,,,1.699,0.,1.699,1.666,0.,1.666,,,,,,
11017,,,,,,,,,,1.721,0.,1.721,1.728,0.,1.727,,,,,,
11196,,,,,,,,,,1.765,0.,1.765,1.785,0.,1.784,,,,,,
11290,,,,,,,,,,,,,,,,,,,1.799,0.,1.799
11507,,,,,,,,,,1.794,0.,1.794,1.926,0.,1.926,,,,,,
11818,,,,,,,,,,1.921,0.,1.921,1.961,0.,1.961,,,,,,
11917,,,,,,,,,,,,,,,,,,,2.008,0.,2.008
12544,,,,,,,,,,,,,,,,,,,2.284,0.,2.284
13000,,,,,,,,,,2.35,0.,2.35,2.361,0.,2.361,,,,,,
14181,,,,,,,,,,2.863,0.,2.863,2.83,0.,2.83,,,,,,
14689,,,,,,,,,,2.973,0.003,2.969,2.949,0.,2.948,,,,,,
15052,,,,,,,,,,,,,,,,,,,3.197,0.003,3.193
15363,,,,,,,,,,3.283,0.,3.283,3.309,0.,3.309,,,,,,
16544,,,,,,,,,,3.807,0.,3.807,4.008,0.,4.008,,,,,,
17561,,,,,,,,,,,,,,,,,,,4.44,0.007,4.432
17726,,,,,,,,,,4.289,0.,4.289,4.491,0.,4.491,,,,,,
18361,,,,,,,,,,4.416,0.004,4.412,4.518,0.007,4.509,,,,,,
18908,,,,,,,,,,4.896,0.,4.895,4.948,0.,4.948,,,,,,
20069,,,,,,,,,,,,,,,,,,,5.735,0.,5.734
20089,,,,,,,,,,5.506,0.,5.506,5.683,0.,5.683,,,,,,
21271,,,,,,,,,,5.945,0.,5.945,6.486,0.,6.486,,,,,,
22452,,,,,,,,,,6.878,0.,6.878,7.223,0.,7.223,,,,,,
22578,,,,,,,,,,,,,,,,,,,7.042,0.,7.042
23634,,,,,,,,,,7.262,0.,7.261,7.639,0.,7.638,,,,,,
25086,,,,,,,,,,,,,,,,,,,8.67,0.003,8.666
28361,,,,,,,,,,10.975,0.,10.974,10.838,0.,10.837,,,,,,
33087,,,,,,,,,,15.539,0.,15.539,14.62,0.,14.619,,,,,,
37814,,,,,,,,,,19.583,0.003,19.578,18.875,0.,18.874,,,,,,
42540,,,,,,,,,,24.438,0.,24.437,24.554,0.,24.553,,,,,,
47267,,,,,,,,,,29.907,0.003,29.901,29.91,0.011,29.896,,,,,,