param-n,abstract-regression-cubic-real,abstract-regression-cubic-sys,abstract-regression-cubic-user,close-abstract-regression-cubic-real,close-abstract-regression-cubic-sys,close-abstract-regression-cubic-user,fast-rewrite-regression-cubic-real,fast-rewrite-regression-cubic-sys,fast-rewrite-regression-cubic-user,pose-build-and-refine-regression-cubic-real,pose-build-and-refine-regression-cubic-sys,pose-build-and-refine-regression-cubic-user,refine-regression-quadratic-regression-linear-real,refine-regression-quadratic-regression-linear-sys,refine-regression-quadratic-regression-linear-user
1,0.,0.,0.,0.,0.,0.,0.,0.,0.,0.,0.,0.,0.,0.,0.
2,0.,0.,0.,0.,0.,0.,0.,0.,0.,0.,0.,0.,0.,0.,0.
3,0.,0.,0.,0.,0.,0.,0.,0.,0.,0.,0.,0.,0.,0.,0.
4,0.,0.,0.,0.,0.,0.,0.,0.,0.,0.,0.,0.,0.,0.,0.
5,0.,0.,0.,0.,0.,0.,0.,0.,0.,0.,0.,0.,0.,0.,0.
6,0.,0.,0.,0.,0.,0.,0.,0.,0.,0.,0.,0.,0.,0.,0.
7,0.001,0.001,0.,0.,0.,0.,0.,0.,0.,0.,0.,0.,0.,0.,0.
8,0.001,0.001,0.,0.,0.,0.,0.,0.,0.,0.,0.,0.,0.,0.,0.
9,0.001,0.001,0.,0.,0.,0.,0.,0.,0.,0.,0.,0.,0.,0.,0.
10,0.001,0.,0.001,0.,0.,0.,0.001,0.,0.001,0.001,0.,0.001,0.,0.,0.
11,0.001,0.,0.001,0.,0.,0.,0.001,0.,0.001,0.001,0.,0.001,0.,0.,0.
12,0.001,0.001,0.,0.,0.,0.,0.001,0.001,0.,0.001,0.001,0.,0.,0.,0.
13,0.001,0.001,0.,0.,0.,0.,0.001,0.001,0.,0.001,0.001,0.,0.,0.,0.
14,0.001,0.,0.001,0.,0.,0.,0.001,0.,0.001,0.001,0.,0.001,0.,0.,0.
15,0.043,0.007,0.036,0.,0.,0.,0.042,0.007,0.035,0.042,0.007,0.035,0.,0.,0.
16,0.001,0.,0.001,0.,0.,0.,0.001,0.,0.,0.001,0.,0.,0.,0.,0.
17,0.001,0.,0.001,0.,0.,0.,0.001,0.,0.001,0.001,0.,0.001,0.,0.,0.
18,0.001,0.,0.001,0.,0.,0.,0.001,0.,0.001,0.001,0.,0.001,0.,0.,0.
19,0.001,0.,0.001,0.,0.,0.,0.001,0.,0.001,0.001,0.,0.001,0.,0.,0.
20,0.002,0.,0.002,0.,0.,0.,0.001,0.,0.001,0.001,0.,0.001,0.,0.,0.
21,0.002,0.,0.002,0.,0.,0.,0.001,0.,0.001,0.001,0.,0.001,0.,0.,0.
22,0.002,0.,0.002,0.,0.,0.,0.001,0.,0.001,0.001,0.,0.001,0.,0.,0.
23,0.002,0.,0.002,0.,0.,0.,0.001,0.,0.001,0.001,0.,0.001,0.,0.,0.
24,0.002,0.,0.002,0.,0.,0.,0.001,0.,0.001,0.001,0.,0.001,0.,0.,0.
25,0.002,0.,0.002,0.,0.,0.,0.001,0.,0.001,0.001,0.,0.001,0.,0.,0.
26,0.002,0.,0.002,0.,0.,0.,0.001,0.,0.001,0.001,0.,0.001,0.,0.,0.
27,0.002,0.,0.002,0.,0.,0.,0.001,0.,0.001,0.001,0.,0.001,0.,0.,0.
28,0.017,0.,0.017,0.,0.,0.,0.016,0.,0.016,0.016,0.,0.016,0.015,0.,0.015
29,0.003,0.,0.003,0.,0.,0.,0.002,0.,0.002,0.002,0.,0.002,0.,0.,0.
30,0.003,0.,0.003,0.,0.,0.,0.002,0.,0.002,0.002,0.,0.002,0.,0.,0.
31,0.003,0.,0.003,0.,0.,0.,0.002,0.,0.002,0.002,0.,0.002,0.,0.,0.
32,0.003,0.,0.003,0.,0.,0.,0.002,0.,0.002,0.002,0.,0.002,0.,0.,0.
33,0.003,0.,0.003,0.,0.,0.,0.002,0.,0.002,0.002,0.,0.002,0.,0.,0.
34,0.003,0.,0.003,0.001,0.,0.001,0.002,0.,0.002,0.002,0.,0.002,0.,0.,0.
35,0.003,0.,0.003,0.001,0.,0.001,0.002,0.,0.002,0.002,0.,0.002,0.,0.,0.
36,0.003,0.,0.003,0.001,0.,0.001,0.002,0.,0.002,0.002,0.,0.002,0.,0.,0.
37,0.005,0.,0.005,0.001,0.,0.001,0.003,0.,0.003,0.003,0.,0.003,0.,0.,0.
38,0.004,0.,0.004,0.001,0.,0.001,0.002,0.,0.002,0.002,0.,0.002,0.,0.,0.
39,0.004,0.,0.004,0.001,0.,0.001,0.002,0.,0.002,0.002,0.,0.002,0.,0.,0.
40,0.004,0.,0.004,0.001,0.,0.001,0.002,0.,0.002,0.002,0.,0.002,0.,0.,0.
41,0.004,0.,0.004,0.001,0.,0.001,0.002,0.,0.002,0.002,0.,0.002,0.,0.,0.
42,0.004,0.,0.004,0.001,0.,0.001,0.003,0.,0.003,0.003,0.,0.003,0.,0.,0.
43,0.004,0.,0.004,0.001,0.,0.001,0.003,0.,0.003,0.003,0.,0.003,0.,0.,0.
44,0.005,0.,0.005,0.001,0.,0.001,0.003,0.,0.003,0.003,0.,0.003,0.,0.,0.
45,0.005,0.,0.005,0.001,0.,0.001,0.003,0.,0.003,0.003,0.,0.003,0.,0.,0.
46,0.005,0.,0.005,0.001,0.,0.001,0.003,0.,0.003,0.003,0.,0.003,0.,0.,0.
47,0.005,0.,0.005,0.001,0.,0.001,0.003,0.,0.003,0.003,0.,0.003,0.,0.,0.
48,0.005,0.,0.005,0.001,0.,0.001,0.003,0.,0.003,0.003,0.,0.003,0.,0.,0.
49,0.005,0.,0.005,0.001,0.,0.001,0.003,0.,0.003,0.003,0.,0.003,0.,0.,0.
50,0.007,0.002,0.005,0.002,0.002,0.,0.004,0.,0.004,0.004,0.,0.004,0.,0.,0.
51,0.007,0.,0.007,0.002,0.,0.002,0.004,0.,0.004,0.004,0.,0.004,0.,0.,0.
52,0.006,0.,0.006,0.002,0.,0.002,0.003,0.,0.003,0.003,0.,0.003,0.,0.,0.
53,0.006,0.,0.006,0.002,0.,0.002,0.004,0.,0.004,0.004,0.,0.004,0.,0.,0.
54,0.006,0.,0.006,0.002,0.,0.002,0.004,0.,0.004,0.004,0.,0.004,0.,0.,0.
55,0.006,0.,0.006,0.002,0.,0.002,0.004,0.,0.004,0.004,0.,0.004,0.,0.,0.
56,0.007,0.,0.007,0.002,0.,0.002,0.004,0.,0.004,0.004,0.,0.004,0.,0.,0.
57,0.007,0.,0.007,0.002,0.,0.002,0.004,0.,0.004,0.004,0.,0.004,0.,0.,0.
58,0.007,0.,0.007,0.002,0.,0.002,0.004,0.,0.004,0.004,0.,0.004,0.,0.,0.
59,0.007,0.,0.007,0.002,0.,0.002,0.004,0.,0.004,0.004,0.,0.004,0.,0.,0.
60,0.007,0.,0.007,0.002,0.,0.002,0.004,0.,0.004,0.004,0.,0.004,0.,0.,0.
61,0.008,0.,0.008,0.003,0.,0.003,0.004,0.,0.004,0.004,0.,0.004,0.,0.,0.
62,0.008,0.,0.008,0.003,0.,0.003,0.004,0.,0.004,0.004,0.,0.004,0.,0.,0.
63,0.008,0.,0.008,0.003,0.,0.003,0.004,0.,0.004,0.004,0.,0.004,0.,0.,0.
64,0.008,0.,0.008,0.003,0.,0.003,0.004,0.,0.004,0.004,0.,0.004,0.,0.,0.
65,0.008,0.,0.008,0.003,0.,0.003,0.005,0.,0.005,0.005,0.,0.005,0.,0.,0.
66,0.015,0.,0.015,0.003,0.,0.003,0.011,0.,0.011,0.011,0.,0.011,0.,0.,0.
67,0.009,0.,0.009,0.003,0.,0.003,0.005,0.,0.005,0.005,0.,0.005,0.,0.,0.
68,0.009,0.,0.009,0.003,0.,0.003,0.005,0.,0.005,0.005,0.,0.005,0.,0.,0.
69,0.009,0.,0.009,0.003,0.,0.003,0.005,0.,0.005,0.005,0.,0.005,0.,0.,0.
70,0.01,0.,0.01,0.003,0.,0.003,0.005,0.,0.005,0.005,0.,0.005,0.,0.,0.
71,0.01,0.,0.01,0.004,0.,0.004,0.005,0.,0.005,0.005,0.,0.005,0.,0.,0.
72,0.01,0.,0.01,0.004,0.,0.004,0.005,0.,0.005,0.005,0.,0.005,0.,0.,0.
73,0.011,0.,0.011,0.004,0.,0.004,0.005,0.,0.005,0.005,0.,0.005,0.,0.,0.
74,0.01,0.,0.01,0.004,0.,0.004,0.006,0.,0.006,0.006,0.,0.006,0.,0.,0.
75,0.011,0.,0.011,0.004,0.,0.004,0.006,0.,0.006,0.006,0.,0.006,0.,0.,0.
76,0.011,0.,0.011,0.004,0.,0.004,0.006,0.,0.006,0.006,0.,0.006,0.,0.,0.
77,0.07,0.,0.07,0.004,0.,0.004,0.065,0.,0.065,0.065,0.,0.065,0.,0.,0.
78,0.012,0.,0.012,0.005,0.,0.005,0.006,0.,0.006,0.006,0.,0.006,0.,0.,0.
79,0.012,0.,0.012,0.005,0.,0.005,0.006,0.,0.006,0.006,0.,0.006,0.,0.,0.
80,0.013,0.,0.013,0.005,0.,0.005,0.006,0.,0.006,0.006,0.,0.006,0.,0.,0.
81,0.012,0.,0.012,0.005,0.,0.005,0.006,0.,0.006,0.006,0.,0.006,0.,0.,0.
82,0.012,0.,0.012,0.005,0.,0.005,0.006,0.,0.006,0.006,0.,0.006,0.,0.,0.
83,0.012,0.,0.012,0.005,0.,0.005,0.006,0.,0.006,0.006,0.,0.006,0.,0.,0.
84,0.042,0.,0.042,0.005,0.,0.005,0.036,0.,0.036,0.036,0.,0.036,0.,0.,0.
85,0.013,0.,0.013,0.005,0.,0.005,0.007,0.,0.007,0.007,0.,0.007,0.,0.,0.
86,0.013,0.,0.013,0.006,0.,0.006,0.007,0.,0.007,0.007,0.,0.007,0.,0.,0.
87,0.015,0.,0.015,0.006,0.,0.006,0.007,0.,0.007,0.007,0.,0.007,0.,0.,0.
88,0.014,0.,0.014,0.006,0.,0.006,0.007,0.,0.007,0.007,0.,0.007,0.,0.,0.
89,0.014,0.,0.014,0.006,0.,0.006,0.007,0.,0.007,0.007,0.,0.007,0.,0.,0.
90,0.03,0.,0.03,0.006,0.,0.006,0.022,0.,0.022,0.022,0.,0.022,0.,0.,0.
91,0.015,0.,0.015,0.006,0.,0.006,0.007,0.,0.007,0.007,0.,0.007,0.,0.,0.
92,0.015,0.,0.015,0.007,0.,0.007,0.007,0.,0.007,0.007,0.,0.007,0.,0.,0.
93,0.015,0.,0.015,0.007,0.,0.007,0.007,0.,0.007,0.007,0.,0.007,0.,0.,0.
94,0.016,0.,0.016,0.007,0.,0.007,0.008,0.,0.008,0.008,0.,0.008,0.,0.,0.
95,0.016,0.,0.016,0.007,0.,0.007,0.008,0.,0.008,0.008,0.,0.008,0.,0.,0.
96,0.016,0.,0.016,0.007,0.,0.007,0.008,0.,0.008,0.008,0.,0.008,0.,0.,0.
97,0.017,0.,0.017,0.008,0.,0.008,0.008,0.,0.008,0.008,0.,0.008,0.,0.,0.
98,0.018,0.,0.018,0.008,0.,0.008,0.009,0.,0.009,0.009,0.,0.009,0.,0.,0.
99,0.017,0.,0.017,0.008,0.,0.008,0.008,0.,0.008,0.008,0.,0.008,0.,0.,0.
100,0.021,0.004,0.016,0.01,0.,0.01,0.011,0.004,0.006,0.01,0.004,0.006,0.001,0.,0.001
110,0.026,0.,0.026,0.015,0.,0.015,0.009,0.,0.009,0.009,0.,0.009,0.,0.,0.
120,0.024,0.,0.024,0.013,0.,0.013,0.011,0.,0.011,0.011,0.,0.011,0.,0.,0.
130,0.03,0.,0.03,0.017,0.,0.017,0.012,0.,0.012,0.012,0.,0.012,0.001,0.,0.001
140,0.033,0.,0.033,0.019,0.,0.019,0.014,0.,0.014,0.014,0.,0.014,0.001,0.,0.001
150,0.079,0.002,0.076,0.022,0.,0.022,0.056,0.002,0.054,0.056,0.002,0.054,0.001,0.,0.001
160,0.053,0.,0.053,0.026,0.,0.026,0.026,0.,0.026,0.026,0.,0.026,0.001,0.,0.001
170,0.051,0.,0.051,0.03,0.,0.03,0.019,0.,0.019,0.019,0.,0.019,0.001,0.,0.001
180,0.06,0.,0.06,0.038,0.,0.038,0.021,0.,0.021,0.021,0.,0.021,0.001,0.,0.001
190,0.13,0.,0.13,0.106,0.,0.106,0.023,0.,0.023,0.023,0.,0.023,0.001,0.,0.001
200,0.085,0.,0.085,0.046,0.,0.046,0.038,0.,0.038,0.038,0.,0.038,0.001,0.,0.001
210,0.085,0.003,0.081,0.057,0.003,0.054,0.026,0.,0.026,0.026,0.,0.026,0.001,0.,0.001
220,0.124,0.,0.124,0.095,0.,0.095,0.028,0.,0.028,0.028,0.,0.028,0.001,0.,0.001
230,0.099,0.,0.099,0.068,0.,0.068,0.03,0.,0.03,0.03,0.,0.03,0.001,0.,0.001
240,0.121,0.,0.121,0.075,0.,0.075,0.045,0.,0.045,0.045,0.,0.045,0.001,0.,0.001
250,0.129,0.,0.128,0.091,0.,0.091,0.037,0.,0.037,0.037,0.,0.037,0.001,0.,0.001
260,0.131,0.,0.131,0.093,0.,0.093,0.036,0.,0.036,0.036,0.,0.036,0.002,0.,0.002
270,0.144,0.003,0.14,0.102,0.,0.102,0.041,0.003,0.037,0.041,0.003,0.037,0.006,0.003,0.002
280,0.16,0.,0.16,0.119,0.,0.119,0.04,0.,0.04,0.04,0.,0.04,0.002,0.,0.002
290,0.188,0.004,0.184,0.143,0.003,0.14,0.044,0.,0.044,0.044,0.,0.044,0.002,0.,0.002
300,0.195,0.,0.195,0.149,0.,0.149,0.045,0.,0.045,0.045,0.,0.045,0.002,0.,0.002
310,0.204,0.,0.204,0.153,0.,0.153,0.049,0.,0.049,0.049,0.,0.049,0.002,0.,0.002
320,0.218,0.,0.218,0.167,0.,0.167,0.05,0.,0.05,0.05,0.,0.05,0.003,0.,0.003
330,0.245,0.007,0.237,0.19,0.007,0.182,0.053,0.,0.053,0.053,0.,0.053,0.003,0.,0.003
340,0.273,0.,0.273,0.213,0.,0.213,0.059,0.,0.059,0.059,0.,0.059,0.003,0.,0.003
350,0.286,0.,0.286,0.223,0.,0.223,0.062,0.,0.062,0.062,0.,0.062,0.003,0.,0.003
360,0.296,0.,0.296,0.232,0.,0.232,0.063,0.,0.063,0.063,0.,0.063,0.003,0.,0.003
370,0.323,0.,0.323,0.255,0.,0.255,0.067,0.,0.067,0.067,0.,0.067,0.003,0.,0.003
380,0.36,0.,0.36,0.273,0.,0.273,0.086,0.,0.086,0.086,0.,0.086,0.003,0.,0.003
390,0.374,0.,0.374,0.295,0.,0.295,0.078,0.,0.078,0.078,0.,0.078,0.003,0.,0.003
400,0.396,0.,0.396,0.32,0.,0.32,0.076,0.,0.076,0.076,0.,0.076,0.003,0.,0.003
500,0.724,0.,0.724,0.609,0.,0.609,0.114,0.,0.114,0.114,0.,0.114,0.004,0.,0.004
600,1.183,0.003,1.179,1.017,0.,1.017,0.165,0.003,0.161,0.165,0.003,0.161,0.004,0.,0.004
700,1.758,0.019,1.738,1.534,0.015,1.518,0.223,0.003,0.219,0.223,0.003,0.219,0.005,0.,0.005
800,2.512,0.012,2.5,2.243,0.011,2.231,0.268,0.,0.268,0.268,0.,0.268,0.006,0.,0.006
900,3.515,0.007,3.506,3.179,0.007,3.17,0.335,0.,0.335,0.335,0.,0.335,0.007,0.,0.007
1000,4.7,0.,4.7,4.257,0.,4.257,0.442,0.,0.442,0.442,0.,0.442,0.008,0.,0.008