param-n,abstract-regression-quadratic-real,abstract-regression-quadratic-sys,abstract-regression-quadratic-user,build-I-regression-linear-real,build-I-regression-linear-sys,build-I-regression-linear-user,build-admit-cast-regression-linear-real,build-admit-cast-regression-linear-sys,build-admit-cast-regression-linear-user,build-admit-regression-linear-real,build-admit-regression-linear-sys,build-admit-regression-linear-user,build-eval-thunk-regression-linear-real,build-eval-thunk-regression-linear-sys,build-eval-thunk-regression-linear-user,build-pf-cast-regression-linear-real,build-pf-cast-regression-linear-sys,build-pf-cast-regression-linear-user,build-thunk-regression-linear-real,build-thunk-regression-linear-sys,build-thunk-regression-linear-user,check-I-regression-linear-real,check-I-regression-linear-sys,check-I-regression-linear-user,check-admit-cast-regression-quadratic-real,check-admit-cast-regression-quadratic-sys,check-admit-cast-regression-quadratic-user,check-admit-regression-quadratic-real,check-admit-regression-quadratic-sys,check-admit-regression-quadratic-user,check-pf-cast-regression-quadratic-real,check-pf-cast-regression-quadratic-sys,check-pf-cast-regression-quadratic-user,close-abstract-regression-quadratic-real,close-abstract-regression-quadratic-sys,close-abstract-regression-quadratic-user,eval-thunk-regression-linear-real,eval-thunk-regression-linear-sys,eval-thunk-regression-linear-user,fast-rewrite-regression-quadratic-real,fast-rewrite-regression-quadratic-sys,fast-rewrite-regression-quadratic-user,refine-regression-quadratic-regression-linear-real,refine-regression-quadratic-regression-linear-sys,refine-regression-quadratic-regression-linear-user,type-I-regression-linear-real,type-I-regression-linear-sys,type-I-regression-linear-user,type-admit-cast-regression-quadratic-real,type-admit-cast-regression-quadratic-sys,type-admit-cast-regression-quadratic-user,type-admit-regression-quadratic-real,type-admit-regression-quadratic-sys,type-admit-regression-quadratic-user,type-pf-cast-regression-quadratic-real,type-pf-cast-regression-quadratic-sys,type-pf-cast-regression-quadratic-user
1,0.001,0.,0.001,0.,0.,0.,0.,0.,0.,0.,0.,0.,0.,0.,0.,0.,0.,0.,0.,0.,0.,0.,0.,0.,0.,0.,0.,0.,0.,0.,0.,0.,0.,0.,0.,0.,0.,0.,0.,0.,0.,0.,0.,0.,0.,0.,0.,0.,0.,0.,0.,0.,0.,0.,0.,0.,0.
2,0.001,0.,0.001,0.,0.,0.,0.,0.,0.,0.,0.,0.,0.,0.,0.,0.,0.,0.,0.,0.,0.,0.,0.,0.,0.,0.,0.,0.,0.,0.,0.,0.,0.,0.,0.,0.,0.,0.,0.,0.001,0.,0.001,0.,0.,0.,0.,0.,0.,0.,0.,0.,0.,0.,0.,0.,0.,0.
3,0.001,0.,0.001,0.,0.,0.,0.,0.,0.,0.,0.,0.,0.,0.,0.,0.,0.,0.,0.,0.,0.,0.,0.,0.,0.,0.,0.,0.,0.,0.,0.,0.,0.,0.,0.,0.,0.,0.,0.,0.001,0.,0.001,0.,0.,0.,0.,0.,0.,0.,0.,0.,0.,0.,0.,0.,0.,0.
4,0.053,0.,0.052,0.,0.,0.,0.,0.,0.,0.,0.,0.,0.,0.,0.,0.,0.,0.,0.,0.,0.,0.051,0.,0.051,0.,0.,0.,0.,0.,0.,0.,0.,0.,0.,0.,0.,0.,0.,0.,0.052,0.,0.052,0.,0.,0.,0.,0.,0.,0.,0.,0.,0.,0.,0.,0.,0.,0.
5,0.001,0.,0.001,0.,0.,0.,0.,0.,0.,0.,0.,0.,0.,0.,0.,0.,0.,0.,0.,0.,0.,0.,0.,0.,0.,0.,0.,0.,0.,0.,0.,0.,0.,0.,0.,0.,0.,0.,0.,0.001,0.,0.001,0.,0.,0.,0.,0.,0.,0.,0.,0.,0.,0.,0.,0.,0.,0.
6,0.001,0.,0.001,0.,0.,0.,0.,0.,0.,0.,0.,0.,0.,0.,0.,0.,0.,0.,0.,0.,0.,0.,0.,0.,0.,0.,0.,0.,0.,0.,0.,0.,0.,0.,0.,0.,0.,0.,0.,0.001,0.,0.001,0.,0.,0.,0.,0.,0.,0.,0.,0.,0.,0.,0.,0.,0.,0.
7,0.002,0.,0.002,0.,0.,0.,0.,0.,0.,0.,0.,0.,0.,0.,0.,0.,0.,0.,0.,0.,0.,0.,0.,0.,0.,0.,0.,0.,0.,0.,0.,0.,0.,0.,0.,0.,0.,0.,0.,0.001,0.,0.001,0.,0.,0.,0.,0.,0.,0.,0.,0.,0.,0.,0.,0.,0.,0.
8,0.002,0.,0.002,0.,0.,0.,0.,0.,0.,0.,0.,0.,0.,0.,0.,0.,0.,0.,0.,0.,0.,0.,0.,0.,0.,0.,0.,0.,0.,0.,0.,0.,0.,0.,0.,0.,0.,0.,0.,0.001,0.,0.001,0.,0.,0.,0.,0.,0.,0.,0.,0.,0.,0.,0.,0.,0.,0.
9,0.002,0.,0.002,0.,0.,0.,0.,0.,0.,0.,0.,0.,0.,0.,0.,0.,0.,0.,0.,0.,0.,0.,0.,0.,0.,0.,0.,0.,0.,0.,0.,0.,0.,0.,0.,0.,0.,0.,0.,0.002,0.,0.002,0.,0.,0.,0.,0.,0.,0.,0.,0.,0.,0.,0.,0.,0.,0.
10,0.002,0.,0.002,0.,0.,0.,0.,0.,0.,0.,0.,0.,0.,0.,0.,0.,0.,0.,0.,0.,0.,0.,0.,0.,0.,0.,0.,0.,0.,0.,0.,0.,0.,0.,0.,0.,0.,0.,0.,0.002,0.,0.002,0.,0.,0.,0.,0.,0.,0.,0.,0.,0.,0.,0.,0.,0.,0.
11,0.002,0.,0.002,0.,0.,0.,0.,0.,0.,0.,0.,0.,0.,0.,0.,0.,0.,0.,0.,0.,0.,0.,0.,0.,0.,0.,0.,0.,0.,0.,0.,0.,0.,0.,0.,0.,0.,0.,0.,0.002,0.,0.002,0.,0.,0.,0.,0.,0.,0.,0.,0.,0.,0.,0.,0.,0.,0.
12,0.003,0.,0.003,0.,0.,0.,0.,0.,0.,0.,0.,0.,0.,0.,0.,0.,0.,0.,0.,0.,0.,0.,0.,0.,0.,0.,0.,0.,0.,0.,0.,0.,0.,0.,0.,0.,0.,0.,0.,0.002,0.,0.002,0.,0.,0.,0.,0.,0.,0.,0.,0.,0.,0.,0.,0.,0.,0.
13,0.003,0.001,0.001,0.,0.,0.,0.,0.,0.,0.,0.,0.,0.,0.,0.,0.,0.,0.,0.,0.,0.,0.,0.,0.,0.,0.,0.,0.,0.,0.,0.,0.,0.,0.,0.,0.,0.,0.,0.,0.002,0.,0.001,0.,0.,0.,0.,0.,0.,0.,0.,0.,0.,0.,0.,0.,0.,0.
14,0.003,0.002,0.001,0.,0.,0.,0.,0.,0.,0.,0.,0.,0.,0.,0.,0.,0.,0.,0.,0.,0.,0.,0.,0.,0.,0.,0.,0.,0.,0.,0.,0.,0.,0.,0.,0.,0.,0.,0.,0.002,0.002,0.,0.,0.,0.,0.,0.,0.,0.,0.,0.,0.,0.,0.,0.,0.,0.
15,0.003,0.,0.003,0.,0.,0.,0.,0.,0.,0.,0.,0.,0.,0.,0.,0.,0.,0.,0.,0.,0.,0.,0.,0.,0.,0.,0.,0.,0.,0.,0.,0.,0.,0.,0.,0.,0.,0.,0.,0.003,0.,0.003,0.,0.,0.,0.,0.,0.,0.,0.,0.,0.,0.,0.,0.,0.,0.
16,0.018,0.,0.018,0.,0.,0.,0.,0.,0.,0.,0.,0.,0.015,0.,0.015,0.,0.,0.,0.015,0.,0.015,0.,0.,0.,0.,0.,0.,0.,0.,0.,0.,0.,0.,0.,0.,0.,0.,0.,0.,0.018,0.,0.018,0.,0.,0.,0.,0.,0.,0.,0.,0.,0.,0.,0.,0.,0.,0.
17,0.004,0.,0.004,0.,0.,0.,0.,0.,0.,0.,0.,0.,0.,0.,0.,0.,0.,0.,0.,0.,0.,0.,0.,0.,0.,0.,0.,0.,0.,0.,0.,0.,0.,0.,0.,0.,0.,0.,0.,0.003,0.,0.003,0.,0.,0.,0.,0.,0.,0.,0.,0.,0.,0.,0.,0.,0.,0.
18,0.004,0.,0.004,0.,0.,0.,0.,0.,0.,0.,0.,0.,0.,0.,0.,0.,0.,0.,0.,0.,0.,0.,0.,0.,0.,0.,0.,0.,0.,0.,0.,0.,0.,0.,0.,0.,0.,0.,0.,0.003,0.,0.003,0.,0.,0.,0.,0.,0.,0.,0.,0.,0.,0.,0.,0.,0.,0.
19,0.004,0.,0.004,0.,0.,0.,0.,0.,0.,0.,0.,0.,0.,0.,0.,0.,0.,0.,0.,0.,0.,0.,0.,0.,0.,0.,0.,0.,0.,0.,0.,0.,0.,0.,0.,0.,0.,0.,0.,0.003,0.,0.003,0.,0.,0.,0.,0.,0.,0.,0.,0.,0.,0.,0.,0.,0.,0.
20,0.004,0.,0.004,0.,0.,0.,0.,0.,0.,0.,0.,0.,0.,0.,0.,0.,0.,0.,0.,0.,0.,0.,0.,0.,0.,0.,0.,0.,0.,0.,0.,0.,0.,0.,0.,0.,0.,0.,0.,0.004,0.,0.004,0.,0.,0.,0.,0.,0.,0.,0.,0.,0.,0.,0.,0.,0.,0.
21,0.005,0.,0.004,0.,0.,0.,0.,0.,0.,0.,0.,0.,0.001,0.,0.001,0.,0.,0.,0.001,0.,0.001,0.,0.,0.,0.,0.,0.,0.,0.,0.,0.,0.,0.,0.,0.,0.,0.,0.,0.,0.004,0.,0.003,0.,0.,0.,0.,0.,0.,0.,0.,0.,0.,0.,0.,0.,0.,0.
22,0.006,0.002,0.003,0.,0.,0.,0.,0.,0.,0.,0.,0.,0.001,0.001,0.,0.,0.,0.,0.001,0.001,0.,0.,0.,0.,0.,0.,0.,0.,0.,0.,0.,0.,0.,0.,0.,0.,0.,0.,0.,0.005,0.002,0.003,0.,0.,0.,0.,0.,0.,0.,0.,0.,0.,0.,0.,0.001,0.,0.001
23,0.005,0.,0.005,0.,0.,0.,0.,0.,0.,0.,0.,0.,0.001,0.,0.001,0.,0.,0.,0.001,0.,0.001,0.,0.,0.,0.,0.,0.,0.,0.,0.,0.,0.,0.,0.,0.,0.,0.,0.,0.,0.004,0.,0.004,0.,0.,0.,0.,0.,0.,0.,0.,0.,0.,0.,0.,0.,0.,0.
24,0.005,0.,0.005,0.,0.,0.,0.,0.,0.,0.,0.,0.,0.001,0.,0.001,0.,0.,0.,0.001,0.,0.001,0.,0.,0.,0.,0.,0.,0.,0.,0.,0.,0.,0.,0.,0.,0.,0.,0.,0.,0.004,0.,0.004,0.,0.,0.,0.,0.,0.,0.,0.,0.,0.,0.,0.,0.,0.,0.
25,0.005,0.,0.005,0.,0.,0.,0.,0.,0.,0.,0.,0.,0.001,0.,0.001,0.,0.,0.,0.001,0.,0.001,0.,0.,0.,0.,0.,0.,0.,0.,0.,0.,0.,0.,0.,0.,0.,0.,0.,0.,0.005,0.,0.005,0.,0.,0.,0.,0.,0.,0.,0.,0.,0.,0.,0.,0.,0.,0.
26,0.005,0.,0.005,0.,0.,0.,0.,0.,0.,0.,0.,0.,0.001,0.,0.001,0.,0.,0.,0.001,0.,0.001,0.,0.,0.,0.,0.,0.,0.,0.,0.,0.,0.,0.,0.,0.,0.,0.,0.,0.,0.005,0.,0.005,0.,0.,0.,0.,0.,0.,0.,0.,0.,0.,0.,0.,0.,0.,0.
27,0.006,0.,0.006,0.,0.,0.,0.,0.,0.,0.,0.,0.,0.001,0.,0.001,0.,0.,0.,0.001,0.,0.001,0.,0.,0.,0.,0.,0.,0.,0.,0.,0.,0.,0.,0.,0.,0.,0.,0.,0.,0.005,0.,0.005,0.,0.,0.,0.,0.,0.,0.,0.,0.,0.,0.,0.,0.,0.,0.
28,0.006,0.,0.006,0.,0.,0.,0.,0.,0.,0.,0.,0.,0.001,0.,0.001,0.,0.,0.,0.001,0.,0.001,0.,0.,0.,0.,0.,0.,0.,0.,0.,0.,0.,0.,0.,0.,0.,0.,0.,0.,0.005,0.,0.005,0.,0.,0.,0.,0.,0.,0.,0.,0.,0.,0.,0.,0.,0.,0.
29,0.006,0.,0.006,0.,0.,0.,0.,0.,0.,0.,0.,0.,0.001,0.,0.001,0.,0.,0.,0.001,0.,0.001,0.,0.,0.,0.,0.,0.,0.,0.,0.,0.,0.,0.,0.,0.,0.,0.,0.,0.,0.005,0.,0.005,0.,0.,0.,0.,0.,0.,0.,0.,0.,0.,0.,0.,0.,0.,0.
30,0.006,0.,0.006,0.,0.,0.,0.,0.,0.,0.,0.,0.,0.001,0.,0.001,0.,0.,0.,0.001,0.,0.001,0.,0.,0.,0.,0.,0.,0.,0.,0.,0.,0.,0.,0.,0.,0.,0.,0.,0.,0.005,0.,0.005,0.,0.,0.,0.,0.,0.,0.,0.,0.,0.,0.,0.,0.,0.,0.
31,0.007,0.,0.007,0.,0.,0.,0.,0.,0.,0.,0.,0.,0.001,0.,0.001,0.,0.,0.,0.001,0.,0.001,0.,0.,0.,0.,0.,0.,0.,0.,0.,0.,0.,0.,0.,0.,0.,0.,0.,0.,0.006,0.,0.006,0.,0.,0.,0.,0.,0.,0.,0.,0.,0.,0.,0.,0.,0.,0.
32,0.007,0.,0.007,0.,0.,0.,0.,0.,0.,0.,0.,0.,0.001,0.,0.001,0.,0.,0.,0.001,0.,0.001,0.,0.,0.,0.,0.,0.,0.,0.,0.,0.,0.,0.,0.,0.,0.,0.,0.,0.,0.006,0.,0.006,0.,0.,0.,0.,0.,0.,0.,0.,0.,0.,0.,0.,0.,0.,0.
33,0.007,0.003,0.004,0.,0.,0.,0.,0.,0.,0.,0.,0.,0.001,0.001,0.,0.,0.,0.,0.001,0.001,0.,0.,0.,0.,0.,0.,0.,0.,0.,0.,0.,0.,0.,0.,0.,0.,0.,0.,0.,0.006,0.003,0.003,0.,0.,0.,0.,0.,0.,0.,0.,0.,0.,0.,0.,0.,0.,0.
34,0.007,0.,0.007,0.,0.,0.,0.,0.,0.,0.,0.,0.,0.001,0.,0.001,0.,0.,0.,0.001,0.,0.001,0.,0.,0.,0.,0.,0.,0.,0.,0.,0.,0.,0.,0.,0.,0.,0.,0.,0.,0.006,0.,0.006,0.,0.,0.,0.,0.,0.,0.,0.,0.,0.,0.,0.,0.,0.,0.
35,0.008,0.,0.008,0.,0.,0.,0.,0.,0.,0.,0.,0.,0.001,0.,0.001,0.,0.,0.,0.001,0.,0.001,0.,0.,0.,0.,0.,0.,0.,0.,0.,0.,0.,0.,0.,0.,0.,0.,0.,0.,0.007,0.,0.007,0.,0.,0.,0.,0.,0.,0.,0.,0.,0.,0.,0.,0.,0.,0.
36,0.013,0.,0.013,0.,0.,0.,0.,0.,0.,0.,0.,0.,0.001,0.,0.001,0.,0.,0.,0.001,0.,0.001,0.,0.,0.,0.,0.,0.,0.,0.,0.,0.,0.,0.,0.001,0.,0.001,0.,0.,0.,0.012,0.,0.012,0.,0.,0.,0.005,0.,0.005,0.,0.,0.,0.,0.,0.,0.,0.,0.
37,0.008,0.,0.008,0.,0.,0.,0.,0.,0.,0.,0.,0.,0.001,0.,0.001,0.,0.,0.,0.001,0.,0.001,0.,0.,0.,0.,0.,0.,0.,0.,0.,0.,0.,0.,0.001,0.,0.001,0.,0.,0.,0.007,0.,0.007,0.,0.,0.,0.,0.,0.,0.,0.,0.,0.,0.,0.,0.,0.,0.
38,0.008,0.,0.008,0.,0.,0.,0.,0.,0.,0.,0.,0.,0.001,0.,0.001,0.,0.,0.,0.001,0.,0.001,0.,0.,0.,0.,0.,0.,0.,0.,0.,0.,0.,0.,0.001,0.,0.001,0.,0.,0.,0.007,0.,0.007,0.,0.,0.,0.,0.,0.,0.,0.,0.,0.,0.,0.,0.,0.,0.
39,0.009,0.,0.009,0.,0.,0.,0.,0.,0.,0.,0.,0.,0.001,0.,0.001,0.,0.,0.,0.001,0.,0.001,0.,0.,0.,0.,0.,0.,0.,0.,0.,0.,0.,0.,0.001,0.,0.001,0.,0.,0.,0.007,0.,0.007,0.,0.,0.,0.,0.,0.,0.,0.,0.,0.,0.,0.,0.,0.,0.
40,0.009,0.,0.009,0.,0.,0.,0.,0.,0.,0.,0.,0.,0.001,0.,0.001,0.,0.,0.,0.001,0.,0.001,0.,0.,0.,0.,0.,0.,0.,0.,0.,0.,0.,0.,0.001,0.,0.001,0.,0.,0.,0.008,0.,0.008,0.,0.,0.,0.,0.,0.,0.,0.,0.,0.,0.,0.,0.,0.,0.
41,0.009,0.,0.009,0.,0.,0.,0.,0.,0.,0.,0.,0.,0.001,0.,0.001,0.,0.,0.,0.001,0.,0.001,0.,0.,0.,0.,0.,0.,0.,0.,0.,0.,0.,0.,0.001,0.,0.001,0.,0.,0.,0.008,0.,0.008,0.,0.,0.,0.,0.,0.,0.,0.,0.,0.,0.,0.,0.,0.,0.
42,0.01,0.,0.01,0.,0.,0.,0.,0.,0.,0.,0.,0.,0.002,0.,0.002,0.,0.,0.,0.001,0.,0.001,0.,0.,0.,0.,0.,0.,0.,0.,0.,0.,0.,0.,0.001,0.,0.001,0.,0.,0.,0.008,0.,0.008,0.,0.,0.,0.,0.,0.,0.,0.,0.,0.,0.,0.,0.,0.,0.
43,0.016,0.,0.016,0.,0.,0.,0.,0.,0.,0.,0.,0.,0.008,0.,0.008,0.,0.,0.,0.008,0.,0.008,0.,0.,0.,0.,0.,0.,0.,0.,0.,0.,0.,0.,0.001,0.,0.001,0.,0.,0.,0.015,0.,0.015,0.,0.,0.,0.,0.,0.,0.,0.,0.,0.,0.,0.,0.,0.,0.
44,0.01,0.,0.01,0.,0.,0.,0.,0.,0.,0.,0.,0.,0.002,0.,0.002,0.,0.,0.,0.002,0.,0.002,0.,0.,0.,0.,0.,0.,0.,0.,0.,0.,0.,0.,0.001,0.,0.001,0.,0.,0.,0.008,0.,0.008,0.,0.,0.,0.,0.,0.,0.,0.,0.,0.,0.,0.,0.,0.,0.
45,0.01,0.,0.01,0.,0.,0.,0.,0.,0.,0.,0.,0.,0.002,0.,0.002,0.,0.,0.,0.002,0.,0.002,0.,0.,0.,0.,0.,0.,0.,0.,0.,0.,0.,0.,0.001,0.,0.001,0.,0.,0.,0.009,0.,0.009,0.,0.,0.,0.,0.,0.,0.,0.,0.,0.,0.,0.,0.,0.,0.
46,0.011,0.,0.011,0.,0.,0.,0.,0.,0.,0.,0.,0.,0.002,0.,0.002,0.,0.,0.,0.002,0.,0.002,0.,0.,0.,0.,0.,0.,0.,0.,0.,0.,0.,0.,0.001,0.,0.001,0.,0.,0.,0.009,0.,0.009,0.,0.,0.,0.,0.,0.,0.,0.,0.,0.,0.,0.,0.,0.,0.
47,0.011,0.,0.011,0.,0.,0.,0.,0.,0.,0.,0.,0.,0.002,0.,0.002,0.,0.,0.,0.002,0.,0.002,0.,0.,0.,0.,0.,0.,0.,0.,0.,0.,0.,0.,0.001,0.,0.001,0.,0.,0.,0.009,0.,0.009,0.,0.,0.,0.,0.,0.,0.,0.,0.,0.,0.,0.,0.,0.,0.
48,0.011,0.,0.011,0.,0.,0.,0.,0.,0.,0.,0.,0.,0.002,0.,0.002,0.,0.,0.,0.002,0.,0.002,0.,0.,0.,0.,0.,0.,0.,0.,0.,0.,0.,0.,0.001,0.,0.001,0.,0.,0.,0.009,0.,0.009,0.,0.,0.,0.,0.,0.,0.,0.,0.,0.,0.,0.,0.,0.,0.
49,0.012,0.,0.012,0.,0.,0.,0.,0.,0.,0.,0.,0.,0.002,0.,0.002,0.,0.,0.,0.002,0.,0.002,0.,0.,0.,0.,0.,0.,0.,0.,0.,0.,0.,0.,0.001,0.,0.001,0.,0.,0.,0.01,0.,0.01,0.,0.,0.,0.,0.,0.,0.,0.,0.,0.,0.,0.,0.,0.,0.
50,0.015,0.004,0.011,0.,0.,0.,0.,0.,0.,0.,0.,0.,0.003,0.003,0.,0.,0.,0.,0.003,0.003,0.,0.,0.,0.,0.001,0.,0.001,0.001,0.,0.001,0.001,0.,0.001,0.001,0.,0.001,0.,0.,0.,0.013,0.004,0.009,0.001,0.,0.001,0.,0.,0.,0.001,0.,0.001,0.,0.,0.,0.001,0.,0.001
51,0.012,0.,0.012,0.,0.,0.,0.,0.,0.,0.,0.,0.,0.002,0.,0.002,0.,0.,0.,0.002,0.,0.002,0.,0.,0.,0.,0.,0.,0.,0.,0.,0.,0.,0.,0.001,0.,0.001,0.,0.,0.,0.01,0.,0.01,0.,0.,0.,0.,0.,0.,0.,0.,0.,0.,0.,0.,0.,0.,0.
52,0.073,0.003,0.069,0.,0.,0.,0.,0.,0.,0.,0.,0.,0.002,0.,0.002,0.,0.,0.,0.002,0.,0.002,0.,0.,0.,0.,0.,0.,0.,0.,0.,0.,0.,0.,0.001,0.,0.001,0.,0.,0.,0.071,0.003,0.067,0.,0.,0.,0.,0.,0.,0.,0.,0.,0.,0.,0.,0.061,0.001,0.059
53,0.012,0.,0.012,0.,0.,0.,0.,0.,0.,0.,0.,0.,0.002,0.,0.002,0.,0.,0.,0.002,0.,0.002,0.,0.,0.,0.,0.,0.,0.,0.,0.,0.,0.,0.,0.001,0.,0.001,0.,0.,0.,0.01,0.,0.01,0.,0.,0.,0.,0.,0.,0.,0.,0.,0.,0.,0.,0.,0.,0.
54,0.013,0.,0.013,0.,0.,0.,0.,0.,0.,0.,0.,0.,0.002,0.,0.002,0.,0.,0.,0.002,0.,0.002,0.,0.,0.,0.,0.,0.,0.,0.,0.,0.,0.,0.,0.001,0.,0.001,0.,0.,0.,0.011,0.,0.011,0.,0.,0.,0.,0.,0.,0.,0.,0.,0.,0.,0.,0.,0.,0.
55,0.014,0.,0.014,0.,0.,0.,0.,0.,0.,0.,0.,0.,0.002,0.,0.002,0.,0.,0.,0.002,0.,0.002,0.001,0.,0.001,0.,0.,0.,0.,0.,0.,0.001,0.,0.001,0.001,0.,0.001,0.,0.,0.,0.011,0.,0.011,0.001,0.,0.001,0.,0.,0.,0.,0.,0.,0.,0.,0.,0.,0.,0.
56,0.013,0.,0.013,0.,0.,0.,0.,0.,0.,0.,0.,0.,0.002,0.,0.002,0.,0.,0.,0.002,0.,0.002,0.,0.,0.,0.001,0.,0.001,0.,0.,0.,0.001,0.,0.001,0.001,0.,0.001,0.,0.,0.,0.011,0.,0.011,0.001,0.,0.001,0.,0.,0.,0.001,0.,0.001,0.,0.,0.,0.001,0.,0.001
57,0.044,0.,0.044,0.,0.,0.,0.,0.,0.,0.,0.,0.,0.002,0.,0.002,0.,0.,0.,0.002,0.,0.002,0.,0.,0.,0.001,0.,0.001,0.,0.,0.,0.03,0.,0.03,0.001,0.,0.001,0.,0.,0.,0.041,0.,0.041,0.001,0.,0.001,0.,0.,0.,0.001,0.,0.001,0.,0.,0.,0.001,0.,0.001
58,0.014,0.,0.014,0.,0.,0.,0.,0.,0.,0.,0.,0.,0.002,0.,0.002,0.,0.,0.,0.002,0.,0.002,0.,0.,0.,0.001,0.,0.001,0.,0.,0.,0.001,0.,0.001,0.001,0.,0.001,0.,0.,0.,0.012,0.,0.012,0.001,0.,0.001,0.,0.,0.,0.001,0.,0.001,0.,0.,0.,0.001,0.,0.001
59,0.014,0.,0.014,0.,0.,0.,0.,0.,0.,0.,0.,0.,0.002,0.,0.002,0.,0.,0.,0.002,0.,0.002,0.,0.,0.,0.001,0.,0.001,0.001,0.,0.001,0.001,0.,0.001,0.001,0.,0.001,0.,0.,0.,0.012,0.,0.012,0.001,0.,0.001,0.,0.,0.,0.001,0.,0.001,0.001,0.,0.001,0.001,0.,0.001
60,0.015,0.,0.015,0.,0.,0.,0.,0.,0.,0.,0.,0.,0.003,0.,0.003,0.,0.,0.,0.003,0.,0.003,0.,0.,0.,0.001,0.,0.001,0.001,0.,0.001,0.001,0.,0.001,0.002,0.,0.002,0.,0.,0.,0.013,0.,0.013,0.001,0.,0.001,0.,0.,0.,0.001,0.,0.001,0.001,0.,0.001,0.001,0.,0.001
61,0.015,0.,0.015,0.,0.,0.,0.,0.,0.,0.,0.,0.,0.003,0.,0.003,0.,0.,0.,0.002,0.,0.002,0.,0.,0.,0.001,0.,0.001,0.001,0.,0.001,0.001,0.,0.001,0.002,0.,0.002,0.,0.,0.,0.013,0.,0.013,0.001,0.,0.001,0.,0.,0.,0.001,0.,0.001,0.001,0.,0.001,0.001,0.,0.001
62,0.034,0.,0.034,0.,0.,0.,0.,0.,0.,0.,0.,0.,0.002,0.,0.002,0.,0.,0.,0.002,0.,0.002,0.018,0.,0.018,0.001,0.,0.001,0.001,0.,0.001,0.001,0.,0.001,0.002,0.,0.002,0.,0.,0.,0.031,0.,0.031,0.001,0.,0.001,0.,0.,0.,0.001,0.,0.001,0.001,0.,0.001,0.001,0.,0.001
63,0.016,0.,0.016,0.,0.,0.,0.,0.,0.,0.,0.,0.,0.003,0.,0.003,0.,0.,0.,0.002,0.,0.002,0.,0.,0.,0.001,0.,0.001,0.001,0.,0.001,0.001,0.,0.001,0.002,0.,0.002,0.,0.,0.,0.013,0.,0.013,0.001,0.,0.001,0.,0.,0.,0.001,0.,0.001,0.001,0.,0.001,0.001,0.,0.001
64,0.017,0.,0.017,0.,0.,0.,0.,0.,0.,0.,0.,0.,0.003,0.,0.003,0.,0.,0.,0.002,0.,0.002,0.,0.,0.,0.001,0.,0.001,0.001,0.,0.001,0.001,0.,0.001,0.002,0.,0.002,0.,0.,0.,0.014,0.,0.014,0.001,0.,0.001,0.,0.,0.,0.001,0.,0.001,0.001,0.,0.001,0.001,0.,0.001
65,0.017,0.,0.017,0.,0.,0.,0.,0.,0.,0.,0.,0.,0.003,0.,0.003,0.,0.,0.,0.003,0.,0.003,0.,0.,0.,0.001,0.,0.001,0.001,0.,0.001,0.001,0.,0.001,0.002,0.,0.002,0.,0.,0.,0.014,0.,0.014,0.001,0.,0.001,0.,0.,0.,0.001,0.,0.001,0.001,0.,0.001,0.001,0.,0.001
66,0.017,0.,0.017,0.,0.,0.,0.,0.,0.,0.,0.,0.,0.003,0.,0.003,0.,0.,0.,0.003,0.,0.003,0.,0.,0.,0.001,0.,0.001,0.001,0.,0.001,0.001,0.,0.001,0.002,0.,0.002,0.,0.,0.,0.014,0.,0.014,0.001,0.,0.001,0.,0.,0.,0.001,0.,0.001,0.001,0.,0.001,0.001,0.,0.001
67,0.017,0.,0.017,0.,0.,0.,0.,0.,0.,0.,0.,0.,0.003,0.,0.003,0.,0.,0.,0.003,0.,0.003,0.,0.,0.,0.001,0.,0.001,0.001,0.,0.001,0.001,0.,0.001,0.002,0.,0.002,0.,0.,0.,0.014,0.,0.014,0.001,0.,0.001,0.,0.,0.,0.001,0.,0.001,0.001,0.,0.001,0.001,0.,0.001
68,0.018,0.,0.018,0.,0.,0.,0.,0.,0.,0.,0.,0.,0.003,0.,0.003,0.,0.,0.,0.003,0.,0.003,0.,0.,0.,0.001,0.,0.001,0.001,0.,0.001,0.001,0.,0.001,0.002,0.,0.002,0.,0.,0.,0.015,0.,0.015,0.001,0.,0.001,0.,0.,0.,0.001,0.,0.001,0.001,0.,0.001,0.001,0.,0.001
69,0.018,0.,0.018,0.,0.,0.,0.,0.,0.,0.,0.,0.,0.003,0.,0.003,0.,0.,0.,0.003,0.,0.003,0.,0.,0.,0.001,0.,0.001,0.001,0.,0.001,0.001,0.,0.001,0.002,0.,0.002,0.,0.,0.,0.015,0.,0.015,0.001,0.,0.001,0.,0.,0.,0.001,0.,0.001,0.001,0.,0.001,0.001,0.,0.001
70,0.023,0.,0.023,0.,0.,0.,0.,0.,0.,0.,0.,0.,0.003,0.,0.003,0.,0.,0.,0.003,0.,0.003,0.,0.,0.,0.006,0.,0.006,0.001,0.,0.001,0.001,0.,0.001,0.002,0.,0.002,0.,0.,0.,0.02,0.,0.02,0.001,0.,0.001,0.,0.,0.,0.001,0.,0.001,0.001,0.,0.001,0.001,0.,0.001
71,0.019,0.,0.019,0.,0.,0.,0.,0.,0.,0.,0.,0.,0.003,0.,0.003,0.,0.,0.,0.003,0.,0.003,0.,0.,0.,0.001,0.,0.001,0.001,0.,0.001,0.001,0.,0.001,0.002,0.,0.002,0.,0.,0.,0.016,0.,0.016,0.001,0.,0.001,0.,0.,0.,0.001,0.,0.001,0.001,0.,0.001,0.001,0.,0.001
72,0.02,0.,0.02,0.,0.,0.,0.,0.,0.,0.,0.,0.,0.003,0.,0.003,0.,0.,0.,0.003,0.,0.003,0.,0.,0.,0.001,0.,0.001,0.001,0.,0.001,0.001,0.,0.001,0.002,0.,0.002,0.,0.,0.,0.017,0.,0.017,0.001,0.,0.001,0.,0.,0.,0.001,0.,0.001,0.002,0.,0.002,0.001,0.,0.001
73,0.019,0.,0.019,0.,0.,0.,0.,0.,0.,0.,0.,0.,0.003,0.,0.003,0.,0.,0.,0.003,0.,0.003,0.,0.,0.,0.001,0.,0.001,0.001,0.,0.001,0.001,0.,0.001,0.002,0.,0.002,0.,0.,0.,0.016,0.,0.016,0.001,0.,0.001,0.,0.,0.,0.001,0.,0.001,0.001,0.,0.001,0.001,0.,0.001
74,0.026,0.,0.026,0.,0.,0.,0.,0.,0.,0.,0.,0.,0.003,0.,0.003,0.,0.,0.,0.003,0.,0.003,0.,0.,0.,0.001,0.,0.001,0.001,0.,0.001,0.001,0.,0.001,0.002,0.,0.002,0.,0.,0.,0.023,0.,0.023,0.001,0.,0.001,0.007,0.,0.007,0.001,0.,0.001,0.001,0.,0.001,0.001,0.,0.001
75,0.02,0.,0.02,0.,0.,0.,0.,0.,0.,0.,0.,0.,0.003,0.,0.003,0.,0.,0.,0.003,0.,0.003,0.,0.,0.,0.001,0.,0.001,0.001,0.,0.001,0.001,0.,0.001,0.002,0.,0.002,0.,0.,0.,0.017,0.,0.017,0.001,0.,0.001,0.,0.,0.,0.001,0.,0.001,0.001,0.,0.001,0.001,0.,0.001
76,0.021,0.,0.021,0.,0.,0.,0.,0.,0.,0.,0.,0.,0.003,0.,0.003,0.,0.,0.,0.003,0.,0.003,0.,0.,0.,0.001,0.,0.001,0.001,0.,0.001,0.001,0.,0.001,0.002,0.,0.002,0.,0.,0.,0.017,0.,0.017,0.001,0.,0.001,0.,0.,0.,0.001,0.,0.001,0.001,0.,0.001,0.001,0.,0.001
77,0.022,0.,0.022,0.,0.,0.,0.,0.,0.,0.,0.,0.,0.003,0.,0.003,0.,0.,0.,0.003,0.,0.003,0.,0.,0.,0.001,0.,0.001,0.001,0.,0.001,0.001,0.,0.001,0.003,0.,0.003,0.,0.,0.,0.018,0.,0.018,0.001,0.,0.001,0.,0.,0.,0.001,0.,0.001,0.001,0.,0.001,0.001,0.,0.001
78,0.021,0.,0.021,0.,0.,0.,0.,0.,0.,0.,0.,0.,0.003,0.,0.003,0.,0.,0.,0.003,0.,0.003,0.,0.,0.,0.001,0.,0.001,0.001,0.,0.001,0.001,0.,0.001,0.003,0.,0.003,0.,0.,0.,0.018,0.,0.018,0.001,0.,0.001,0.,0.,0.,0.001,0.,0.001,0.001,0.,0.001,0.001,0.,0.001
79,0.082,0.,0.082,0.,0.,0.,0.,0.,0.,0.,0.,0.,0.003,0.,0.003,0.06,0.,0.06,0.003,0.,0.003,0.,0.,0.,0.001,0.,0.001,0.001,0.,0.001,0.001,0.,0.001,0.003,0.,0.003,0.,0.,0.,0.079,0.,0.079,0.001,0.,0.001,0.,0.,0.,0.001,0.,0.001,0.001,0.,0.001,0.001,0.,0.001
80,0.021,0.,0.021,0.,0.,0.,0.,0.,0.,0.,0.,0.,0.003,0.,0.003,0.,0.,0.,0.003,0.,0.003,0.,0.,0.,0.001,0.,0.001,0.001,0.,0.001,0.001,0.,0.001,0.003,0.,0.003,0.,0.,0.,0.018,0.,0.018,0.001,0.,0.001,0.,0.,0.,0.001,0.,0.001,0.001,0.,0.001,0.001,0.,0.001
81,0.022,0.,0.022,0.,0.,0.,0.,0.,0.,0.001,0.,0.001,0.003,0.,0.003,0.,0.,0.,0.003,0.,0.003,0.,0.,0.,0.001,0.,0.001,0.001,0.,0.001,0.001,0.,0.001,0.003,0.,0.003,0.,0.,0.,0.019,0.,0.019,0.001,0.,0.001,0.,0.,0.,0.001,0.,0.001,0.001,0.,0.001,0.001,0.,0.001
82,0.022,0.,0.022,0.,0.,0.,0.,0.,0.,0.,0.,0.,0.003,0.,0.003,0.,0.,0.,0.003,0.,0.003,0.,0.,0.,0.001,0.,0.001,0.001,0.,0.001,0.001,0.,0.001,0.003,0.,0.003,0.,0.,0.,0.018,0.,0.018,0.001,0.,0.001,0.,0.,0.,0.001,0.,0.001,0.001,0.,0.001,0.001,0.,0.001
83,0.052,0.,0.052,0.,0.,0.,0.,0.,0.,0.,0.,0.,0.033,0.,0.033,0.,0.,0.,0.033,0.,0.033,0.,0.,0.,0.001,0.,0.001,0.001,0.,0.001,0.001,0.,0.001,0.003,0.,0.003,0.,0.,0.,0.048,0.,0.048,0.001,0.,0.001,0.,0.,0.,0.001,0.,0.001,0.001,0.,0.001,0.001,0.,0.001
84,0.023,0.,0.023,0.,0.,0.,0.,0.,0.,0.,0.,0.,0.003,0.,0.003,0.,0.,0.,0.003,0.,0.003,0.,0.,0.,0.001,0.,0.001,0.001,0.,0.001,0.001,0.,0.001,0.003,0.,0.003,0.,0.,0.,0.019,0.,0.019,0.001,0.,0.001,0.,0.,0.,0.001,0.,0.001,0.001,0.,0.001,0.001,0.,0.001
85,0.023,0.,0.023,0.,0.,0.,0.,0.,0.,0.,0.,0.,0.004,0.,0.004,0.,0.,0.,0.004,0.,0.004,0.,0.,0.,0.001,0.,0.001,0.001,0.,0.001,0.001,0.,0.001,0.003,0.,0.003,0.,0.,0.,0.019,0.,0.019,0.001,0.,0.001,0.,0.,0.,0.001,0.,0.001,0.001,0.,0.001,0.001,0.,0.001
86,0.043,0.,0.043,0.,0.,0.,0.,0.,0.,0.,0.,0.,0.004,0.,0.004,0.,0.,0.,0.003,0.,0.003,0.019,0.,0.019,0.001,0.,0.001,0.001,0.,0.001,0.001,0.,0.001,0.003,0.,0.003,0.,0.,0.,0.039,0.,0.039,0.001,0.,0.001,0.,0.,0.,0.001,0.,0.001,0.001,0.,0.001,0.001,0.,0.001
87,0.024,0.,0.024,0.,0.,0.,0.,0.,0.,0.,0.,0.,0.004,0.,0.004,0.,0.,0.,0.004,0.,0.004,0.,0.,0.,0.001,0.,0.001,0.001,0.,0.001,0.001,0.,0.001,0.003,0.,0.003,0.,0.,0.,0.02,0.,0.02,0.002,0.,0.002,0.,0.,0.,0.001,0.,0.001,0.001,0.,0.001,0.001,0.,0.001
88,0.024,0.,0.024,0.,0.,0.,0.,0.,0.,0.,0.,0.,0.004,0.,0.004,0.,0.,0.,0.003,0.,0.003,0.,0.,0.,0.001,0.,0.001,0.001,0.,0.001,0.001,0.,0.001,0.003,0.,0.003,0.,0.,0.,0.02,0.,0.02,0.001,0.,0.001,0.,0.,0.,0.001,0.,0.001,0.001,0.,0.001,0.001,0.,0.001
89,0.024,0.,0.024,0.,0.,0.,0.,0.,0.,0.,0.,0.,0.004,0.,0.004,0.,0.,0.,0.004,0.,0.004,0.,0.,0.,0.001,0.,0.001,0.001,0.,0.001,0.001,0.,0.001,0.003,0.,0.003,0.,0.,0.,0.02,0.,0.02,0.002,0.,0.002,0.,0.,0.,0.001,0.,0.001,0.001,0.,0.001,0.001,0.,0.001
90,0.025,0.,0.025,0.,0.,0.,0.,0.,0.,0.,0.,0.,0.004,0.,0.004,0.,0.,0.,0.004,0.,0.004,0.,0.,0.,0.001,0.,0.001,0.001,0.,0.001,0.001,0.,0.001,0.004,0.,0.004,0.,0.,0.,0.02,0.,0.02,0.001,0.,0.001,0.,0.,0.,0.001,0.,0.001,0.001,0.,0.001,0.001,0.,0.001
91,0.025,0.,0.025,0.,0.,0.,0.,0.,0.,0.,0.,0.,0.004,0.,0.004,0.,0.,0.,0.004,0.,0.004,0.,0.,0.,0.001,0.,0.001,0.001,0.,0.001,0.001,0.,0.001,0.003,0.,0.003,0.,0.,0.,0.021,0.,0.021,0.002,0.,0.002,0.,0.,0.,0.001,0.,0.001,0.001,0.,0.001,0.002,0.,0.002
92,0.026,0.,0.026,0.,0.,0.,0.,0.,0.,0.,0.,0.,0.004,0.,0.004,0.,0.,0.,0.004,0.,0.004,0.,0.,0.,0.002,0.,0.002,0.002,0.,0.002,0.002,0.,0.002,0.003,0.,0.003,0.,0.,0.,0.021,0.,0.021,0.002,0.,0.002,0.,0.,0.,0.001,0.,0.001,0.001,0.,0.001,0.001,0.,0.001
93,0.027,0.,0.027,0.,0.,0.,0.,0.,0.,0.,0.,0.,0.004,0.,0.004,0.,0.,0.,0.004,0.,0.004,0.,0.,0.,0.002,0.,0.002,0.001,0.,0.001,0.002,0.,0.002,0.003,0.,0.003,0.,0.,0.,0.023,0.,0.023,0.003,0.,0.003,0.,0.,0.,0.002,0.,0.002,0.001,0.,0.001,0.002,0.,0.002
94,0.027,0.,0.027,0.,0.,0.,0.,0.,0.,0.,0.,0.,0.004,0.,0.004,0.,0.,0.,0.004,0.,0.004,0.001,0.,0.001,0.002,0.,0.002,0.002,0.,0.002,0.002,0.,0.002,0.004,0.,0.004,0.,0.,0.,0.022,0.,0.022,0.002,0.,0.002,0.,0.,0.,0.002,0.,0.002,0.001,0.,0.001,0.002,0.,0.002
95,0.027,0.,0.027,0.,0.,0.,0.,0.,0.,0.,0.,0.,0.004,0.,0.004,0.,0.,0.,0.004,0.,0.004,0.,0.,0.,0.002,0.,0.002,0.001,0.,0.001,0.002,0.,0.002,0.004,0.,0.004,0.,0.,0.,0.022,0.,0.022,0.002,0.,0.002,0.001,0.,0.001,0.002,0.,0.002,0.001,0.,0.001,0.002,0.,0.002
96,0.028,0.003,0.025,0.,0.,0.,0.,0.,0.,0.,0.,0.,0.004,0.,0.004,0.,0.,0.,0.004,0.,0.004,0.001,0.,0.001,0.002,0.,0.002,0.002,0.,0.002,0.002,0.,0.002,0.004,0.003,0.,0.,0.,0.,0.023,0.,0.023,0.002,0.,0.002,0.,0.,0.,0.002,0.,0.002,0.001,0.,0.001,0.003,0.,0.003
97,0.028,0.004,0.024,0.,0.,0.,0.,0.,0.,0.,0.,0.,0.004,0.,0.004,0.,0.,0.,0.004,0.,0.004,0.001,0.,0.,0.002,0.,0.002,0.002,0.,0.002,0.002,0.001,0.001,0.004,0.,0.004,0.,0.,0.,0.023,0.004,0.019,0.002,0.,0.002,0.,0.,0.,0.002,0.002,0.,0.002,0.,0.002,0.002,0.,0.002
98,0.028,0.,0.028,0.,0.,0.,0.,0.,0.,0.,0.,0.,0.004,0.,0.004,0.,0.,0.,0.004,0.,0.004,0.001,0.,0.001,0.002,0.,0.002,0.002,0.,0.002,0.002,0.,0.002,0.004,0.,0.004,0.,0.,0.,0.023,0.,0.023,0.002,0.,0.002,0.,0.,0.,0.002,0.,0.002,0.002,0.,0.002,0.002,0.,0.002
99,0.029,0.,0.029,0.,0.,0.,0.,0.,0.,0.,0.,0.,0.004,0.,0.004,0.,0.,0.,0.004,0.,0.004,0.001,0.,0.001,0.002,0.,0.002,0.002,0.,0.002,0.002,0.,0.002,0.004,0.,0.004,0.,0.,0.,0.024,0.,0.024,0.002,0.,0.002,0.,0.,0.,0.002,0.,0.002,0.002,0.,0.002,0.002,0.,0.002
100,0.072,0.003,0.068,0.,0.,0.,0.,0.,0.,0.,0.,0.,0.006,0.,0.006,0.,0.,0.,0.006,0.,0.006,0.001,0.,0.001,0.002,0.,0.002,0.043,0.001,0.042,0.002,0.,0.002,0.004,0.,0.004,0.,0.,0.,0.068,0.003,0.064,0.002,0.,0.002,0.001,0.001,0.,0.002,0.,0.002,0.002,0.,0.001,0.002,0.,0.002
110,0.033,0.,0.033,0.,0.,0.,0.,0.,0.,0.,0.,0.,0.005,0.,0.005,0.,0.,0.,0.005,0.,0.005,0.001,0.,0.001,0.002,0.,0.002,0.002,0.,0.002,0.002,0.,0.002,0.005,0.,0.005,0.,0.,0.,0.027,0.,0.027,0.002,0.,0.002,0.001,0.,0.001,0.002,0.,0.002,0.002,0.,0.002,0.002,0.,0.002
120,0.037,0.,0.037,0.,0.,0.,0.,0.,0.,0.,0.,0.,0.005,0.,0.005,0.,0.,0.,0.005,0.,0.005,0.001,0.,0.001,0.003,0.,0.003,0.002,0.,0.002,0.002,0.,0.002,0.006,0.,0.006,0.,0.,0.,0.03,0.,0.03,0.002,0.,0.002,0.001,0.,0.001,0.003,0.,0.003,0.002,0.,0.002,0.003,0.,0.003
130,0.042,0.,0.042,0.,0.,0.,0.,0.,0.,0.,0.,0.,0.006,0.,0.006,0.,0.,0.,0.006,0.,0.006,0.001,0.,0.001,0.003,0.,0.003,0.003,0.,0.003,0.003,0.,0.003,0.006,0.,0.006,0.,0.,0.,0.035,0.,0.035,0.003,0.,0.003,0.001,0.,0.001,0.003,0.,0.003,0.003,0.,0.003,0.003,0.,0.003
140,0.047,0.,0.047,0.,0.,0.,0.,0.,0.,0.,0.,0.,0.006,0.,0.006,0.,0.,0.,0.006,0.,0.006,0.001,0.,0.001,0.003,0.,0.003,0.003,0.,0.003,0.003,0.,0.003,0.007,0.,0.007,0.,0.,0.,0.038,0.,0.038,0.003,0.,0.003,0.001,0.,0.001,0.003,0.,0.003,0.003,0.,0.003,0.004,0.,0.004
150,0.066,0.,0.066,0.,0.,0.,0.016,0.,0.016,0.,0.,0.,0.007,0.,0.007,0.,0.,0.,0.007,0.,0.007,0.001,0.,0.001,0.004,0.,0.004,0.004,0.,0.004,0.004,0.,0.004,0.008,0.,0.008,0.,0.,0.,0.058,0.,0.058,0.004,0.,0.004,0.001,0.,0.001,0.004,0.,0.004,0.004,0.,0.004,0.004,0.,0.004
160,0.056,0.,0.056,0.,0.,0.,0.,0.,0.,0.,0.,0.,0.007,0.,0.007,0.,0.,0.,0.007,0.,0.007,0.001,0.,0.001,0.004,0.,0.004,0.004,0.,0.004,0.004,0.,0.004,0.009,0.,0.009,0.,0.,0.,0.046,0.,0.046,0.005,0.,0.005,0.001,0.,0.001,0.004,0.,0.004,0.004,0.,0.004,0.004,0.,0.004
170,0.063,0.,0.063,0.,0.,0.,0.,0.,0.,0.,0.,0.,0.008,0.,0.008,0.,0.,0.,0.008,0.,0.008,0.001,0.,0.001,0.005,0.,0.005,0.005,0.,0.005,0.005,0.,0.005,0.01,0.,0.01,0.,0.,0.,0.052,0.,0.052,0.005,0.,0.005,0.001,0.,0.001,0.006,0.,0.006,0.005,0.,0.005,0.005,0.,0.005
180,0.068,0.,0.068,0.,0.,0.,0.,0.,0.,0.,0.,0.,0.008,0.,0.008,0.,0.,0.,0.008,0.,0.008,0.002,0.,0.002,0.005,0.,0.005,0.005,0.,0.005,0.005,0.,0.005,0.011,0.,0.011,0.,0.,0.,0.056,0.,0.056,0.005,0.,0.005,0.001,0.,0.001,0.005,0.,0.005,0.006,0.,0.006,0.005,0.,0.005
190,0.076,0.,0.076,0.,0.,0.,0.,0.,0.,0.,0.,0.,0.01,0.,0.01,0.,0.,0.,0.009,0.,0.009,0.001,0.,0.001,0.006,0.,0.006,0.005,0.,0.005,0.007,0.,0.007,0.012,0.,0.012,0.,0.,0.,0.062,0.,0.062,0.006,0.,0.006,0.001,0.,0.001,0.006,0.,0.006,0.006,0.,0.006,0.006,0.,0.006
200,0.078,0.,0.078,0.,0.,0.,0.,0.,0.,0.,0.,0.,0.009,0.,0.009,0.,0.,0.,0.009,0.,0.009,0.002,0.,0.002,0.007,0.,0.007,0.006,0.,0.006,0.007,0.,0.007,0.013,0.,0.013,0.,0.,0.,0.064,0.,0.064,0.006,0.,0.006,0.002,0.,0.002,0.006,0.,0.006,0.006,0.,0.006,0.006,0.,0.006
210,0.087,0.003,0.083,0.,0.,0.,0.002,0.002,0.,0.,0.,0.,0.01,0.,0.01,0.,0.,0.,0.009,0.,0.009,0.002,0.,0.002,0.007,0.001,0.006,0.007,0.,0.007,0.007,0.,0.007,0.014,0.,0.014,0.,0.,0.,0.072,0.003,0.068,0.007,0.,0.007,0.002,0.,0.002,0.007,0.,0.007,0.007,0.,0.007,0.007,0.,0.007
220,0.094,0.,0.094,0.,0.,0.,0.,0.,0.,0.,0.,0.,0.01,0.,0.01,0.,0.,0.,0.01,0.,0.01,0.002,0.,0.002,0.007,0.,0.007,0.008,0.,0.008,0.007,0.,0.007,0.016,0.,0.016,0.,0.,0.,0.077,0.,0.077,0.008,0.,0.008,0.002,0.,0.002,0.008,0.,0.008,0.008,0.,0.008,0.01,0.,0.01
230,0.101,0.,0.101,0.,0.,0.,0.,0.,0.,0.,0.,0.,0.011,0.,0.011,0.,0.,0.,0.011,0.,0.011,0.002,0.,0.002,0.008,0.,0.008,0.009,0.,0.009,0.009,0.,0.009,0.018,0.,0.018,0.,0.,0.,0.082,0.,0.082,0.009,0.,0.009,0.002,0.,0.002,0.008,0.,0.008,0.008,0.,0.008,0.008,0.,0.008
240,0.104,0.,0.104,0.,0.,0.,0.,0.,0.,0.,0.,0.,0.011,0.,0.011,0.,0.,0.,0.011,0.,0.011,0.002,0.,0.002,0.009,0.,0.009,0.008,0.,0.008,0.009,0.,0.009,0.018,0.,0.018,0.,0.,0.,0.084,0.,0.084,0.009,0.,0.009,0.002,0.,0.002,0.009,0.,0.009,0.009,0.,0.009,0.009,0.,0.009
250,0.11,0.,0.11,0.,0.,0.,0.,0.,0.,0.,0.,0.,0.011,0.,0.011,0.,0.,0.,0.011,0.,0.011,0.002,0.,0.002,0.012,0.,0.012,0.009,0.,0.009,0.009,0.,0.009,0.019,0.,0.019,0.,0.,0.,0.09,0.,0.09,0.009,0.,0.009,0.002,0.,0.002,0.01,0.,0.01,0.009,0.,0.009,0.009,0.,0.009
260,0.118,0.,0.118,0.,0.,0.,0.,0.,0.,0.,0.,0.,0.012,0.,0.012,0.,0.,0.,0.012,0.,0.012,0.002,0.,0.002,0.01,0.,0.01,0.01,0.,0.01,0.01,0.,0.01,0.021,0.,0.021,0.,0.,0.,0.096,0.,0.096,0.011,0.,0.011,0.002,0.,0.002,0.011,0.,0.011,0.01,0.,0.01,0.011,0.,0.011
270,0.144,0.,0.144,0.,0.,0.,0.001,0.,0.001,0.,0.,0.,0.013,0.,0.013,0.001,0.,0.001,0.013,0.,0.013,0.002,0.,0.002,0.013,0.,0.013,0.012,0.,0.012,0.013,0.,0.013,0.023,0.,0.023,0.,0.,0.,0.12,0.,0.12,0.014,0.,0.014,0.002,0.,0.002,0.015,0.,0.015,0.014,0.,0.014,0.013,0.,0.013
280,0.15,0.,0.15,0.001,0.,0.001,0.,0.,0.,0.,0.,0.,0.012,0.,0.012,0.001,0.,0.001,0.012,0.,0.012,0.003,0.,0.003,0.015,0.,0.015,0.013,0.,0.013,0.013,0.,0.013,0.026,0.,0.026,0.,0.,0.,0.123,0.,0.123,0.014,0.,0.014,0.002,0.,0.002,0.014,0.,0.014,0.014,0.,0.014,0.014,0.,0.014
290,0.162,0.,0.162,0.001,0.,0.001,0.001,0.,0.001,0.,0.,0.,0.013,0.,0.013,0.001,0.,0.001,0.012,0.,0.012,0.003,0.,0.003,0.016,0.,0.016,0.016,0.,0.016,0.014,0.,0.014,0.027,0.,0.027,0.,0.,0.,0.134,0.,0.134,0.014,0.,0.014,0.002,0.,0.002,0.016,0.,0.016,0.016,0.,0.016,0.014,0.,0.014
300,0.16,0.,0.16,0.001,0.,0.001,0.,0.,0.,0.001,0.,0.001,0.018,0.,0.018,0.001,0.,0.001,0.018,0.,0.018,0.003,0.,0.003,0.013,0.,0.013,0.012,0.,0.012,0.013,0.,0.013,0.035,0.,0.035,0.,0.,0.,0.124,0.,0.124,0.013,0.,0.013,0.002,0.,0.002,0.013,0.,0.013,0.013,0.,0.013,0.013,0.,0.013
310,0.179,0.,0.179,0.001,0.,0.001,0.001,0.,0.001,0.001,0.,0.001,0.013,0.,0.013,0.001,0.,0.001,0.013,0.,0.013,0.003,0.,0.003,0.017,0.,0.017,0.016,0.,0.016,0.019,0.,0.019,0.029,0.,0.029,0.,0.,0.,0.148,0.,0.148,0.016,0.,0.016,0.003,0.,0.003,0.017,0.,0.017,0.016,0.,0.016,0.017,0.,0.017
320,0.191,0.,0.191,0.001,0.,0.001,0.001,0.,0.001,0.001,0.,0.001,0.015,0.,0.015,0.001,0.,0.001,0.014,0.,0.014,0.003,0.,0.003,0.02,0.,0.02,0.017,0.,0.017,0.018,0.,0.017,0.032,0.,0.032,0.,0.,0.,0.158,0.,0.158,0.018,0.,0.018,0.003,0.,0.003,0.02,0.,0.02,0.017,0.,0.017,0.019,0.,0.019
330,0.194,0.,0.194,0.001,0.,0.001,0.001,0.,0.001,0.001,0.,0.001,0.014,0.,0.014,0.001,0.,0.001,0.014,0.,0.014,0.003,0.,0.003,0.018,0.,0.018,0.018,0.,0.018,0.018,0.,0.018,0.033,0.,0.033,0.,0.,0.,0.16,0.,0.16,0.018,0.,0.018,0.006,0.,0.006,0.018,0.,0.018,0.016,0.,0.016,0.02,0.,0.02
340,0.21,0.,0.21,0.001,0.,0.001,0.001,0.,0.001,0.001,0.,0.001,0.017,0.,0.017,0.001,0.,0.001,0.017,0.,0.017,0.003,0.,0.003,0.02,0.,0.02,0.019,0.,0.019,0.019,0.,0.019,0.037,0.,0.037,0.,0.,0.,0.172,0.,0.172,0.021,0.,0.021,0.003,0.,0.003,0.019,0.,0.019,0.02,0.,0.02,0.02,0.,0.02
350,0.208,0.,0.208,0.001,0.,0.001,0.001,0.,0.001,0.001,0.,0.001,0.016,0.,0.016,0.001,0.,0.001,0.016,0.,0.016,0.003,0.,0.003,0.017,0.,0.017,0.017,0.,0.017,0.025,0.,0.025,0.036,0.,0.036,0.,0.,0.,0.172,0.,0.171,0.022,0.,0.022,0.003,0.,0.003,0.018,0.,0.018,0.017,0.,0.017,0.021,0.,0.021
360,0.25,0.,0.25,0.001,0.,0.001,0.001,0.,0.001,0.001,0.,0.001,0.016,0.,0.016,0.001,0.,0.001,0.016,0.,0.016,0.003,0.,0.003,0.025,0.,0.025,0.023,0.,0.023,0.025,0.,0.025,0.04,0.,0.04,0.,0.,0.,0.21,0.,0.21,0.026,0.,0.026,0.003,0.,0.003,0.027,0.,0.027,0.025,0.,0.025,0.025,0.,0.025
370,0.242,0.,0.242,0.001,0.,0.001,0.001,0.,0.001,0.001,0.,0.001,0.016,0.,0.016,0.002,0.,0.002,0.016,0.,0.016,0.009,0.,0.009,0.022,0.,0.022,0.022,0.,0.022,0.024,0.,0.024,0.042,0.,0.042,0.,0.,0.,0.199,0.,0.199,0.021,0.,0.021,0.003,0.,0.003,0.022,0.,0.022,0.027,0.,0.027,0.022,0.,0.022
380,0.247,0.,0.247,0.001,0.,0.001,0.001,0.,0.001,0.001,0.,0.001,0.017,0.,0.017,0.001,0.,0.001,0.016,0.,0.016,0.004,0.,0.004,0.024,0.,0.024,0.023,0.,0.023,0.027,0.,0.027,0.043,0.,0.043,0.,0.,0.,0.202,0.,0.202,0.024,0.,0.024,0.004,0.,0.004,0.023,0.,0.023,0.024,0.,0.024,0.023,0.,0.023
390,0.244,0.,0.244,0.001,0.,0.001,0.001,0.,0.001,0.001,0.,0.001,0.017,0.,0.017,0.002,0.,0.002,0.017,0.,0.017,0.004,0.,0.004,0.025,0.,0.025,0.024,0.,0.024,0.02,0.,0.02,0.047,0.,0.047,0.,0.,0.,0.196,0.,0.196,0.02,0.,0.02,0.007,0.,0.007,0.024,0.,0.024,0.024,0.,0.024,0.02,0.,0.02
400,0.359,0.,0.359,0.001,0.,0.001,0.001,0.,0.001,0.001,0.,0.001,0.077,0.,0.077,0.001,0.,0.001,0.077,0.,0.077,0.004,0.,0.004,0.023,0.,0.023,0.029,0.,0.029,0.059,0.,0.059,0.048,0.,0.048,0.,0.,0.,0.31,0.,0.31,0.026,0.,0.026,0.004,0.,0.004,0.026,0.,0.026,0.026,0.,0.026,0.026,0.,0.026
500,0.362,0.,0.362,0.001,0.,0.001,0.001,0.,0.001,0.001,0.,0.001,0.023,0.,0.023,0.001,0.,0.001,0.022,0.,0.022,0.005,0.,0.005,0.034,0.,0.034,0.034,0.,0.034,0.033,0.,0.033,0.072,0.,0.072,0.,0.,0.,0.289,0.,0.289,0.033,0.,0.033,0.005,0.,0.005,0.035,0.,0.035,0.038,0.,0.038,0.036,0.,0.036
600,0.503,0.,0.503,0.001,0.,0.001,0.002,0.,0.002,0.002,0.,0.002,0.032,0.,0.032,0.002,0.,0.002,0.031,0.,0.031,0.006,0.,0.006,0.048,0.,0.048,0.055,0.,0.055,0.048,0.,0.048,0.104,0.,0.104,0.,0.,0.,0.397,0.,0.397,0.05,0.,0.05,0.006,0.,0.006,0.049,0.,0.049,0.044,0.,0.044,0.046,0.,0.046
700,0.668,0.003,0.664,0.002,0.,0.002,0.002,0.,0.002,0.002,0.,0.002,0.035,0.,0.035,0.002,0.,0.002,0.035,0.,0.035,0.007,0.,0.007,0.072,0.,0.072,0.066,0.,0.066,0.059,0.,0.059,0.142,0.,0.142,0.,0.,0.,0.524,0.003,0.52,0.063,0.,0.063,0.012,0.003,0.008,0.066,0.,0.066,0.066,0.,0.066,0.062,0.,0.062
800,0.866,0.,0.866,0.003,0.,0.003,0.002,0.,0.002,0.002,0.,0.002,0.04,0.,0.04,0.002,0.,0.002,0.039,0.,0.039,0.014,0.,0.014,0.085,0.,0.085,0.082,0.,0.082,0.084,0.,0.084,0.183,0.,0.183,0.,0.,0.,0.682,0.,0.682,0.087,0.,0.087,0.007,0.,0.007,0.092,0.,0.092,0.088,0.,0.088,0.087,0.,0.087
900,1.068,0.003,1.064,0.006,0.,0.006,0.003,0.,0.003,0.003,0.,0.003,0.044,0.,0.044,0.003,0.,0.003,0.044,0.,0.044,0.009,0.,0.009,0.105,0.,0.105,0.11,0.003,0.106,0.11,0.,0.11,0.222,0.,0.222,0.,0.,0.,0.845,0.003,0.841,0.11,0.,0.11,0.009,0.,0.009,0.109,0.,0.109,0.106,0.,0.106,0.11,0.,0.11
1000,1.323,0.,1.323,0.004,0.,0.004,0.003,0.,0.003,0.003,0.,0.003,0.055,0.,0.055,0.003,0.,0.003,0.054,0.,0.054,0.011,0.,0.011,0.133,0.,0.133,0.122,0.,0.122,0.144,0.,0.144,0.281,0.,0.281,0.,0.,0.,1.041,0.,1.04,0.131,0.,0.131,0.014,0.,0.014,0.145,0.,0.145,0.131,0.,0.13,0.136,0.,0.136
1100,1.502,0.003,1.498,0.003,0.,0.003,0.008,0.,0.008,0.003,0.,0.003,0.056,0.003,0.052,0.004,0.,0.004,0.055,0.003,0.051,0.016,0.,0.016,0.151,0.,0.151,0.155,0.,0.155,0.144,0.,0.144,0.344,0.,0.344,0.,0.,0.,1.156,0.003,1.152,0.166,0.,0.166,0.012,0.,0.012,0.147,0.,0.147,0.141,0.,0.141,0.143,0.,0.143
1200,1.915,0.003,1.911,0.004,0.,0.004,0.006,0.,0.006,0.003,0.,0.003,0.062,0.,0.062,0.004,0.,0.004,0.061,0.,0.061,0.017,0.,0.017,0.204,0.,0.204,0.208,0.,0.208,0.203,0.,0.203,0.394,0.003,0.39,0.,0.,0.,1.519,0.,1.519,0.194,0.,0.194,0.012,0.,0.012,0.212,0.,0.212,0.184,0.,0.184,0.198,0.,0.198
1300,2.179,0.,2.179,0.004,0.,0.004,0.004,0.,0.004,0.004,0.,0.004,0.067,0.,0.067,0.004,0.,0.004,0.066,0.,0.066,0.018,0.,0.018,0.218,0.,0.218,0.22,0.,0.22,0.277,0.,0.277,0.475,0.,0.475,0.,0.,0.,1.702,0.,1.702,0.197,0.,0.197,0.013,0.,0.013,0.22,0.,0.22,0.219,0.,0.219,0.229,0.,0.229
1400,2.536,0.,2.536,0.004,0.,0.004,0.005,0.,0.005,0.004,0.,0.004,0.07,0.,0.07,0.005,0.,0.005,0.069,0.,0.069,0.016,0.,0.016,0.28,0.,0.28,0.248,0.,0.248,0.273,0.,0.273,0.568,0.,0.568,0.,0.,0.,1.967,0.,1.966,0.248,0.,0.248,0.018,0.,0.018,0.284,0.,0.284,0.24,0.,0.24,0.263,0.,0.263
1500,2.737,0.,2.737,0.005,0.,0.005,0.005,0.,0.005,0.011,0.,0.011,0.076,0.,0.076,0.005,0.,0.005,0.075,0.,0.075,0.02,0.,0.02,0.278,0.,0.278,0.282,0.,0.282,0.29,0.,0.29,0.611,0.,0.611,0.,0.,0.,2.124,0.,2.124,0.286,0.,0.286,0.015,0.,0.015,0.27,0.,0.27,0.305,0.,0.305,0.269,0.,0.269
1600,3.179,0.,3.177,0.005,0.,0.005,0.006,0.,0.006,0.005,0.,0.005,0.081,0.,0.081,0.006,0.,0.006,0.08,0.,0.08,0.021,0.,0.021,0.327,0.,0.325,0.322,0.,0.322,0.278,0.,0.278,0.745,0.,0.745,0.,0.,0.,2.432,0.,2.43,0.33,0.,0.33,0.018,0.,0.018,0.368,0.,0.368,0.327,0.,0.327,0.331,0.,0.331
1700,3.567,0.003,3.563,0.005,0.,0.005,0.007,0.,0.007,0.006,0.,0.006,0.087,0.,0.087,0.006,0.,0.006,0.086,0.,0.086,0.018,0.,0.018,0.381,0.,0.381,0.354,0.,0.354,0.36,0.,0.36,0.845,0.,0.845,0.,0.,0.,2.72,0.003,2.716,0.335,0.,0.335,0.018,0.,0.018,0.369,0.003,0.365,0.368,0.,0.368,0.4,0.,0.4
1800,4.002,0.003,3.99,0.006,0.,0.006,0.007,0.,0.007,0.006,0.,0.006,0.099,0.,0.099,0.007,0.,0.007,0.098,0.,0.098,0.025,0.,0.025,0.42,0.,0.42,0.404,0.,0.404,0.413,0.,0.413,0.935,0.003,0.931,0.,0.,0.,3.057,0.,3.057,0.402,0.,0.402,0.019,0.,0.019,0.385,0.,0.385,0.412,0.,0.412,0.445,0.,0.445
1900,4.451,0.,4.45,0.007,0.,0.007,0.007,0.,0.007,0.007,0.,0.007,0.1,0.,0.1,0.007,0.,0.007,0.099,0.,0.099,0.024,0.,0.024,0.438,0.,0.438,0.482,0.,0.482,0.45,0.,0.45,1.021,0.,1.021,0.,0.,0.,3.428,0.,3.428,0.462,0.,0.462,0.025,0.,0.025,0.446,0.,0.446,0.477,0.,0.477,0.491,0.,0.491
2000,4.905,0.,4.905,0.012,0.,0.012,0.009,0.,0.009,0.007,0.,0.007,0.107,0.,0.107,0.007,0.,0.007,0.106,0.,0.106,0.021,0.,0.021,0.473,0.,0.473,0.539,0.,0.539,0.479,0.,0.479,1.12,0.,1.12,0.001,0.,0.001,3.783,0.,3.782,0.553,0.,0.553,0.03,0.,0.03,0.469,0.,0.469,0.528,0.,0.528,0.541,0.,0.541
2500,7.96,0.,7.959,0.009,0.,0.009,0.01,0.,0.01,0.01,0.,0.01,0.126,0.,0.126,0.009,0.,0.009,0.125,0.,0.125,0.029,0.,0.029,0.875,0.,0.875,0.877,0.,0.877,0.9,0.,0.9,1.746,0.,1.746,0.001,0.,0.001,6.212,0.,6.211,0.801,0.,0.801,0.028,0.,0.028,0.84,0.,0.84,0.866,0.,0.866,0.823,0.,0.823
3000,11.582,0.007,11.574,0.01,0.002,0.008,0.011,0.,0.011,0.012,0.,0.012,0.153,0.001,0.151,0.012,0.,0.012,0.151,0.,0.151,0.033,0.,0.033,1.239,0.,1.239,1.309,0.,1.309,1.176,0.,1.176,2.52,0.,2.519,0.001,0.001,0.,9.06,0.007,9.052,1.245,0.,1.245,0.034,0.003,0.03,1.266,0.,1.266,1.263,0.,1.263,1.29,0.,1.29