param-0-n,param-1-lgn,try-ssr-rewrite!-cold-noop-regression-linear-real,try-ssr-rewrite!-cold-noop-regression-linear-sys,try-ssr-rewrite!-cold-noop-regression-linear-user,try-ssr-rewrite!-evar-noop-regression-linear-real,try-ssr-rewrite!-evar-noop-regression-linear-sys,try-ssr-rewrite!-evar-noop-regression-linear-user,try-ssr-rewrite!-noop-regression-linear-real,try-ssr-rewrite!-noop-regression-linear-sys,try-ssr-rewrite!-noop-regression-linear-user,try-ssr-rewrite-evar-noop-regression-linear-real,try-ssr-rewrite-evar-noop-regression-linear-sys,try-ssr-rewrite-evar-noop-regression-linear-user,try-ssr-rewrite-noop-regression-linear-real,try-ssr-rewrite-noop-regression-linear-sys,try-ssr-rewrite-noop-regression-linear-user,try-ssr-rewrite?-evar-noop-regression-linear-real,try-ssr-rewrite?-evar-noop-regression-linear-sys,try-ssr-rewrite?-evar-noop-regression-linear-user,try-ssr-rewrite?-noop-regression-linear-real,try-ssr-rewrite?-noop-regression-linear-sys,try-ssr-rewrite?-noop-regression-linear-user
3,1,0.,0.,0.,0.,0.,0.,0.,0.,0.,0.,0.,0.,0.,0.,0.,0.,0.,0.,0.,0.,0.
7,2,0.,0.,0.,0.,0.,0.,0.,0.,0.,0.,0.,0.,0.,0.,0.,0.,0.,0.,0.,0.,0.
15,3,0.,0.,0.,0.,0.,0.,0.,0.,0.,0.,0.,0.,0.,0.,0.,0.,0.,0.,0.,0.,0.
31,4,0.,0.,0.,0.,0.,0.,0.,0.,0.,0.,0.,0.,0.,0.,0.,0.,0.,0.,0.,0.,0.
63,5,0.,0.,0.,0.,0.,0.,0.,0.,0.,0.,0.,0.,0.,0.,0.,0.,0.,0.,0.,0.,0.
127,6,0.,0.,0.,0.,0.,0.,0.,0.,0.,0.,0.,0.,0.,0.,0.,0.,0.,0.,0.,0.,0.
255,7,0.,0.,0.,0.,0.,0.,0.,0.,0.,0.,0.,0.,0.,0.,0.,0.,0.,0.,0.,0.,0.
511,8,0.,0.,0.,0.,0.,0.,0.,0.,0.,0.,0.,0.,0.,0.,0.,0.,0.,0.,0.,0.,0.
1023,9,0.,0.,0.,0.,0.,0.,0.,0.,0.,0.,0.,0.,0.,0.,0.,0.,0.,0.,0.,0.,0.
2047,10,0.,0.,0.,0.,0.,0.,0.,0.,0.,0.,0.,0.,0.,0.,0.,0.,0.,0.,0.,0.,0.
4095,11,0.001,0.,0.001,0.001,0.,0.001,0.001,0.,0.001,0.001,0.,0.001,0.001,0.,0.001,0.001,0.,0.001,0.001,0.,0.001
8191,12,0.002,0.,0.002,0.002,0.,0.002,0.002,0.,0.002,0.002,0.,0.002,0.002,0.,0.002,0.002,0.,0.002,0.002,0.,0.002
16383,13,0.004,0.,0.004,0.004,0.,0.004,0.004,0.,0.004,0.004,0.,0.004,0.004,0.,0.004,0.006,0.,0.006,0.004,0.,0.004
32767,14,0.009,0.,0.009,0.009,0.,0.009,0.013,0.,0.013,0.009,0.,0.009,0.009,0.,0.009,0.009,0.,0.009,0.015,0.,0.015
65535,15,0.051,0.,0.051,0.018,0.,0.018,0.027,0.,0.027,0.019,0.,0.019,0.018,0.,0.018,0.018,0.,0.018,0.034,0.,0.034
131071,16,0.05,0.,0.05,0.072,0.,0.072,0.062,0.,0.062,0.039,0.,0.039,0.037,0.,0.037,0.05,0.,0.05,0.106,0.,0.106
262143,17,0.124,0.,0.124,0.078,0.,0.078,0.174,0.,0.174,0.079,0.,0.079,0.078,0.,0.078,0.078,0.,0.078,0.078,0.,0.078
524287,18,0.281,0.,0.28,0.166,0.,0.165,0.155,0.,0.155,0.164,0.,0.164,0.161,0.,0.161,0.16,0.,0.16,0.166,0.,0.166
1048575,19,0.426,0.004,0.422,0.324,0.,0.324,0.324,0.,0.324,0.323,0.,0.323,0.324,0.,0.324,0.32,0.,0.32,0.321,0.,0.321
2097151,20,0.771,0.007,0.763,0.64,0.,0.64,0.64,0.,0.64,0.643,0.,0.643,0.628,0.,0.628,0.641,0.,0.641,0.656,0.,0.655
4194303,21,1.373,0.,1.373,1.295,0.,1.295,1.269,0.,1.269,1.274,0.,1.274,1.292,0.,1.292,1.262,0.,1.262,1.268,0.,1.268
8388607,22,2.72,0.,2.72,2.604,0.,2.604,2.628,0.,2.628,2.619,0.,2.619,2.614,0.,2.613,2.585,0.,2.585,2.604,0.,2.604